8.896002004138853891e+00
8.909180132880816672e+00
9.127718812407358939e+00
9.565639439422545465e+00
9.982742922038541522e+00
1.023445014140997600e+01
1.040495561642528877e+01
1.059492239323394713e+01
1.071445149320347312e+01
1.074385012921754878e+01
1.078943620317191865e+01
1.080641730507655041e+01
1.083550178243807416e+01
1.084018109289476683e+01
1.084362030340708571e+01
1.084421555138037263e+01
1.085233407234938419e+01
1.085145773505539424e+01
1.085732754145866608e+01
1.085104436840728326e+01
1.085674882815128584e+01
1.085711259080163771e+01
1.086149427727168515e+01
1.086041952398657706e+01
1.085946051336293650e+01
8.969829287492576242e+00
8.985206526802517857e+00
9.362924435185945526e+00
9.546756850936542804e+00
9.719114208535426513e+00
1.002988325458980512e+01
1.038795797985471125e+01
1.049793004291976928e+01
1.065274411997258497e+01
1.069581692470635303e+01
1.075709439662321820e+01
1.078059015690220690e+01
1.081881830452008586e+01
1.082657306283874554e+01
1.083366643452044542e+01
1.083508841578996140e+01
1.084429822470998950e+01
1.084403367005519847e+01
1.084486040335145773e+01
1.084591862197062362e+01
1.085178842837389368e+01
1.085238367634718060e+01
1.085216872569015223e+01
1.085636853083502551e+01
1.085529377754991742e+01
9.032611414008572481e+00
9.213136896574264156e+00
9.368083250954423846e+00
9.538770607294910775e+00
9.698478945461413758e+00
1.000064996523499516e+01
1.026508887736842723e+01
1.039963145399754474e+01
1.057911525260994701e+01
1.063715193000557946e+01
1.071990793295863043e+01
1.074967033162305619e+01
1.079158570974213482e+01
1.080319304522126167e+01
1.082316692165824534e+01
1.082582900287213512e+01
1.083007841201477106e+01
1.083171534394131541e+01
1.083935435959854132e+01
1.084064406354064225e+01
1.084674535526685091e+01
1.084677842459870334e+01
1.084618317662541465e+01
1.084575327531139166e+01
1.085063100175916873e+01
9.175289046272645521e+00
9.265088816909598179e+00
9.411172590354169643e+00
9.542391699132439342e+00
9.831268847502553143e+00
9.960140033719522279e+00
1.016049058072887590e+01
1.031105524863902190e+01
1.051904481130560143e+01
1.058822585353444978e+01
1.068053889339197049e+01
1.071582387047522467e+01
1.076890014809346496e+01
1.078474035804931752e+01
1.081088166487621649e+01
1.081599087664696413e+01
1.082186068305020044e+01
1.082366296163601049e+01
1.083325306787233266e+01
1.083421207849593770e+01
1.083484039580107883e+01
1.084041257821770543e+01
1.083988346890812338e+01
1.083923861693703650e+01
1.083885831962077617e+01
9.436933599864808286e+00
9.359286808682508507e+00
9.592127974233886079e+00
9.714534106074294684e+00
9.827515478337646826e+00
9.944762794409545137e+00
1.017561980004997046e+01
1.030224227170116258e+01
1.046092546058035389e+01
1.053939898505888095e+01
1.064517124297906570e+01
1.068318443993991451e+01
1.074413121853828379e+01
1.076430351096638738e+01
1.078675758729212042e+01
1.079284234435238332e+01
1.081073285288289298e+01
1.081298156744867001e+01
1.081671840194763234e+01
1.082695336015500587e+01
1.082721791480979689e+01
1.082721791480979689e+01
1.083355069185897790e+01
1.083288930522198257e+01
1.083254207723754092e+01
9.553784083954537820e+00
9.460710449464496463e+00
9.634803946985485368e+00
9.739815610273113933e+00
9.830971223515909685e+00
9.939637047972919248e+00
1.014084739761035436e+01
1.025040609402729785e+01
1.040958532288421878e+01
1.049250667249646440e+01
1.061101062317868049e+01
1.065269451597478678e+01
1.071622070245742897e+01
1.074196517730215916e+01
1.077002450537633571e+01
1.077764698636761764e+01
1.079745551614536936e+01
1.080082858799401713e+01
1.080623542375137625e+01
1.081814038321714655e+01
1.081908285917487689e+01
1.081987652313924997e+01
1.082000880046666325e+01
1.082675494416392148e+01
1.082625890418619363e+01
9.648560789034826612e+00
9.670320409391678140e+00
9.678653881017716287e+00
9.769726820930863198e+00
9.946713884988676924e+00
1.003127216652750064e+01
1.012122074915774128e+01
1.021474081962774783e+01
1.041423156400902350e+01
1.048759587671683491e+01
1.057701535003752724e+01
1.062334548395847378e+01
1.069360127947246397e+01
1.071784109971802934e+01
1.075216706617767848e+01
1.076165796441844336e+01
1.077391015186861978e+01
1.079137075908510646e+01
1.079487610826113198e+01
1.079775314013201459e+01
1.080168839062209685e+01
1.081190681416356014e+01
1.081266740879608079e+01
1.082005840446442591e+01
1.081994266180295661e+01
9.728489364114722093e+00
9.739501451620560246e+00
9.724802133613522415e+00
9.902632465633471881e+00
9.957841715155982598e+00
1.003401692107097176e+01
1.011141569226442449e+01
1.019238595129757385e+01
1.037821906162506735e+01
1.045707288341988850e+01
1.054515304880068172e+01
1.059399645194216077e+01
1.066908036990616537e+01
1.069664365800261407e+01
1.073378051766944097e+01
1.075319221546502391e+01
1.075977301250301821e+01
1.076513024426261467e+01
1.078287194079980083e+01
1.078948580716968131e+01
1.079146996708063178e+01
1.080312690655755503e+01
1.080435047183598485e+01
1.080590473043287858e+01
1.080664879039948900e+01
9.799356942267911208e+00
9.803358331421664573e+00
9.870075708427776817e+00
9.926938424542742112e+00
9.972028458519348604e+00
1.004092841142749570e+01
1.017371831346863686e+01
1.024066717579765218e+01
1.034311596586698734e+01
1.042780652473319059e+01
1.054060601567136857e+01
1.058268674044967739e+01
1.064398074703248831e+01
1.067460294832499379e+01
1.071043356938377578e+01
1.073760002549801840e+01
1.074504062516412617e+01
1.075155528353848133e+01
1.076255083637837551e+01
1.077815956101128947e+01
1.078054055290444424e+01
1.078560016067739724e+01
1.078768352858390678e+01
1.079781927879572123e+01
1.079879482408527025e+01
9.912619403851962829e+00
9.921630796780942063e+00
9.907047221435373530e+00
9.953195474031144130e+00
9.988463916448489854e+00
1.011817837062762848e+01
1.017204831221024008e+01
1.023188726819164707e+01
1.031561881643424528e+01
1.039781264074582623e+01
1.051844956333231451e+01
1.056018306012621721e+01
1.061987320411430247e+01
1.067685166289077081e+01
1.069368395280208084e+01
1.070583693225673372e+01
1.072979566318159605e+01
1.074401547587681449e+01
1.074986874761414057e+01
1.076637034420698846e+01
1.076937965340528436e+01
1.077584470778180759e+01
1.077860599699125643e+01
1.078935352984230356e+01
1.079080858044367197e+01
9.959263696425498580e+00
9.964538254855479948e+00
9.944498239754754110e+00
9.980857970123151901e+00
1.007532051655085326e+01
1.012649530758772265e+01
1.017365217480493023e+01
1.022795201770156481e+01
1.034868814828361216e+01
1.041737315053473267e+01
1.049754974560350895e+01
1.054014304502549138e+01
1.061398686304512395e+01
1.066116026492823998e+01
1.068025780407123548e+01
1.069293989283547042e+01
1.071142564933926877e+01
1.073113497112149517e+01
1.073728586684546471e+01
1.074702478507511039e+01
1.075135686754736142e+01
1.076574202690184734e+01
1.076886707876161076e+01
1.077344718122274436e+01
1.077562975712481474e+01
1.000142709453342427e+01
1.000456868105913344e+01
1.003851435020248850e+01
1.006984754212978750e+01
1.009053240920156469e+01
1.013699482044988898e+01
1.022983696961698996e+01
1.027615056887202627e+01
1.033446833558835998e+01
1.039713471944292067e+01
1.047704675985690770e+01
1.056049721877877090e+01
1.059685694914713494e+01
1.062885152771139374e+01
1.066742690331367882e+01
1.069045969294675658e+01
1.069879316457279472e+01
1.071903159566460673e+01
1.072534783804784198e+01
1.073604576690112644e+01
1.074102270134442882e+01
1.075530865270335212e+01
1.075884707121126560e+01
1.076513024426261467e+01
1.076805688013129370e+01
1.004011821279717864e+01
1.004167247139410790e+01
1.006738387690698211e+01
1.009339290640650333e+01
1.010729856044916808e+01
1.014899898791121835e+01
1.023497925071955805e+01
1.027778750079857062e+01
1.032596951730308810e+01
1.038222045077885447e+01
1.048420627020227869e+01
1.052638620297614835e+01
1.057972703524917968e+01
1.061187042580676021e+01
1.065424877457171604e+01
1.067670285089744908e+01
1.068503632252348723e+01
1.070095920580895665e+01
1.070790376549729928e+01
1.072514942205675759e+01
1.073015942583191240e+01
1.073993141339341051e+01
1.074472646651157248e+01
1.075717706995286882e+01
1.076096350844959382e+01
1.010873707638462626e+01
1.011411084281013295e+01
1.009651795826626852e+01
1.011771539998171754e+01
1.017790158394756617e+01
1.021373220500634638e+01
1.024205608773531395e+01
1.028211958327082165e+01
1.036869509405245005e+01
1.042616959280664624e+01
1.047033368549146815e+01
1.051119084499138268e+01
1.056319236932447936e+01
1.062352736528364971e+01
1.064254223109702835e+01
1.066347511815768812e+01
1.067213928310222393e+01
1.068875662235654111e+01
1.069609801402708804e+01
1.071374050256871513e+01
1.071952763564236832e+01
1.073078774313705352e+01
1.073604576690112644e+01
1.074909161831567772e+01
1.075339063145611007e+01
1.013914432702010515e+01
1.014352601349015259e+01
1.012505679165229822e+01
1.014240165620728185e+01
1.019458506186555269e+01
1.022674498708907898e+01
1.025080292600950216e+01
1.028835315232444181e+01
1.036823212340657463e+01
1.041459532665937360e+01
1.046105773790773341e+01
1.053713373582719548e+01
1.057164158361202233e+01
1.061129171249937997e+01
1.063283638219923688e+01
1.065176857468300042e+01
1.065919263968319797e+01
1.067719889087517693e+01
1.068511899585310232e+01
1.069988445252384679e+01
1.070672980421666587e+01
1.072175981554220137e+01
1.072723278996326712e+01
1.073596309357147582e+01
1.074037784937337747e+01
1.016746820974910648e+01
1.017173415355765087e+01
1.019184030732208335e+01
1.020863952790154094e+01
1.021204566908204114e+01
1.024071677979541484e+01
1.030407761961882507e+01
1.033174011571079909e+01
1.036975331267164790e+01
1.041264423608027556e+01
1.048703369807540042e+01
1.052638620297614835e+01
1.056076177343356193e+01
1.060029615965948757e+01
1.062365964261106299e+01
1.064404688569619495e+01
1.065109065338009664e+01
1.066732769531815350e+01
1.067521473096422646e+01
1.069169979289113037e+01
1.069882623390464893e+01
1.071296337327025228e+01
1.071825446636614210e+01
1.072767922594323409e+01
1.073242467506359787e+01
1.019448585387002915e+01
1.019866912434895845e+01
1.021563369158767998e+01
1.023006845493992856e+01
1.022985350428290019e+01
1.025506886981804655e+01
1.031346930986402910e+01
1.034475289779352991e+01
1.037329173117952763e+01
1.045232743429948918e+01
1.048418973553637024e+01
1.051873065265301399e+01
1.055103938986986023e+01
1.060674467937010235e+01
1.062481706922578617e+01
1.063799519796774895e+01
1.064441064834654505e+01
1.066125947292376530e+01
1.067050235117568135e+01
1.068482137186645886e+01
1.069209662487329915e+01
1.070474564430568165e+01
1.071026822272454382e+01
1.072073466625485594e+01
1.072516595672266604e+01
1.024754559682232369e+01
1.025389490853741314e+01
1.023898063987334695e+01
1.025148084731240594e+01
1.028623671508607984e+01
1.030902148473027502e+01
1.032348931741437426e+01
1.035237537878481362e+01
1.041649681324070897e+01
1.045199674098102705e+01
1.048321419024682122e+01
1.051001688371071552e+01
1.056339078531559750e+01
1.059872536639664986e+01
1.061846775751069671e+01
1.063308440218811945e+01
1.063954945656467643e+01
1.065634867714413403e+01
1.066595531804640018e+01
1.067886889213357371e+01
1.068624335313597484e+01
1.069902464989576885e+01
1.070479524830347806e+01
1.071506327584270579e+01
1.071909773432831159e+01
1.027023115847099533e+01
1.027659700485199323e+01
1.026178194418348610e+01
1.027279403168932426e+01
1.030313514366109473e+01
1.032289406944108556e+01
1.033400536494248456e+01
1.038929728779461037e+01
1.042005176641453090e+01
1.045232743429948918e+01
1.048298270492384887e+01
1.053179303873350747e+01
1.055608246297686925e+01
1.058987932012693811e+01
1.061153973248826254e+01
1.063394420481619917e+01
1.064191391379188723e+01
1.065281025863625608e+01
1.066233422620887339e+01
1.067721542554108538e+01
1.068305216261250301e+01
1.069330365548582051e+01
1.069910732322538394e+01
1.071023515339269139e+01
1.071574119714560958e+01
1.029129632285903106e+01
1.029810860521999594e+01
1.031469287514245892e+01
1.032577110131200371e+01
1.032057921621163743e+01
1.033810596209179700e+01
1.038098035083451620e+01
1.039652293680368800e+01
1.042496256219416040e+01
1.048549597414441514e+01
1.050978539838777692e+01
1.053028838413437818e+01
1.055323850043783906e+01
1.059907259438105598e+01
1.061846775751069671e+01
1.063286945153109109e+01
1.064097143783419241e+01
1.065062768273422122e+01
1.066621987270119121e+01
1.067409037368132196e+01
1.068053889339197049e+01
1.068902117701133214e+01
1.070062851249045899e+01
1.070707703220107199e+01
1.071291376927248962e+01
1.031135287262566536e+01
1.031799980832740005e+01
1.033445180092244975e+01
1.034496784845055828e+01
1.033904843804952733e+01
1.037253113654700698e+01
1.039300105296175403e+01
1.040525324041193223e+01
1.043160949789589509e+01
1.048916666997970637e+01
1.051381985687338272e+01
1.053189224672906832e+01
1.055383374841112776e+01
1.059670813715381144e+01
1.061577260696498826e+01
1.063268757020591515e+01
1.064126906182083587e+01
1.065833283705512002e+01
1.066620333803524900e+01
1.067271799640956864e+01
1.067895156546318880e+01
1.069067464360378494e+01
1.069664365800261407e+01
1.070471257497382744e+01
1.071063198537489392e+01
1.035404538004320862e+01
1.036216390101222018e+01
1.035335092407436086e+01
1.036361895161358859e+01
1.038828867317320892e+01
1.038741233587922075e+01
1.040612957770595592e+01
1.044966535308563493e+01
1.047430200531340283e+01
1.049416013908895273e+01
1.051882986064857306e+01
1.056066256543800286e+01
1.058005772856767734e+01
1.059637744383531555e+01
1.061446636835694335e+01
1.064356738038437555e+01
1.065335590261178211e+01
1.065953986766760586e+01
1.066755918064109210e+01
1.067281720440512771e+01
1.068424265855908040e+01
1.069011246496235046e+01
1.069623029135446579e+01
1.070276148439473118e+01
1.071455070119903219e+01
1.037071232329528847e+01
1.037911193358499951e+01
1.037145638326189889e+01
1.039262075564549548e+01
1.040500522042304965e+01
1.040313680317357026e+01
1.041998562775082426e+01
1.046003258862042173e+01
1.048288349692832355e+01
1.050019529215145297e+01
1.052446818172890630e+01
1.056511039057175694e+01
1.058374495906887702e+01
1.059788209843448037e+01
1.061471438834579040e+01
1.064340203372510807e+01
1.065547233985014586e+01
1.066228462221111073e+01
1.067065116316900308e+01
1.068230810264589259e+01
1.068730157175513895e+01
1.069062503960602228e+01
1.069697435132107621e+01
1.070959030142164004e+01
1.071473258252420813e+01
1.038713124655848574e+01
1.039506788620232136e+01
1.041532285196007557e+01
1.040980027354121162e+01
1.042158949034551441e+01
1.044903703578049203e+01
1.046514180039113739e+01
1.047125962678325273e+01
1.049230825650538002e+01
1.053673690384499295e+01
1.055715721626197734e+01
1.057036841433579433e+01
1.058842426952556970e+01
1.061950944146395059e+01
1.063290252086294352e+01
1.064409648969395761e+01
1.065710927177668843e+01
1.067776106951661319e+01
1.068083651737861395e+01
1.068582998648786031e+01
1.069092266359266574e+01
1.069269187284658784e+01
1.070558891226785114e+01
1.071245079862657867e+01
1.071641911844851336e+01
1.042577276082447746e+01
1.042051473706040632e+01
1.043117959658183658e+01
1.044177831743956197e+01
1.043756197762877846e+01
1.046340566046903398e+01
1.047831992913310017e+01
1.048303230892164528e+01
1.050234479872166915e+01
1.054371453286522353e+01
1.056347345864521259e+01
1.057600673541612579e+01
1.059364922395775466e+01
1.062420528658655350e+01
1.063677163268931913e+01
1.064606411493899785e+01
1.065853125304620441e+01
1.068121681469487427e+01
1.068907078100909480e+01
1.069021167295790953e+01
1.070084346314745183e+01
1.070687861620998760e+01
1.070935881609866769e+01
1.071608842513001569e+01
1.073049011915041007e+01
9.464662882190314264e+00
9.780394122667157575e+00
1.005884471983839745e+01
1.037712071412452453e+01
1.065039091961262585e+01
1.080765670502460551e+01
1.092317035115183721e+01
1.106545844271503043e+01
1.116930257494554901e+01
1.119347773613350583e+01
1.123317589555785645e+01
1.124844441841340981e+01
1.127587322911456980e+01
1.127965400620262670e+01
1.128181704694049614e+01
1.128230782088942519e+01
1.129041467945318544e+01
1.128970578374915235e+01
1.129501341312274931e+01
1.128959672287163940e+01
1.129419545654120327e+01
1.129457716961261760e+01
1.129808529450677490e+01
1.129648573496953290e+01
1.129526788850366614e+01
9.466389679418014680e+00
9.716229973048083224e+00
1.014938342500911084e+01
1.029761533439823040e+01
1.041218378625345942e+01
1.064137522040271122e+01
1.089625049121251266e+01
1.098117256118991847e+01
1.111279086356719681e+01
1.114894454447154004e+01
1.120269338028557904e+01
1.122377848327652750e+01
1.125964133517410204e+01
1.126647581683323907e+01
1.127227422015576508e+01
1.127301946948561095e+01
1.128188975419216078e+01
1.128199881506971280e+01
1.128419820943343410e+01
1.128545240952511364e+01
1.129019655769808139e+01
1.129034197220148350e+01
1.128845158365747459e+01
1.129219600711964233e+01
1.129092363021501910e+01
9.546967491106771675e+00
9.892163345332221525e+00
1.007909368943493078e+01
1.023685024879580041e+01
1.036057981436434616e+01
1.057030388187279790e+01
1.078942536166257682e+01
1.089515988243710609e+01
1.104308278600651505e+01
1.109228741858974487e+01
1.116748489365324204e+01
1.119442293040550851e+01
1.123255788391847076e+01
1.124282778322010046e+01
1.126174984547321678e+01
1.126384017895938605e+01
1.126720288935017855e+01
1.126927504602344143e+01
1.127872698874352864e+01
1.128027201784201239e+01
1.128574323853191785e+01
1.128405279493003022e+01
1.128245323539278999e+01
1.128125356573986693e+01
1.128587047622237804e+01
9.814202994704412930e+00
9.936296647109866598e+00
1.007402235862934425e+01
1.020311408401024522e+01
1.042907004545916294e+01
1.052326229002743574e+01
1.069290648504012253e+01
1.081518190557483017e+01
1.098755262252597831e+01
1.104635461233269922e+01
1.113044054891565082e+01
1.116199549615042841e+01
1.121029128808750741e+01
1.122514174424579636e+01
1.124998944751185803e+01
1.125377022459991494e+01
1.125855072639873455e+01
1.126069559032366030e+01
1.127216515927825213e+01
1.127369201156379219e+01
1.127169256214222948e+01
1.127745461183890541e+01
1.127578234504996146e+01
1.127381924925424883e+01
1.127358295068624017e+01
1.005766322699841986e+01
1.000805870453086754e+01
1.021011215698569075e+01
1.030623114372382609e+01
1.040627632205342046e+01
1.049623336921056094e+01
1.068234575673172415e+01
1.079178834734260839e+01
1.093322212869840371e+01
1.100067628145656862e+01
1.109397786219163251e+01
1.112907728794641926e+01
1.118680684579063822e+01
1.120529266453358375e+01
1.122525080512331108e+01
1.123077655625201210e+01
1.124737198645090963e+01
1.124988038663434331e+01
1.125513348556914650e+01
1.126469448916678218e+01
1.126351299632676728e+01
1.126238603392550885e+01
1.126869338800990761e+01
1.126742101110528438e+01
1.126742101110528438e+01
1.015514547470578499e+01
1.008567369571311367e+01
1.023441455586406690e+01
1.031557402556639680e+01
1.039609730681639732e+01
1.048156468118148510e+01
1.064493787573566408e+01
1.073934824205904093e+01
1.088392661205056378e+01
1.095621579704630477e+01
1.106104147717467967e+01
1.109935819881689412e+01
1.115994151629010922e+01
1.118357137309030414e+01
1.120858266767271161e+01
1.121552621020940066e+01
1.123450280290127523e+01
1.123804728142128262e+01
1.124408198331181907e+01
1.125515166238209019e+01
1.125435188261344877e+01
1.125380657822576502e+01
1.125347939559314625e+01
1.126120454108553304e+01
1.126113183383382932e+01
1.023814080251333003e+01
1.025715374883105291e+01
1.026466077256837117e+01
1.033271476015301715e+01
1.047333058492726643e+01
1.054245700447437528e+01
1.062272581034345720e+01
1.070244931182481629e+01
1.087990953639449643e+01
1.094520064841482920e+01
1.102821415303531793e+01
1.107052977352061518e+01
1.113567547103754585e+01
1.115796024368145467e+01
1.119076939100791179e+01
1.119943973077230126e+01
1.121100018379150143e+01
1.122901340539842252e+01
1.123268512160892740e+01
1.123417562026865468e+01
1.123572064936710291e+01
1.124539071384229239e+01
1.124597237185582799e+01
1.125409740723253194e+01
1.125444276667805710e+01
1.030370456672752333e+01
1.031206590067220219e+01
1.029812428516006584e+01
1.042910639908501302e+01
1.047660241125345060e+01
1.053956689121960366e+01
1.060952944416116495e+01
1.067854680283075908e+01
1.084419209900032399e+01
1.091500896214931871e+01
1.099691368118145718e+01
1.104159228734682330e+01
1.111099135908779445e+01
1.113652978124494197e+01
1.117246534039422023e+01
1.119016955618146980e+01
1.119633149576242559e+01
1.120198448458158502e+01
1.122067024826665183e+01
1.122412384272208996e+01
1.122539621962671319e+01
1.123662949001329459e+01
1.123784733647912226e+01
1.124024667578500392e+01
1.124137363818626234e+01
1.035905296207880610e+01
1.036134324050713573e+01
1.040711245544787289e+01
1.044786487002178177e+01
1.048420031905537719e+01
1.054103921306638725e+01
1.065528048228899749e+01
1.071455506923170020e+01
1.080971068488492293e+01
1.088678037167948354e+01
1.098924306612786594e+01
1.102894122555221657e+01
1.108652536889307072e+01
1.111500843474382449e+01
1.114874459952937968e+01
1.117426484487362259e+01
1.118131744828782459e+01
1.118729761973956727e+01
1.119931249308184107e+01
1.121307234046476253e+01
1.121508996669923164e+01
1.121943422498787868e+01
1.122186991791961219e+01
1.123208528678248541e+01
1.123350307819047345e+01
1.044415680018546411e+01
1.044939172230735913e+01
1.043570458217613961e+01
1.046829560774752998e+01
1.049526999812565009e+01
1.060205877404973407e+01
1.065124522982002198e+01
1.070386710323284163e+01
1.078230005099667110e+01
1.085780653187984157e+01
1.096835790807903876e+01
1.100772888487081147e+01
1.106351352373226327e+01
1.111717147548169571e+01
1.113305800997659745e+01
1.114330973246532253e+01
1.116573991961259615e+01
1.118000871775735128e+01
1.118673413853897536e+01
1.120171183238772272e+01
1.120340227598957306e+01
1.120940062425425765e+01
1.121283604189675387e+01
1.122357853833440444e+01
1.122528715874916116e+01
1.047994694483133671e+01
1.048270982039564991e+01
1.046340604507116012e+01
1.048852640053111962e+01
1.056297862626473183e+01
1.060671203815805796e+01
1.064977290797324017e+01
1.069786875496815703e+01
1.080802024128307437e+01
1.087167544014027598e+01
1.094781810947577583e+01
1.098804339647490735e+01
1.105746064502882220e+01
1.110261184833017367e+01
1.111989799742015705e+01
1.113102220692918465e+01
1.114643614428810636e+01
1.116706682695601494e+01
1.117377407092469355e+01
1.118033590038997005e+01
1.118408032385217510e+01
1.119933066989478654e+01
1.120296603247944134e+01
1.120756476614900521e+01
1.120947333150595959e+01
1.051255614721563347e+01
1.051397393862366059e+01
1.053475003579493396e+01
1.055876160566654320e+01
1.057559333443348848e+01
1.061541873154829752e+01
1.069639643312137345e+01
1.073827581009654075e+01
1.079260630392415443e+01
1.085128105604037785e+01
1.092724195724666281e+01
1.100583849632680256e+01
1.103912024078924148e+01
1.106858485453784979e+01
1.110651986310864991e+01
1.112533286448421421e+01
1.113282171140858878e+01
1.115381593033496621e+01
1.116103212506547848e+01
1.116855732561570491e+01
1.117308335203360592e+01
1.118853364301837772e+01
1.119249618823564951e+01
1.119842182924859486e+01
1.120127558887755370e+01
1.054242065084852342e+01
1.054405656401161728e+01
1.055947050137053722e+01
1.057841074043655816e+01
1.058977124851359797e+01
1.062608852073424970e+01
1.070092245953927623e+01
1.073956636381410767e+01
1.078391778734681949e+01
1.083646695350793721e+01
1.093138627059315127e+01
1.097093901551413708e+01
1.102116154962107508e+01
1.105006268216905418e+01
1.108937912852202956e+01
1.111111859677825286e+01
1.111927998578077137e+01
1.113489386808184989e+01
1.114123757579206142e+01
1.115706957984820669e+01
1.116221361790549338e+01
1.117310152884651231e+01
1.117753667119980676e+01
1.119018773299437441e+01
1.119367768107562711e+01
1.059902324629152304e+01
1.060374921765158440e+01
1.058468174089510505e+01
1.059911413035616867e+01
1.064866412238492543e+01
1.067996459423878619e+01
1.070646638748088364e+01
1.074294725101784564e+01
1.082377953808751769e+01
1.087703759995262942e+01
1.091782636815242746e+01
1.095634303473676319e+01
1.100492965568060910e+01
1.106105965398762336e+01
1.107974541767272925e+01
1.109874018717750843e+01
1.110731964287728957e+01
1.112240639760359073e+01
1.112896822706886724e+01
1.114598172396502918e+01
1.115121664608692420e+01
1.116399494557198935e+01
1.116881180099662174e+01
1.118175369179799716e+01
1.118598888920909218e+01
1.062285304803391561e+01
1.062794255565244583e+01
1.060969303547747344e+01
1.062098083630281309e+01
1.066329645678814941e+01
1.069119786462532851e+01
1.071310092419786031e+01
1.074747327743570935e+01
1.082247080755704438e+01
1.086627692670207068e+01
1.090950138783356138e+01
1.098162698151303296e+01
1.101419983027147964e+01
1.105080793149889828e+01
1.107089330977908581e+01
1.108674349064817477e+01
1.109254189397070078e+01
1.111028246338376135e+01
1.111744412767551893e+01
1.113300347953784097e+01
1.114011061339084030e+01
1.115487018548452269e+01
1.115952344959284481e+01
1.116950251988770937e+01
1.117457385069329590e+01
1.064533776561998302e+01
1.065088169356155312e+01
1.066522319895801019e+01
1.067731077955198771e+01
1.067921934490890301e+01
1.070373986554238321e+01
1.076016069285612886e+01
1.078753497311856790e+01
1.082323423369983395e+01
1.086371399607988053e+01
1.093300400694333696e+01
1.097166608803107479e+01
1.100340280339506904e+01
1.104041079450680840e+01
1.106176854969161738e+01
1.107887293065238765e+01
1.108483492529122216e+01
1.109995803364337519e+01
1.110831936758805227e+01
1.112513291954205386e+01
1.113209463889168660e+01
1.114601807759087926e+01
1.115121664608692420e+01
1.116192278889872647e+01
1.116732130233693177e+01
1.066807695858696903e+01
1.067282110675993678e+01
1.068556305261911277e+01
1.069550576928816454e+01
1.069439698369981251e+01
1.071548208669079827e+01
1.076663163825683611e+01
1.079564183168232816e+01
1.082501556136629084e+01
1.089895883633806939e+01
1.092827803558327560e+01
1.096305027870544180e+01
1.099295113596418361e+01
1.104457328466624233e+01
1.106089606267131487e+01
1.107300182007820055e+01
1.107867298571022729e+01
1.109441410570176600e+01
1.110384787160894504e+01
1.111829843788291683e+01
1.112602358337530006e+01
1.114040144239760721e+01
1.114590901671332723e+01
1.115601532469868751e+01
1.116146836857565106e+01
1.071486407505141258e+01
1.072117142913577226e+01
1.070635732660333161e+01
1.071455506923170020e+01
1.074134769148056634e+01
1.076023340010782903e+01
1.077350247354182322e+01
1.080040415666820230e+01
1.085973327404970235e+01
1.089583242451528733e+01
1.092471538025032274e+01
1.095023562559456565e+01
1.100103981771503925e+01
1.103563029270798879e+01
1.105404340419923415e+01
1.106802137333722058e+01
1.107371071578219457e+01
1.109026979235527754e+01
1.109948543650735253e+01
1.111257274181209098e+01
1.112098860619556540e+01
1.113507563621110563e+01
1.113987431482282986e+01
1.115072587213799693e+01
1.115592444063404187e+01
1.073464044751188595e+01
1.074047520446026205e+01
1.072671535707737966e+01
1.073427691125345618e+01
1.075779770717613637e+01
1.077379330254859013e+01
1.078206375242866066e+01
1.083263164598112382e+01
1.086126012633524240e+01
1.089374209102911806e+01
1.092257051632539699e+01
1.097019376618429121e+01
1.099435075055930255e+01
1.102692359931774924e+01
1.104742704429516209e+01
1.106903927486092698e+01
1.107638270728189767e+01
1.108696161240324329e+01
1.109599548842610162e+01
1.111193655335980068e+01
1.111864379732847752e+01
1.112951353145659006e+01
1.113420314919076404e+01
1.114781758207028162e+01
1.115507013042664397e+01
1.075370792426840438e+01
1.075957903484259326e+01
1.077439313737503213e+01
1.078328159889452742e+01
1.077510203307906522e+01
1.078913453265580991e+01
1.082532456718600322e+01
1.083875723193626683e+01
1.086525902517836428e+01
1.092486079475372485e+01
1.094965396758102827e+01
1.096961210817075738e+01
1.099262395333156483e+01
1.103717532180647432e+01
1.105517036660049257e+01
1.106796684289846411e+01
1.107529209850652840e+01
1.108443503540690145e+01
1.110070328297321751e+01
1.110924638504715034e+01
1.111611722033213923e+01
1.112482391372237878e+01
1.113692967112926269e+01
1.114574542539701696e+01
1.115299797375342017e+01
1.077121219511349359e+01
1.077677429986800917e+01
1.079269718798876099e+01
1.080173106401162109e+01
1.079387868082877766e+01
1.082128931471702948e+01
1.083857546380705195e+01
1.084740939488775169e+01
1.087276604891568432e+01
1.093002300962391971e+01
1.095507065783213996e+01
1.097237498373506881e+01
1.099473246363067958e+01
1.103488504337814646e+01
1.105231660697153373e+01
1.106783960520800392e+01
1.107601917102346789e+01
1.109245100990605515e+01
1.110093958154122973e+01
1.110813759945883561e+01
1.111426318541397862e+01
1.112651435732422911e+01
1.113487569126894527e+01
1.114478205431210611e+01
1.115092581708015729e+01
1.080776576590211846e+01
1.081585444765297410e+01
1.080985609938832681e+01
1.081841737827516425e+01
1.083928435951104596e+01
1.083688502020516431e+01
1.085289879239056354e+01
1.089396021278418303e+01
1.091724471013885456e+01
1.093605771151441708e+01
1.096017834226357834e+01
1.100054904376611020e+01
1.101796243054659286e+01
1.103404890998365495e+01
1.105098969962815403e+01
1.107830944945179752e+01
1.108759780085557267e+01
1.109392333175283696e+01
1.110246643382676979e+01
1.110810124583298553e+01
1.111944357709707987e+01
1.112685971676979158e+01
1.113460303907508298e+01
1.114314614114901403e+01
1.115277985199831434e+01
1.082354323951950725e+01
1.083114114732143385e+01
1.082528821356015314e+01
1.084426480625202416e+01
1.085555260707736380e+01
1.085246254888039275e+01
1.086764018767130224e+01
1.090466635559598707e+01
1.092549698320601692e+01
1.094200152934034520e+01
1.096475889912023760e+01
1.100331191933046071e+01
1.102047083072998745e+01
1.103459421437137777e+01
1.105020809667241899e+01
1.107803679725793522e+01
1.109014255466481913e+01
1.109717698126611651e+01
1.110521113257817660e+01
1.111728053635921043e+01
1.112242457441649712e+01
1.112691424720854982e+01
1.113411226512615571e+01
1.114794481976073826e+01
1.115259808386909945e+01
1.084037496828645430e+01
1.084639149336404529e+01
1.086694946878025192e+01
1.086051487700539653e+01
1.087142096475935915e+01
1.089646861296758118e+01
1.091019210672465078e+01
1.091526343753023554e+01
1.093376743308608745e+01
1.097446531722123808e+01
1.099385997661037528e+01
1.100716540367018226e+01
1.102403348606294031e+01
1.105524307385219274e+01
1.106854850091199793e+01
1.107910922922039809e+01
1.109177846782791121e+01
1.111230008961826954e+01
1.111551738550565815e+01
1.112086136850510698e+01
1.112675065589223955e+01
1.112833203861657339e+01
1.114349150059453919e+01
1.115074404895094062e+01
1.115459753329066217e+01
1.087649229556494568e+01
1.087174814739197792e+01
1.088187263219020551e+01
1.089105192271646771e+01
1.088628959773055627e+01
1.090886519938123200e+01
1.092122543216907005e+01
1.092556969045771886e+01
1.094267407141848736e+01
1.098068178724098942e+01
1.099951296542949741e+01
1.101189137503024362e+01
1.102935929224948097e+01
1.106013263652852530e+01
1.107254739975512337e+01
1.108092691051274414e+01
1.109357797230731357e+01
1.111586274495122240e+01
1.112438767021220798e+01
1.112600540656239545e+01
1.113791121902711900e+01
1.114434581080193709e+01
1.114716321680504407e+01
1.115385228396081629e+01
1.116832102704769270e+01
9.920213813908656419e+00
1.012217858998656794e+01
1.027854057360380580e+01
1.040584438908837583e+01
1.051108233725326002e+01
1.055822305379986048e+01
1.059039527939842529e+01
1.063265475862883491e+01
1.067076852945372778e+01
1.067920323111749603e+01
1.069314962344939701e+01
1.069847026764726650e+01
1.070998081748286523e+01
1.071166202642150367e+01
1.071239755533215643e+01
1.071237845068512229e+01
1.071613251382652976e+01
1.071601788594433557e+01
1.071867343188151978e+01
1.071691580435475188e+01
1.071826268197037635e+01
1.071803342620600930e+01
1.071932298988053489e+01
1.071826268197037635e+01
1.071757491467729473e+01
9.909744467336203400e+00
1.007344263541296492e+01
1.030880233449936512e+01
1.036700464167633662e+01
1.040114464591898269e+01
1.049032513825515345e+01
1.057259930068995502e+01
1.060036790514809724e+01
1.064871221445756966e+01
1.066065261885132287e+01
1.067992920770462106e+01
1.068810599663348349e+01
1.070292165040526200e+01
1.070571092887164966e+01
1.070790796328009797e+01
1.070809900975040030e+01
1.071229247977348820e+01
1.071250263089082289e+01
1.071443220024086074e+01
1.071508175823987585e+01
1.071671520556094315e+01
1.071628535100276736e+01
1.071512951985744699e+01
1.071638087423790964e+01
1.071558803138616156e+01
9.972283529388976220e+00
1.016356880777710181e+01
1.026181445512902357e+01
1.032756309788285165e+01
1.037095930361155283e+01
1.044218142773948976e+01
1.052956608325481014e+01
1.056586491261185934e+01
1.061776268626892872e+01
1.063546314174223539e+01
1.066523773413854315e+01
1.067544916797609034e+01
1.069065646701197814e+01
1.069522247765216605e+01
1.070333240031640365e+01
1.070373359790404066e+01
1.070487987672583685e+01
1.070655153334096710e+01
1.071191038683288355e+01
1.071254084018488761e+01
1.071468056065223884e+01
1.071325726444850623e+01
1.071236889836161765e+01
1.071127038115739261e+01
1.071314263656633337e+01
1.013361272123403722e+01
1.018543407630297892e+01
1.024363638347995042e+01
1.030147570236334786e+01
1.038413195773875586e+01
1.041689642739524047e+01
1.048763138302390630e+01
1.053273745466180245e+01
1.059499949933265661e+01
1.061586177388942964e+01
1.064923759225088595e+01
1.066169382211447214e+01
1.068122832370267439e+01
1.068709345034089431e+01
1.069776339570715429e+01
1.069879504664677583e+01
1.070060998811463904e+01
1.070218612149460924e+01
1.070852886430857609e+01
1.070911155604298948e+01
1.070741124245731868e+01
1.071008589304151393e+01
1.070907334674892475e+01
1.070780288772142974e+01
1.070765005054519214e+01
1.024268115112843702e+01
1.021887676092903696e+01
1.029325115181691608e+01
1.032662697017837239e+01
1.036817957746866981e+01
1.040056195418456930e+01
1.047184139225360333e+01
1.051473132483599926e+01
1.057162496369141103e+01
1.059653742341856208e+01
1.063212938083549908e+01
1.064644831378451784e+01
1.067065390157155491e+01
1.067835307432465086e+01
1.068601403778368208e+01
1.068802957804535403e+01
1.069519382068162727e+01
1.069681771567916684e+01
1.070024699982106675e+01
1.070435449893252056e+01
1.070306493525799318e+01
1.070219567381811565e+01
1.070560585331298142e+01
1.070537659754861437e+01
1.070534794057807559e+01
1.027810116672210405e+01
1.024818328947308466e+01
1.029928822027840596e+01
1.032714279564818227e+01
1.035873232951233369e+01
1.039001618902398860e+01
1.045228778601836872e+01
1.049053528937246682e+01
1.054983611375366337e+01
1.057715575900661698e+01
1.061738059332832407e+01
1.063342849683355240e+01
1.065919111335352731e+01
1.066853328575121651e+01
1.067820978947191968e+01
1.068112324814400615e+01
1.068952929283721609e+01
1.069107676924664752e+01
1.069502187885835731e+01
1.069954012788095277e+01
1.069841295370617118e+01
1.069808817470666185e+01
1.069853713391187000e+01
1.070259687140575267e+01
1.070280702252308735e+01
1.030250735330296941e+01
1.030682500353175790e+01
1.030816232882385464e+01
1.033055297514304982e+01
1.038065491197928836e+01
1.040700022023369620e+01
1.044043335253622828e+01
1.047185094457710974e+01
1.054271963273498081e+01
1.056845359228443826e+01
1.060318584058502367e+01
1.062027494735337996e+01
1.064715518572461050e+01
1.065596242800545745e+01
1.067009031448417389e+01
1.067341452306738603e+01
1.067879248120633306e+01
1.068764748510474938e+01
1.068955794980775309e+01
1.068958660677831318e+01
1.068965347304291491e+01
1.069419082671254451e+01
1.069467799521181561e+01
1.069909116867574639e+01
1.069943505232228631e+01
1.032543292973900684e+01
1.032618756329669019e+01
1.031911884389557876e+01
1.036058548027424209e+01
1.037948952851046158e+01
1.040309331991605291e+01
1.043232342987199068e+01
1.045974815068359121e+01
1.052690098499412130e+01
1.055431615348221541e+01
1.058893377390062795e+01
1.060736975828458561e+01
1.063590254862393714e+01
1.064602801154984846e+01
1.066145501402659868e+01
1.066898224495642467e+01
1.067205809312825515e+01
1.067513394130008741e+01
1.068404625913960082e+01
1.068486775896188767e+01
1.068564149716660339e+01
1.069025526942436066e+01
1.069100035065851806e+01
1.069237588524467952e+01
1.069358903033109875e+01
1.034293278641850478e+01
1.034226412377245730e+01
1.035412810957810237e+01
1.036647926388300078e+01
1.037977609821590441e+01
1.040145987259498384e+01
1.044621250826281411e+01
1.047016018331494536e+01
1.051112054654732475e+01
1.054211783635353505e+01
1.058325014140918441e+01
1.059962282391392030e+01
1.062454483596457600e+01
1.063665718218162226e+01
1.065058446986650864e+01
1.066183710696720333e+01
1.066476967028630263e+01
1.066823716372224595e+01
1.067452259259513525e+01
1.068016801579249453e+01
1.068069339358583036e+01
1.068296684658240814e+01
1.068434238116856960e+01
1.068896570574983329e+01
1.069016929851272479e+01
1.036850435646819868e+01
1.036885779243824501e+01
1.036379506097527958e+01
1.037318499499053814e+01
1.038267045224096030e+01
1.042161527521166597e+01
1.044284053806201307e+01
1.046436192294134848e+01
1.049849237486048992e+01
1.052956608325481014e+01
1.057423274801102409e+01
1.059106394204447277e+01
1.061442892536219063e+01
1.063710614138682864e+01
1.064341067490673076e+01
1.064787160998825044e+01
1.065766274159112648e+01
1.066527594343260787e+01
1.066870522757448647e+01
1.067483781927111686e+01
1.067549692959365970e+01
1.067870651029469720e+01
1.068030174832172108e+01
1.068537403210819292e+01
1.068657762487108442e+01
1.038034923762681139e+01
1.037937490062826740e+01
1.037216289637444433e+01
1.037934624365772862e+01
1.040487005208985138e+01
1.042208333906388518e+01
1.044072947456519884e+01
1.045986277856576407e+01
1.050639214640739283e+01
1.053329148942567706e+01
1.056589356958241765e+01
1.058271521129234038e+01
1.061212681539507585e+01
1.063069653230826006e+01
1.063853898991408720e+01
1.064256051811390513e+01
1.064857848192836443e+01
1.065881857273644862e+01
1.066277323467166305e+01
1.066471235634520554e+01
1.066655595478360752e+01
1.067385392994908599e+01
1.067573573768153317e+01
1.067751246985533164e+01
1.067844859755979314e+01
1.039173560725669176e+01
1.039036007267052852e+01
1.039519354836912868e+01
1.040353272679773333e+01
1.040945516737705034e+01
1.042465291408943351e+01
1.045710215706993473e+01
1.047442051960265630e+01
1.049877894456593275e+01
1.052350991014630566e+01
1.055613109495005908e+01
1.058960243654667721e+01
1.060398823576027816e+01
1.061589043085998796e+01
1.063260699701126555e+01
1.063912168164850058e+01
1.064220708214383926e+01
1.065256180083411763e+01
1.065636362559309447e+01
1.065941081679438796e+01
1.066165561282040741e+01
1.066903955889751998e+01
1.067056793065992082e+01
1.067277451739187555e+01
1.067427423218373583e+01
1.040241510494647770e+01
1.040188972715316140e+01
1.040440198823761087e+01
1.041045816134613311e+01
1.041516745683903267e+01
1.042932400028826834e+01
1.045863052883233379e+01
1.047436320566156098e+01
1.049389770724976323e+01
1.051669910348010006e+01
1.055652274021418968e+01
1.057269482392509730e+01
1.059445501689228664e+01
1.060676796190313986e+01
1.062309288279030639e+01
1.063241595054096322e+01
1.063594075791800186e+01
1.064445187816987826e+01
1.064784295301769212e+01
1.065459644574282194e+01
1.065671706156314080e+01
1.066190397323180505e+01
1.066377622864074581e+01
1.066897269263291648e+01
1.067032912257204735e+01
1.042285707726860267e+01
1.042321051323866854e+01
1.041383968387044057e+01
1.041801404924649788e+01
1.043667928939484213e+01
1.044926925178761401e+01
1.046070338303508329e+01
1.047572918792419649e+01
1.051022262813690844e+01
1.053295715810264355e+01
1.054982656143015696e+01
1.056655267990493918e+01
1.058705196616816124e+01
1.061118113536709018e+01
1.061945344753109310e+01
1.062722903887229720e+01
1.063155624142461164e+01
1.063871093173735716e+01
1.064177722758566347e+01
1.064966744680906174e+01
1.065216060324647884e+01
1.065793020664955826e+01
1.065956365397062555e+01
1.066494161210957259e+01
1.066676610590094398e+01
1.043132998822643387e+01
1.043243805775416355e+01
1.042386962356121138e+01
1.042668755899813782e+01
1.044203814288675858e+01
1.045327167534041912e+01
1.046277623723785233e+01
1.047688501906951686e+01
1.050907634931511403e+01
1.052826696725677635e+01
1.054656921911152878e+01
1.057786263094670964e+01
1.059149379660264856e+01
1.060717871181428329e+01
1.061618655288895852e+01
1.062218541205638367e+01
1.062397169655368856e+01
1.063225356104119790e+01
1.063597896721204705e+01
1.064404112825873483e+01
1.064729847057734347e+01
1.065388002147918201e+01
1.065548481182971052e+01
1.066002216549934012e+01
1.066286875790682487e+01
1.043957364341987848e+01
1.044098738730010467e+01
1.044404413082490457e+01
1.044775998467224554e+01
1.044836178105369129e+01
1.045808604639198691e+01
1.048168983779757824e+01
1.049354427127969736e+01
1.050899993072698457e+01
1.052656665367110733e+01
1.055632214142036140e+01
1.057336348657114655e+01
1.058694689060949301e+01
1.060274643370332193e+01
1.061169696083690006e+01
1.061804925597437332e+01
1.062062838332342629e+01
1.062743918998963188e+01
1.063165176465975215e+01
1.064019154188216731e+01
1.064365903531813018e+01
1.064976297004422179e+01
1.065142507433582786e+01
1.065705139288617431e+01
1.066039470611641882e+01
1.044830446711259597e+01
1.044960358311064752e+01
1.045168598963692297e+01
1.045427466930948235e+01
1.045402630889810425e+01
1.046205026065070776e+01
1.048287432591343560e+01
1.049517771860076465e+01
1.050922918649135163e+01
1.054057035994410363e+01
1.055322718860149678e+01
1.056937061534186562e+01
1.058156893247054597e+01
1.060288971855605311e+01
1.060995843795716453e+01
1.061558475650751276e+01
1.061763850606322990e+01
1.062512752769901070e+01
1.062988458480947962e+01
1.063711569371033505e+01
1.064069781502847079e+01
1.064735578451843878e+01
1.064961013286798419e+01
1.065468241665445603e+01
1.065806393917876349e+01
1.046635835855596852e+01
1.046801091052406818e+01
1.045998695877146467e+01
1.046162995841603660e+01
1.047077153201991706e+01
1.047800264092077427e+01
1.048399194776469301e+01
1.049553115457083052e+01
1.052089257350318974e+01
1.053794347097747952e+01
1.054982656143015696e+01
1.056084994276648459e+01
1.058281073452750221e+01
1.059856251600375998e+01
1.060636676431552416e+01
1.061268085015893092e+01
1.061550833791938331e+01
1.062329348158411335e+01
1.062777352131266539e+01
1.063446970009667858e+01
1.063867272244329243e+01
1.064518740708052924e+01
1.064690682531323240e+01
1.065230388809921180e+01
1.065639228256363324e+01
1.047359901978035168e+01
1.047564321701256063e+01
1.046845031740576992e+01
1.046989271825653489e+01
1.047788801303859962e+01
1.048368627341221782e+01
1.048670480764295121e+01
1.050773902402301729e+01
1.051989913185763115e+01
1.053524971574625368e+01
1.054777281187442028e+01
1.056874971431338750e+01
1.057941965967966880e+01
1.059409202859873389e+01
1.060357748584913473e+01
1.061430474515649180e+01
1.061704626200531010e+01
1.062176510982171429e+01
1.062638843440297798e+01
1.063439328150857044e+01
1.063787987959154435e+01
1.064226439608493635e+01
1.064505367455132401e+01
1.065440539927251962e+01
1.065788244503198712e+01
1.048110714606316307e+01
1.048355254088299127e+01
1.048810899919965323e+01
1.049070723119573856e+01
1.048548211023302912e+01
1.049015319643188349e+01
1.050400406552864219e+01
1.050941068063814754e+01
1.052125556179676202e+01
1.054844147452048908e+01
1.055980873950333709e+01
1.056851090622551581e+01
1.057950563059130289e+01
1.059943177744361797e+01
1.060693035140290519e+01
1.061330175118740904e+01
1.061647312259440135e+01
1.062022718573580882e+01
1.062810785263568114e+01
1.063299864227537483e+01
1.063704882744573155e+01
1.064103214635150607e+01
1.064882684233974253e+01
1.065322091115665870e+01
1.065572361991758399e+01
1.048786063878827335e+01
1.049026782431405636e+01
1.049592279983494159e+01
1.049868342133077093e+01
1.049417472463170142e+01
1.050347868773532589e+01
1.051044233157776908e+01
1.051341310419093489e+01
1.052464663664457589e+01
1.055151732269232134e+01
1.056312339576306059e+01
1.057062196972234958e+01
1.058070922335419439e+01
1.059810400447502587e+01
1.060566944469891659e+01
1.061274771642355397e+01
1.061630118077113138e+01
1.062371378381878273e+01
1.062825113748841233e+01
1.063254013074664250e+01
1.063609359509423946e+01
1.064321962843642844e+01
1.064749906937115220e+01
1.065182627192346487e+01
1.065376539359700914e+01
1.050241837982514603e+01
1.050591453023164590e+01
1.050284823438332182e+01
1.050543691405590074e+01
1.051290683104462964e+01
1.051085308148891251e+01
1.051724358592045050e+01
1.053570822727496648e+01
1.054612981222984658e+01
1.055497526380475826e+01
1.056561655220047946e+01
1.058308775190944040e+01
1.059044304101599465e+01
1.059767414991685008e+01
1.060454227052415277e+01
1.061646357027087539e+01
1.062080032514669625e+01
1.062431558020022848e+01
1.062861412578198461e+01
1.063249236912907136e+01
1.063916944326607172e+01
1.064320052378939607e+01
1.064699279622486650e+01
1.065071820239571565e+01
1.065453913180172485e+01
1.050929605275595513e+01
1.051221906375154802e+01
1.050914321557971576e+01
1.051545730142314383e+01
1.051993734115167634e+01
1.051796001018406912e+01
1.052447469482130415e+01
1.054049394135599371e+01
1.054942536384251994e+01
1.055705767033101239e+01
1.056720223790395607e+01
1.058349850182058205e+01
1.059036662242786520e+01
1.059707235353540433e+01
1.060410286364245280e+01
1.061631073309463780e+01
1.062170779588061720e+01
1.062516573699305411e+01
1.062968398601567088e+01
1.063727808321009860e+01
1.064075512896956788e+01
1.064334380864212726e+01
1.064699279622486650e+01
1.065322091115665870e+01
1.065545615485917352e+01
1.051667044650954175e+01
1.051919225991751894e+01
1.052674814781788193e+01
1.052264064870642990e+01
1.052730218258175832e+01
1.053753272106633609e+01
1.054280560364661667e+01
1.054484980087882739e+01
1.055255852595544930e+01
1.056961897575326503e+01
1.057766203215290091e+01
1.058408119355499721e+01
1.059145558730858383e+01
1.060635721199199644e+01
1.061252801298269333e+01
1.061708447129935351e+01
1.062276810379079706e+01
1.063245415983500664e+01
1.063481358374322028e+01
1.063866317011976648e+01
1.064221663446736521e+01
1.064416530846441411e+01
1.065107163836578152e+01
1.065424300977275429e+01
1.065666929994556966e+01
1.053227894313308788e+01
1.052992907154838065e+01
1.053361626842518461e+01
1.053646286083264982e+01
1.053386462883656449e+01
1.054249992929414148e+01
1.054699907366970457e+01
1.054884267210810656e+01
1.055559616483321506e+01
1.057148167883869938e+01
1.057995458979651104e+01
1.058572419319957092e+01
1.059359530777593505e+01
1.060821991507743078e+01
1.061405638474509239e+01
1.061811612223897505e+01
1.062334124320168449e+01
1.063392521765632992e+01
1.063879690264899303e+01
1.064062139644034310e+01
1.064695458693080354e+01
1.065021192924942994e+01
1.065222746951108235e+01
1.065532242232994697e+01
1.066050933399861123e+01
1.013885664020794941e+01
1.024416944240651439e+01
1.032121417956681775e+01
1.037091068147285533e+01
1.041866474953332578e+01
1.043206137661109167e+01
1.043988249913212840e+01
1.044950217151017569e+01
1.046211771407860880e+01
1.046408070277968783e+01
1.046816084159815574e+01
1.046992855917190113e+01
1.047454826294746510e+01
1.047524198932088169e+01
1.047547323144535447e+01
1.047536017974006484e+01
1.047714845216930968e+01
1.047729747487174912e+01
1.047865923404919997e+01
1.047835091121656603e+01
1.047898297302346116e+01
1.047865409533531711e+01
1.047920393772017711e+01
1.047844340806635444e+01
1.047797578510353844e+01
1.013474566910621455e+01
1.021961152878755463e+01
1.033201061742272842e+01
1.035239589537343186e+01
1.036611626142545894e+01
1.040524242888617579e+01
1.042984145221615755e+01
1.043733883576293309e+01
1.045340759405682185e+01
1.045713316161776341e+01
1.046298615672384891e+01
1.046533968767959344e+01
1.047134170548811838e+01
1.047268804852393131e+01
1.047345885560550904e+01
1.047334066518633655e+01
1.047537559588169209e+01
1.047571988971146517e+01
1.047714845216930968e+01
1.047741566529092161e+01
1.047819161108637154e+01
1.047778051397620480e+01
1.047664999692322674e+01
1.047722553287747083e+01
1.047669110663424874e+01
1.017923665385468901e+01
1.026716004829293638e+01
1.031090591952922608e+01
1.033551008157308004e+01
1.035015541612299650e+01
1.037818196160904094e+01
1.041279633828560058e+01
1.042433788965371555e+01
1.044062761264432204e+01
1.044589479436840840e+01
1.045680942264350222e+01
1.046040652235751445e+01
1.046617215932769440e+01
1.046778571548511749e+01
1.047123893121057492e+01
1.047124406992445778e+01
1.047193779629787436e+01
1.047300664878432030e+01
1.047580724784737072e+01
1.047614126424938696e+01
1.047719470059420388e+01
1.047616181910489885e+01
1.047552975729800373e+01
1.047484630835234221e+01
1.047556058958127068e+01
1.026281269635285653e+01
1.027895853535490645e+01
1.030020711723697602e+01
1.032243719346957533e+01
1.035230339852364168e+01
1.036559211260999191e+01
1.039572039207179799e+01
1.041086418186778850e+01
1.043112099197156439e+01
1.043812505898613807e+01
1.045058130142437669e+01
1.045454324982367211e+01
1.046188133324026559e+01
1.046439416432619396e+01
1.046871582269688972e+01
1.046880318083279526e+01
1.046965106862253414e+01
1.047075075339224703e+01
1.047408577869851953e+01
1.047434785310625927e+01
1.047362329444957574e+01
1.047483089221071495e+01
1.047417313683443751e+01
1.047310428434798091e+01
1.047311970048961882e+01
1.031026358029457590e+01
1.029594712343280349e+01
1.031721112145650032e+01
1.032821824658138254e+01
1.034454907928301104e+01
1.035599813380132694e+01
1.038409148256777748e+01
1.040036065070287385e+01
1.042176339400125329e+01
1.042959479395004685e+01
1.044198423310789003e+01
1.044776528621969902e+01
1.045746717801977965e+01
1.046036541264650310e+01
1.046308379228752017e+01
1.046384432194134284e+01
1.046712282139496786e+01
1.046822764487856183e+01
1.047020604972126812e+01
1.047209195771418599e+01
1.047155239275707928e+01
1.047123379249670272e+01
1.047261096781578082e+01
1.047220500941948629e+01
1.047232319983865878e+01
1.032092641158969570e+01
1.030637357388956765e+01
1.031917411015757935e+01
1.032703634238963808e+01
1.033837748391653655e+01
1.035029416139768088e+01
1.037443070047870641e+01
1.038933297072247974e+01
1.041220024747585526e+01
1.042176339400125329e+01
1.043581263774141554e+01
1.044180437812218543e+01
1.045240040613689914e+01
1.045616708340886269e+01
1.045970765727022567e+01
1.046061720962647534e+01
1.046438388689843890e+01
1.046562745565671548e+01
1.046786279619327864e+01
1.046994397531353016e+01
1.046943010392581819e+01
1.046924511022623960e+01
1.046949690720621362e+01
1.047115157307466760e+01
1.047137253777138532e+01
1.032325424897604726e+01
1.032164583153249637e+01
1.032113709885865660e+01
1.032780201075733295e+01
1.034376285605980605e+01
1.035311017660236033e+01
1.036720053005354281e+01
1.038034022143744295e+01
1.040677376562157619e+01
1.041550957921274545e+01
1.042933785825618997e+01
1.043623915099322019e+01
1.044669643373324242e+01
1.044979507820117171e+01
1.045576112501255750e+01
1.045723593589530687e+01
1.045997487039183582e+01
1.046430680619028841e+01
1.046521121983266589e+01
1.046515469398001663e+01
1.046501594870533225e+01
1.046730267638067247e+01
1.046772405091859426e+01
1.046975384290007938e+01
1.047009813672984002e+01
1.032978041560003923e+01
1.032774548490468192e+01
1.032402505605762499e+01
1.033487288105231272e+01
1.034170737050893862e+01
1.035042262924460843e+01
1.036289942653835716e+01
1.037318199300655586e+01
1.039913763680010561e+01
1.040941506455443211e+01
1.042332556301990998e+01
1.043009324919612979e+01
1.044142411329527320e+01
1.044557619410803007e+01
1.045204583487937278e+01
1.045521128262770638e+01
1.045664498379943552e+01
1.045846922722583017e+01
1.046263158546633143e+01
1.046284227273529233e+01
1.046305809871813786e+01
1.046543732324325582e+01
1.046589466877832741e+01
1.046702518583130548e+01
1.046771377349083920e+01
1.033393249641279610e+01
1.033212880784191157e+01
1.033281739550144529e+01
1.033621408537425168e+01
1.034103933770490436e+01
1.034826436941619576e+01
1.036530948334674207e+01
1.037521692370191317e+01
1.039251897332632524e+01
1.040354151459283472e+01
1.041889085294392459e+01
1.042566881654789945e+01
1.043640872855117152e+01
1.044081774505777283e+01
1.044653199488917572e+01
1.045167070876634341e+01
1.045340759405682185e+01
1.045528322462198467e+01
1.045811979468217423e+01
1.046075595490115973e+01
1.046121330043623132e+01
1.046241575948348768e+01
1.046311976328465931e+01
1.046533968767959344e+01
1.046608993990566105e+01
1.033835179034715424e+01
1.033720071843866428e+01
1.033537133629839744e+01
1.033753987355456339e+01
1.034080809558043157e+01
1.035385015140067111e+01
1.036324885908200244e+01
1.037153760456586760e+01
1.038642959738188409e+01
1.039864432026789487e+01
1.041551985664050228e+01
1.042186102956491567e+01
1.043140362123481424e+01
1.044054025450840584e+01
1.044345390527675832e+01
1.044517537442560773e+01
1.044981563305668182e+01
1.045427603670206196e+01
1.045574570887092847e+01
1.045855658536173571e+01
1.045876727263069661e+01
1.046047332563792054e+01
1.046139829413580991e+01
1.046372613152215969e+01
1.046416806091560403e+01
1.034152237680936004e+01
1.033977007537724369e+01
1.033713905387214105e+01
1.033886566173486443e+01
1.034690774895262955e+01
1.035307934431910404e+01
1.036111115410910166e+01
1.036882436363872095e+01
1.038821786981113959e+01
1.039873681711768327e+01
1.041197928277913931e+01
1.041915292735165366e+01
1.043128029210175711e+01
1.043827922040244971e+01
1.044123911959569639e+01
1.044327405029105194e+01
1.044647033032265249e+01
1.045155765706104489e+01
1.045302732922991140e+01
1.045380841373924419e+01
1.045482587908692373e+01
1.045830992709563567e+01
1.045910128903271463e+01
1.045976932183674712e+01
1.046073026133177564e+01
1.034505267324296796e+01
1.034306399097250484e+01
1.034350592036594918e+01
1.034622430000696802e+01
1.034783271745051891e+01
1.035366001898722033e+01
1.036627042284177058e+01
1.037305866387351116e+01
1.038399384700410621e+01
1.039432780061108197e+01
1.040796080852719285e+01
1.042167603586533708e+01
1.042738514698286778e+01
1.043267802227634711e+01
1.043942515359706746e+01
1.044196881696626278e+01
1.044338710199635223e+01
1.044839220931270951e+01
1.045040658515255494e+01
1.045142918921411557e+01
1.045233874157036702e+01
1.045585876057622876e+01
1.045659873537454132e+01
1.045793480098259742e+01
1.045889060176375196e+01
1.034850588896842360e+01
1.034718010078811190e+01
1.034637332270940746e+01
1.034852130511005264e+01
1.035027360654216899e+01
1.035533523971117731e+01
1.036640402940258099e+01
1.037271437004373986e+01
1.038155295791245436e+01
1.039075125575257985e+01
1.040693306575176003e+01
1.041351061951452905e+01
1.042314056932033317e+01
1.042796582165098407e+01
1.043444573985009249e+01
1.043866462394324479e+01
1.044078691277450588e+01
1.044557105539414721e+01
1.044655768845855803e+01
1.044919384867754353e+01
1.045022159145297636e+01
1.045266761925851107e+01
1.045344870376783319e+01
1.045607972527294649e+01
1.045703038734021817e+01
1.035488817160386077e+01
1.035406597738351486e+01
1.034962098987976375e+01
1.035074122950498676e+01
1.035738558654816188e+01
1.036210806460126932e+01
1.036708747834824251e+01
1.037283256046291235e+01
1.038751900472384015e+01
1.039688688012190454e+01
1.040420954739686898e+01
1.041059183003230437e+01
1.041897821107983013e+01
1.042932758082843492e+01
1.043331008408324223e+01
1.043668108038665565e+01
1.043902947262851733e+01
1.044291947903353446e+01
1.044422471235833605e+01
1.044727196968748650e+01
1.044805819291069326e+01
1.045072004669906107e+01
1.045151654735002111e+01
1.045419381728002861e+01
1.045509309220853389e+01
1.035780182237221148e+01
1.035734961555102274e+01
1.035325406059092579e+01
1.035356238342354906e+01
1.035895289428070143e+01
1.036332593979016359e+01
1.036727761076170395e+01
1.037308949615676745e+01
1.038689722034470186e+01
1.039474917514901442e+01
1.040252918795902914e+01
1.041558152120702374e+01
1.042164006486819794e+01
1.042830497676688495e+01
1.043220012188577428e+01
1.043475406268272643e+01
1.043567389246673116e+01
1.043990819270151249e+01
1.044117745502917316e+01
1.044471289017666393e+01
1.044657824331406992e+01
1.044911676796939304e+01
1.044965119421261512e+01
1.045222055115119453e+01
1.045437367226572256e+01
1.036063325371852883e+01
1.036045339873282423e+01
1.035982133692593976e+01
1.036099296368992917e+01
1.036115226382012366e+01
1.036521184778308147e+01
1.037463624903379511e+01
1.037975440805545446e+01
1.038646042966515104e+01
1.039421474890578168e+01
1.040676862690769156e+01
1.041419920717407344e+01
1.041941500175939161e+01
1.042620324279112332e+01
1.043013949762102399e+01
1.043280649012327466e+01
1.043365951662688573e+01
1.043710245492458810e+01
1.043925043732523328e+01
1.044337682456859540e+01
1.044477969345706825e+01
1.044723085997647516e+01
1.044814555104660947e+01
1.045150626992226606e+01
1.045368508460618884e+01
1.036391689188603671e+01
1.036345440763709114e+01
1.036243694228941337e+01
1.036278637483305687e+01
1.036320261065710824e+01
1.036607515171444760e+01
1.037411210021832986e+01
1.037925081409548689e+01
1.038642959738188409e+01
1.039942540477722766e+01
1.040440481852420262e+01
1.041195358920975522e+01
1.041705633208977488e+01
1.042565340040626154e+01
1.042844372204156755e+01
1.043142417609032435e+01
1.043255983185717461e+01
1.043622887356546514e+01
1.043822269454981111e+01
1.044161424570873464e+01
1.044324321800779565e+01
1.044607464935411301e+01
1.044777042493356944e+01
1.045072518541294393e+01
1.045292969366625080e+01
1.037004223882761522e+01
1.036983155155864367e+01
1.036536600919939133e+01
1.036513990578880318e+01
1.036812549855143217e+01
1.037075652005653303e+01
1.037373183539141763e+01
1.037843375858901496e+01
1.038926616744207365e+01
1.039711298353250513e+01
1.040200503914356212e+01
1.040652196864159151e+01
1.041576137619273013e+01
1.042298126919013868e+01
1.042654753662089462e+01
1.042996478134920224e+01
1.043127001467400206e+01
1.043524224050105431e+01
1.043737994547395509e+01
1.044036039952270123e+01
1.044204589767441149e+01
1.044524217770601382e+01
1.044709725341566475e+01
1.044996979447300411e+01
1.045215374787078844e+01
1.037293019602657296e+01
1.037306380258738514e+01
1.036900935733829954e+01
1.036861367636976006e+01
1.037083873947857704e+01
1.037276061846863406e+01
1.037400418722690176e+01
1.038257042326013213e+01
1.038790954697850744e+01
1.039511916254817159e+01
1.040001635687310078e+01
1.040903993844140452e+01
1.041423517817121258e+01
1.042084870293112076e+01
1.042489287075244953e+01
1.043081780785281332e+01
1.043257010928493145e+01
1.043487225310189892e+01
1.043650636411483212e+01
1.044008804768721710e+01
1.044186090397483468e+01
1.044422985107220825e+01
1.044615686877614635e+01
1.045087934682925557e+01
1.045197903159896669e+01
1.037585412422268050e+01
1.037634744075489124e+01
1.037663007001813043e+01
1.037698464127565856e+01
1.037392196780486842e+01
1.037522206241579603e+01
1.038021689230439826e+01
1.038268861367930462e+01
1.038791468569237963e+01
1.040004718915636772e+01
1.040537089673310334e+01
1.040913757400506512e+01
1.041427114916835173e+01
1.042346944700847722e+01
1.042693294016167904e+01
1.043018574604591819e+01
1.043159889236214610e+01
1.043385992646809157e+01
1.043695343222214866e+01
1.043956903758562227e+01
1.044148577786180709e+01
1.044356695698205684e+01
1.044796569606090308e+01
1.044988243633708791e+01
1.045075087898232624e+01
1.037817168418128588e+01
1.037905554296815325e+01
1.037993940175503127e+01
1.038035563757908086e+01
1.037771947736009714e+01
1.038044813442887104e+01
1.038315109792825019e+01
1.038410689870940473e+01
1.038944088371389718e+01
1.040183546158561256e+01
1.040698445289053709e+01
1.041029892334129947e+01
1.041514473052747292e+01
1.042280141420444295e+01
1.042593602966951138e+01
1.042931730340067986e+01
1.043127001467400206e+01
1.043465128840518119e+01
1.043684038051684837e+01
1.043920932761422193e+01
1.044112092917652390e+01
1.044462039332687375e+01
1.044662963045284698e+01
1.044881358385064374e+01
1.044965119421261512e+01
1.038369580159923800e+01
1.038467729594976774e+01
1.038263722654053822e+01
1.038305346236458782e+01
1.038539157717869443e+01
1.038387565658493372e+01
1.038642445866801189e+01
1.039501124955674349e+01
1.039981594703189494e+01
1.040374192443404056e+01
1.040848495734267054e+01
1.041581790204537938e+01
1.041868016567495303e+01
1.042210768783102637e+01
1.042513952901854957e+01
1.043051462373406224e+01
1.043281676755103149e+01
1.043475920139659863e+01
1.043692773865276635e+01
1.043902947262851733e+01
1.044229769465439617e+01
1.044429665435261256e+01
1.044621339462879739e+01
1.044806333162457612e+01
1.045036033672766074e+01
1.038660431365370584e+01
1.038734942716590126e+01
1.038506269949056104e+01
1.038688180420307283e+01
1.038843369579397447e+01
1.038711304632754562e+01
1.038969781940776294e+01
1.039687660269416014e+01
1.040067925096325041e+01
1.040459495093765341e+01
1.040870078332550364e+01
1.041544277593234114e+01
1.041817657171499789e+01
1.042148590345188808e+01
1.042436358322309964e+01
1.043042726559814604e+01
1.043331008408324223e+01
1.043519599207616011e+01
1.043714870334948230e+01
1.044050428351126669e+01
1.044224630751562977e+01
1.044404485737262966e+01
1.044582799108800231e+01
1.044865428372044747e+01
1.045020617531134910e+01
1.039007294552079053e+01
1.039046862648933001e+01
1.039219523435206405e+01
1.038982628725469048e+01
1.039185607923616494e+01
1.039559192422485978e+01
1.039760630006471587e+01
1.039853640727647743e+01
1.040157338717788527e+01
1.040859800904796018e+01
1.041210261191218400e+01
1.041513445309971786e+01
1.041812004586234686e+01
1.042504703216876116e+01
1.042817650891995740e+01
1.043086405627770752e+01
1.043357729720485239e+01
1.043748785846537075e+01
1.043898836291750598e+01
1.044077149663287862e+01
1.044252379806499675e+01
1.044399860894773546e+01
1.044707155984628066e+01
1.044866456114820430e+01
1.044999034932850535e+01
1.039632676030930014e+01
1.039452821045228781e+01
1.039537095952814383e+01
1.039595163419627077e+01
1.039466181701309822e+01
1.039738019665411706e+01
1.039887042367849546e+01
1.039976455989311788e+01
1.040235447168720739e+01
1.040902452229976660e+01
1.041263189944153389e+01
1.041533486294092370e+01
1.041913751121002463e+01
1.042595144581113864e+01
1.042851566403584584e+01
1.043096169184138056e+01
1.043355160363547007e+01
1.043806339441961661e+01
1.044020109939251739e+01
1.044131106158998357e+01
1.044438401248851989e+01
1.044595132022105943e+01
1.044717947283769810e+01
1.044884955484778111e+01
1.045111572766761121e+01
8.922355980869232539e+00
9.541602573472214743e+00
9.899947605194940436e+00
1.020125768962106250e+01
1.047997828692614952e+01
1.052294742003695127e+01
1.052838433075710611e+01
1.053041878767175810e+01
1.057131838702458460e+01
1.057349315131267531e+01
1.058103467263412867e+01
1.058517374015015200e+01
1.060948199259570934e+01
1.061334044536485344e+01
1.061102537370332222e+01
1.060909614731878747e+01
1.061961920032549855e+01
1.062393365205828388e+01
1.063642100829292580e+01
1.063649116197964695e+01
1.064101607477251754e+01
1.063715762200337345e+01
1.063975330841170930e+01
1.062933548593504263e+01
1.062509118788904949e+01
8.931616267515135377e+00
9.408029953973425563e+00
9.955333940853664743e+00
1.008164565377788158e+01
1.018371926794318583e+01
1.040144123465255888e+01
1.046394816951256423e+01
1.048288966492468788e+01
1.053652215841563944e+01
1.054104707120858464e+01
1.055518303908095668e+01
1.056377686570313124e+01
1.059292572253176345e+01
1.059832755640852042e+01
1.059916940064908530e+01
1.059825740272187566e+01
1.061063952842640035e+01
1.061540997912282869e+01
1.062772195114070861e+01
1.062923025540499822e+01
1.063424624400490792e+01
1.063014225333228246e+01
1.061919827820525342e+01
1.062126781196322867e+01
1.061832135712136704e+01
9.280034552568155348e+00
9.686890858651878489e+00
9.868764291451583404e+00
9.984623105055735692e+00
1.008073365585059733e+01
1.024948834923525531e+01
1.039379448280099005e+01
1.042389041440022623e+01
1.047026200131660545e+01
1.048706380928403270e+01
1.052947171290115058e+01
1.053753938687296454e+01
1.056360148148629641e+01
1.057114300280782260e+01
1.058713804337808284e+01
1.058633127598084300e+01
1.059299587621848282e+01
1.060151954915393802e+01
1.061825120343464768e+01
1.062018042981918242e+01
1.062744133639382937e+01
1.061747951288080394e+01
1.061305983061797420e+01
1.060930660837894735e+01
1.061246352428096706e+01
9.749011948234961977e+00
9.769777439501577732e+00
9.840843124140436160e+00
9.930569689444538994e+00
1.009090594042378441e+01
1.016625099995203030e+01
1.031367897257638866e+01
1.036920561560855170e+01
1.043192301152871693e+01
1.044851435843598608e+01
1.049695547911034055e+01
1.051186313753655632e+01
1.054269568284631475e+01
1.055199104633553908e+01
1.057268638391550830e+01
1.057366853552943908e+01
1.058022790523696166e+01
1.058826050236545235e+01
1.060734230515101473e+01
1.060892076310202548e+01
1.060548323245312474e+01
1.061084998948656022e+01
1.060776322727125986e+01
1.060621984616357238e+01
1.060772815042793660e+01
1.000623044056291455e+01
9.883601796191079814e+00
9.916258337355330355e+00
9.954842865046700240e+00
1.002938115717778089e+01
1.010388437246546367e+01
1.024429697641865644e+01
1.029792946990960800e+01
1.038488496458861299e+01
1.040961413915441547e+01
1.045181158171144631e+01
1.047226138138785956e+01
1.051782620090699893e+01
1.053311970461013658e+01
1.054399352605044626e+01
1.054665936614550148e+01
1.056616209105130899e+01
1.057482607136020292e+01
1.058359528219914125e+01
1.059583710053030181e+01
1.059373248992893046e+01
1.059387279730236919e+01
1.060173001021409789e+01
1.060264200814130753e+01
1.060355400606859000e+01
1.003067900038191240e+01
9.930745073661300992e+00
9.924080473423661175e+00
9.955228710323622110e+00
9.999530763481951467e+00
1.004660388726545328e+01
1.018424542059354820e+01
1.024899727342829081e+01
1.034174044726097463e+01
1.036643454498345385e+01
1.041634889307877465e+01
1.044402452248643876e+01
1.049474563797892479e+01
1.051077575539251008e+01
1.052589387487888573e+01
1.053101509400883806e+01
1.055146489368525131e+01
1.055953256765706527e+01
1.056879285430296811e+01
1.058128021053761003e+01
1.058128021053761003e+01
1.058352512851242189e+01
1.058464758749978962e+01
1.059611771527710644e+01
1.059745063532463405e+01
9.982553571297760442e+00
9.946599806858124282e+00
9.933901989563322488e+00
9.951089642807671609e+00
1.000114429827635831e+01
1.004628819567525078e+01
1.013910152319465396e+01
1.019589093258762702e+01
1.029003718015455782e+01
1.032272879816213162e+01
1.038435881193825061e+01
1.041066644445513667e+01
1.045875679669589253e+01
1.047447122251927532e+01
1.050632099628635885e+01
1.051035483327226494e+01
1.052512218432504199e+01
1.055146489368525131e+01
1.055525319276767604e+01
1.055374488850338643e+01
1.055879595394661941e+01
1.057180946283154910e+01
1.057387899658959718e+01
1.058661189072772224e+01
1.058969865294302259e+01
9.996549231796766577e+00
9.961437311597620692e+00
9.936357368598217832e+00
9.961893310561187320e+00
9.991252628449977635e+00
1.001615718723261672e+01
1.009423824054256613e+01
1.015302703000686790e+01
1.025348710937783991e+01
1.028512642208476358e+01
1.034738781904128757e+01
1.037888682437477250e+01
1.042985347777074345e+01
1.044479621304028250e+01
1.048120597644355989e+01
1.049551732853276853e+01
1.050716284052684912e+01
1.051761573984691189e+01
1.054115230173862727e+01
1.054315168180988138e+01
1.054722059563918535e+01
1.056118117929479538e+01
1.056328578989609390e+01
1.057370361237276057e+01
1.058015775155024230e+01
9.995286465435958334e+00
9.970416983496642516e+00
9.946564730014726408e+00
9.954492096613174468e+00
9.977958504818168706e+00
1.000121445196307768e+01
1.008154042324776434e+01
1.013096369553612064e+01
1.021272781739845215e+01
1.025503049048552739e+01
1.031203036093865855e+01
1.033900445347927111e+01
1.039575878602892089e+01
1.041883934895699326e+01
1.044549774990740509e+01
1.047650567943392730e+01
1.048692350191059397e+01
1.050021762554240290e+01
1.051666866507630616e+01
1.053157632350252193e+01
1.053582062154851506e+01
1.054490552397772873e+01
1.054904459149367746e+01
1.056514486259398211e+01
1.057198484704838570e+01
9.971609596170806000e+00
9.955088402950181603e+00
9.945793039460882667e+00
9.949967183820229266e+00
9.971784980387567998e+00
1.000545875000907081e+01
1.005705678658544500e+01
1.010556806094651705e+01
1.018343865319638120e+01
1.022542563469325394e+01
1.028891472116718830e+01
1.032062418756083311e+01
1.036973176825891407e+01
1.041340243823684020e+01
1.042574948709811622e+01
1.043883314966983988e+01
1.046847308230543661e+01
1.049748163176070115e+01
1.050235731298709752e+01
1.051880835252100077e+01
1.052473633904812012e+01
1.053445262465766419e+01
1.053873199954705342e+01
1.055584949910468318e+01
1.056318055936605127e+01
9.975748663686754725e+00
9.958631164129124969e+00
9.944354888883312427e+00
9.945091502593832899e+00
9.974310513109184484e+00
9.997917228687617452e+00
1.004137743760545831e+01
1.007926042842970382e+01
1.017133714223858654e+01
1.021932226394929799e+01
1.027860212922056427e+01
1.030669868074854634e+01
1.036685546710377182e+01
1.039972246932810762e+01
1.041712058363254378e+01
1.042736302189245023e+01
1.045268850279533268e+01
1.048082013116671263e+01
1.048944903463221046e+01
1.049920039708507780e+01
1.050593515100943698e+01
1.052350864953063514e+01
1.052992771186479182e+01
1.054539659978469324e+01
1.055213135370897959e+01
9.981536342840435339e+00
9.962840385331794835e+00
9.956491476684430353e+00
9.967154837064580164e+00
9.972907439374935734e+00
9.993637853798228221e+00
1.005323341065969700e+01
1.008985363512313427e+01
1.014776550350354967e+01
1.019119063557799265e+01
1.025717017793022201e+01
1.032167649286148148e+01
1.035261426870128254e+01
1.037597544637623415e+01
1.040926337072088970e+01
1.042610025553164199e+01
1.043827192017608141e+01
1.046805216018519147e+01
1.047661090996396993e+01
1.048499427552598462e+01
1.049274625790767068e+01
1.051344159548756707e+01
1.052077265574893339e+01
1.053771477108972832e+01
1.054434429448397026e+01
9.994409544351999131e+00
9.977081583734282333e+00
9.965576379113569416e+00
9.974345589952507751e+00
9.981816957587312800e+00
1.000093383721619844e+01
1.004951526526399164e+01
1.007936565895974645e+01
1.012871877756131056e+01
1.017389775180359912e+01
1.024812035234440444e+01
1.027544521331854277e+01
1.032756940254527933e+01
1.035412257296557392e+01
1.038334158348092551e+01
1.041045598339497857e+01
1.042301349331633986e+01
1.045367065440933629e+01
1.045900233459937390e+01
1.047334876353190580e+01
1.047976782586598965e+01
1.049835855284458752e+01
1.050775914686392909e+01
1.052820894654034234e+01
1.053276893617661081e+01
1.001236888815019199e+01
9.996759692856853619e+00
9.973082823591699508e+00
9.977712966914687343e+00
1.000328398572105293e+01
1.002057686949544646e+01
1.004600758092837332e+01
1.007652443464792924e+01
1.015236056998314140e+01
1.019859184952608011e+01
1.022995054748612453e+01
1.026134432228956683e+01
1.030417314802692985e+01
1.035321057503836428e+01
1.037278345363089116e+01
1.039411017439119078e+01
1.041540181830816891e+01
1.044195498872846350e+01
1.044553282675072836e+01
1.046124725257418575e+01
1.046864846652219860e+01
1.048667796400711261e+01
1.049390379373836168e+01
1.051431851657145344e+01
1.052024650309857279e+01
1.002359347802402745e+01
1.001079043019918302e+01
9.983851414501964783e+00
9.981992341804076574e+00
1.000570428791262678e+01
1.002482116754151242e+01
1.004320143345995042e+01
1.007126290814453640e+01
1.014702888979302919e+01
1.018677095331516469e+01
1.022510994310305144e+01
1.028709072531269619e+01
1.031683588847840838e+01
1.034829981696849721e+01
1.037330960628117893e+01
1.039246156275346067e+01
1.039779324294357288e+01
1.042399564493034347e+01
1.043122147466159433e+01
1.044907558792967173e+01
1.046086140729726388e+01
1.047604968047028429e+01
1.048404720075537888e+01
1.050134008452984524e+01
1.051228405965680146e+01
1.003320453310352889e+01
1.002320763274710558e+01
1.000517813526226618e+01
1.000861566591109053e+01
1.001482426718508911e+01
1.003330976363357152e+01
1.007399890192631275e+01
1.010490160092271594e+01
1.014415258863788694e+01
1.018200050261873635e+01
1.024296405637112883e+01
1.027979474189465314e+01
1.030764575551915208e+01
1.034345921258542411e+01
1.036008563633608937e+01
1.037492314107558578e+01
1.038484988774528972e+01
1.040740429802299971e+01
1.041648920045214055e+01
1.044114822133129650e+01
1.045181158171144631e+01
1.046805216018519147e+01
1.047390999302558967e+01
1.049471056113560330e+01
1.050744345527372658e+01
1.004635834936197192e+01
1.003622114163210988e+01
1.001377196188444074e+01
1.001089566072922565e+01
1.002012087053180522e+01
1.003362545522377225e+01
1.006642230376146330e+01
1.009115147832726578e+01
1.013825967895409086e+01
1.020216968754834497e+01
1.022731978423446542e+01
1.026888584361102019e+01
1.029094917808184029e+01
1.033216446902486929e+01
1.034787889484825207e+01
1.036741669659745568e+01
1.037369545155810080e+01
1.039596924708900616e+01
1.040789537383003882e+01
1.043069532201123195e+01
1.043971007075372626e+01
1.045584541869735418e+01
1.046956046444948107e+01
1.048895795882524595e+01
1.050053331713260540e+01
1.006175708359515220e+01
1.005295279591281776e+01
1.002324270959050168e+01
1.001738487675010170e+01
1.002580331915544143e+01
1.003667714059575111e+01
1.005603955812811812e+01
1.007947088948979086e+01
1.013566399254575501e+01
1.018224604052221949e+01
1.020367799181263457e+01
1.022809147478823633e+01
1.027649751861926575e+01
1.031669558110496965e+01
1.033272569851855494e+01
1.035587641513334667e+01
1.036524193230936497e+01
1.038905910894795781e+01
1.039923139352114312e+01
1.041894457948711050e+01
1.043037963042103122e+01
1.045160112065128821e+01
1.046370263160908110e+01
1.048271428070792410e+01
1.049495609903908466e+01
1.007487582301019913e+01
1.006992998809700879e+01
1.004130728391873895e+01
1.003253807307980061e+01
1.003590545004190737e+01
1.004207897447250808e+01
1.005197064429888876e+01
1.009336131945867976e+01
1.011970402881888909e+01
1.016155070294232310e+01
1.018694633753192669e+01
1.023461576765243564e+01
1.026295785708390085e+01
1.029985869629421735e+01
1.032399156452293987e+01
1.035980502158921013e+01
1.036766223450093882e+01
1.038225420133695209e+01
1.039323325330730441e+01
1.041543689515149040e+01
1.042603010184492085e+01
1.044497159725704449e+01
1.045819556720220689e+01
1.048169705225059900e+01
1.048615181135675023e+01
1.008957302037625503e+01
1.008624072025747331e+01
1.007270105872210664e+01
1.006961429650680628e+01
1.004933988104715503e+01
1.005151464533524752e+01
1.007178906079489877e+01
1.008757364030500092e+01
1.011735388031403637e+01
1.018133404259500985e+01
1.021016720783343956e+01
1.023307238654474993e+01
1.026397508554122773e+01
1.031739711797209225e+01
1.033314662063879830e+01
1.035257919185795927e+01
1.036173424797381948e+01
1.037650159902659652e+01
1.039309294593386568e+01
1.040905290966072982e+01
1.042108426693180512e+01
1.043802638227260005e+01
1.046447432216285200e+01
1.047457645304931795e+01
1.047783859948145491e+01
1.010153422396061096e+01
1.009995576600960021e+01
1.008957302037625503e+01
1.008827517717212352e+01
1.006852691436283465e+01
1.007424443982979412e+01
1.008704748765463854e+01
1.009385239526564426e+01
1.012338709737127118e+01
1.019192724928844029e+01
1.022219856510451308e+01
1.024057883102295285e+01
1.026786861515369509e+01
1.030971528927720016e+01
1.032665740461799508e+01
1.034700197376436570e+01
1.035563087722986353e+01
1.037590529268951478e+01
1.039039202899548719e+01
1.040670276115587711e+01
1.041789227418638752e+01
1.043956976338028575e+01
1.045058389219396133e+01
1.046647370223418072e+01
1.046994630972640294e+01
1.011991448987904896e+01
1.011854649298812525e+01
1.010265668294797869e+01
1.010093791762352922e+01
1.010511206198287582e+01
1.009392254895236540e+01
1.010626959781364143e+01
1.015741163542637260e+01
1.018508726483403670e+01
1.020630875506429369e+01
1.022981024011268580e+01
1.026660584879288685e+01
1.028210981355618259e+01
1.030389253328012522e+01
1.031837926958602303e+01
1.034500259369311159e+01
1.035805117942143738e+01
1.037274837678749506e+01
1.038653357622634132e+01
1.040340553788048972e+01
1.042290826278629723e+01
1.043367685369648967e+01
1.044262144875226461e+01
1.045731864611832052e+01
1.047194568979765883e+01
1.013583937676251701e+01
1.013257723033045465e+01
1.011317973595468978e+01
1.011577542236302563e+01
1.012205417732374357e+01
1.011125050957015503e+01
1.012559693850268516e+01
1.016611069257859157e+01
1.018568357117111844e+01
1.020813275091878758e+01
1.022921393377567867e+01
1.026155478334965387e+01
1.027316521850040942e+01
1.029480763085098438e+01
1.031108328616805281e+01
1.034398536523578471e+01
1.035836687101163989e+01
1.037134530305324631e+01
1.038558650145573559e+01
1.040687814537271194e+01
1.041634889307877465e+01
1.042925717143366171e+01
1.043809653595931941e+01
1.045489834392674844e+01
1.046682447066770649e+01
1.015421964268095678e+01
1.014951934567132241e+01
1.014590643080565968e+01
1.013212123136681342e+01
1.014131136432606795e+01
1.015632425328232813e+01
1.016481284937446006e+01
1.017070575905818330e+01
1.018610449329136358e+01
1.022030441556330160e+01
1.023507176661607687e+01
1.025373264728132128e+01
1.026955230363482130e+01
1.031122359354149154e+01
1.032935832155637357e+01
1.034423090313926785e+01
1.035899825419204312e+01
1.038141235709638899e+01
1.039400494386114815e+01
1.040484368845806173e+01
1.041494581934452590e+01
1.042564425656799898e+01
1.044363867720951689e+01
1.045310942491557782e+01
1.046208909681467425e+01
1.018189527208869372e+01
1.016607561573526830e+01
1.016456731147090409e+01
1.016414638935065895e+01
1.015558763957188049e+01
1.016260300824304608e+01
1.016653161469883671e+01
1.017333652230991525e+01
1.018487680377395144e+01
1.021788411337172775e+01
1.023794806777121913e+01
1.025271541882399617e+01
1.027330552587384815e+01
1.031557312211760014e+01
1.033079647213401842e+01
1.034451151788607248e+01
1.035615702988022591e+01
1.038239450871031799e+01
1.039593417024568467e+01
1.040540491795174560e+01
1.042431133652054598e+01
1.043402762213008828e+01
1.044290206349906924e+01
1.045079435325412121e+01
1.047240168876130006e+01
