1.635178583763792992e+09
1.635178583782159090e+09
1.635178584783413887e+09
1.635178585783415079e+09
1.635178586783413887e+09
1.635178587785794973e+09
1.635178588783382893e+09
1.635178589788196087e+09
1.635178590783529997e+09
1.635178591785701036e+09
1.635178592818650961e+09
1.635178593784086943e+09
1.635178594802190065e+09
1.635178595783261061e+09
1.635178596784089088e+09
1.635178597783359051e+09
1.635178598783341885e+09
1.635178599784296989e+09
1.635178600784678936e+09
1.635178601786056995e+09
1.635178602796132088e+09
1.635178603783361912e+09
1.635178604783643961e+09
1.635178605783333063e+09
1.635178606783395052e+09
1.635178607783065081e+09
1.635178608783951044e+09
1.635178609783339977e+09
1.635178610784014940e+09
1.635178611783883095e+09
1.635178612783464909e+09
1.635178613782747984e+09
1.635178614787369013e+09
1.635178615785051107e+09
1.635178616783327103e+09
1.635178617788772106e+09
1.635178618789933920e+09
1.635178619786798954e+09
1.635178620789614916e+09
1.635178621789706945e+09
1.635178622783359051e+09
1.635178623783361912e+09
1.635178624783066988e+09
1.635178625789360046e+09
1.635178626784293890e+09
1.635178627782686949e+09
1.635178628783438921e+09
1.635178629784137964e+09
1.635178630783476114e+09
1.635178631783744097e+09
1.635178634042843103e+09
1.635178634198721886e+09
1.635178634782663107e+09
1.635178635783394098e+09
1.635178636783241034e+09
1.635178637783513069e+09
1.635178638783565998e+09
1.635178639783077955e+09
1.635178640782928944e+09
1.635178641784306049e+09
1.635178642783068895e+09
1.635178643782882929e+09
1.635178644783246040e+09
1.635178645784188032e+09
1.635178646790317059e+09
1.635178647782990932e+09
1.635178648784210920e+09
1.635178649783411026e+09
1.635178650783488035e+09
1.635178651783596039e+09
1.635178652783143997e+09
1.635178653786807060e+09
1.635178654783478022e+09
1.635178655784111977e+09
1.635178656783078909e+09
1.635178657783294916e+09
1.635178658783133984e+09
1.635178659782738924e+09
1.635178660783519983e+09
1.635178661782891035e+09
1.635178662783076048e+09
1.635178663783421040e+09
1.635178664783473015e+09
1.635178665783370972e+09
1.635178666782799006e+09
1.635178667782772064e+09
1.635178668783080101e+09
1.635178669784615993e+09
1.635178670783188105e+09
1.635178671783261061e+09
1.635178672783281088e+09
1.635178673783387899e+09
1.635178674783320904e+09
1.635178675783273935e+09
1.635178676783304930e+09
1.635178677783289909e+09
1.635178678782767057e+09
1.635178679783584118e+09
1.635178680783328056e+09
1.635178681783421993e+09
1.635178682783900976e+09
1.635178683783076048e+09
1.635178684787888050e+09
1.635178685783807993e+09
1.635178686783083916e+09
1.635178687784151077e+09
1.635178688783332109e+09
1.635178689783281088e+09
1.635178690784260035e+09
1.635178691783493996e+09
1.635178692783740044e+09
1.635178693783317089e+09
1.635178694783344984e+09
1.635178695783351898e+09
1.635178696783406019e+09
1.635178697783289909e+09
1.635178698783310890e+09
1.635178699782949924e+09
1.635178700782824039e+09
1.635178701783322096e+09
1.635178702783251047e+09
1.635178703783257961e+09
1.635178704783576012e+09
1.635178705783819914e+09
1.635178706783377886e+09
1.635178707782414913e+09
1.635178708782504082e+09
1.635178709783693075e+09
1.635178710798573017e+09
1.635178711789098978e+09
1.635178712783986092e+09
1.635178713783555031e+09
1.635178714784641027e+09
1.635178715782988071e+09
1.635178716783072948e+09
1.635178717783243895e+09
1.635178718783605099e+09
1.635178719783308983e+09
1.635178720783397913e+09
1.635178721782911062e+09
1.635178722783921003e+09
1.635178723782866001e+09
1.635178724783299923e+09
1.635178725782721996e+09
1.635178726782444000e+09
1.635178727782866955e+09
1.635178728783776999e+09
1.635178729783313036e+09
1.635178730783049107e+09
1.635178731782773972e+09
1.635178732783283949e+09
1.635178733783535004e+09
1.635178734782823086e+09
1.635178735783444881e+09
1.635178736783523083e+09
1.635178737784317970e+09
1.635178738783447027e+09
1.635178739782826900e+09
1.635178740782991886e+09
1.635178741783436060e+09
1.635178742783113956e+09
1.635178743783521891e+09
1.635178744783320904e+09
1.635178745783072948e+09
1.635178746782836914e+09
1.635178747784332991e+09
1.635178748783446074e+09
1.635178749782820940e+09
1.635178750782860041e+09
1.635178751783341885e+09
1.635178752783320904e+09
1.635178753783128977e+09
1.635178754783480883e+09
1.635178755783351898e+09
1.635178756783361912e+09
1.635178757783420086e+09
1.635178758783804893e+09
1.635178759783307076e+09
1.635178760783176899e+09
1.635178761783339024e+09
1.635178762783195972e+09
1.635178763782685995e+09
1.635178764782537937e+09
1.635178765782668114e+09
1.635178766783289909e+09
1.635178767783385038e+09
1.635178768783639908e+09
1.635178769782860041e+09
1.635178770783663034e+09
1.635178771782502890e+09
1.635178772783045053e+09
1.635178773784049034e+09
1.635178774784291983e+09
1.635178775783338070e+09
1.635178776783360004e+09
1.635178777782313108e+09
1.635178778783463955e+09
1.635178779782340050e+09
1.635178780783375025e+09
1.635178781783014059e+09
1.635178782782417059e+09
1.635178783783145905e+09
1.635178784782874107e+09
1.635178785782529116e+09
1.635178786783103943e+09
1.635178787783340931e+09
1.635178788782576084e+09
1.635178789782866001e+09
1.635178790782984018e+09
1.635178791782896042e+09
1.635178792783304930e+09
1.635178793783351898e+09
1.635178794783190966e+09
1.635178795783412933e+09
1.635178796782505989e+09
1.635178797785768986e+09
1.635178798782911062e+09
1.635178799783274889e+09
1.635178800782860994e+09
1.635178801782908916e+09
1.635178802783090115e+09
1.635178817823863029e+09
1.635178818825429916e+09
1.635178819825095892e+09
1.635178820825237989e+09
1.635178821824382067e+09
1.635178822824875116e+09
1.635178823825021029e+09
1.635178824824124098e+09
1.635178825824269056e+09
1.635178826825267076e+09
1.635178827824728966e+09
1.635178828824884892e+09
1.635178829825351000e+09
1.635178830825278997e+09
1.635178831824856043e+09
1.635178832824784994e+09
1.635178833824549913e+09
1.635178834823987961e+09
1.635178835824886084e+09
1.635178836824798107e+09
1.635178837824611902e+09
1.635178838825213909e+09
1.635178839825135946e+09
1.635178840824291945e+09
1.635178841824080944e+09
1.635178842824927092e+09
1.635178843825073957e+09
1.635178844824201107e+09
1.635178845825001001e+09
1.635178846825660944e+09
1.635178847824186087e+09
1.635178848825272083e+09
1.635178849825033903e+09
1.635178850825186014e+09
1.635178851825239897e+09
1.635178852825288057e+09
1.635178853825577974e+09
1.635178854824413061e+09
1.635178855824942112e+09
1.635178856824341059e+09
1.635178857823908091e+09
1.635178858824647903e+09
1.635178859825083971e+09
1.635178860824022055e+09
1.635178861825376034e+09
1.635178862824955940e+09
1.635178863824362993e+09
1.635178864824788094e+09
1.635178865827130079e+09
1.635178866825073004e+09
1.635178867824604034e+09
1.635178868824393988e+09
1.635178869824266911e+09
1.635178872005283117e+09
1.635178872011409044e+09
1.635178872824757099e+09
1.635178873824696064e+09
1.635178874828696012e+09
1.635178875824974060e+09
1.635178876824861050e+09
1.635178877825239897e+09
1.635178878825172901e+09
1.635178879825068951e+09
1.635178880824841976e+09
1.635178881825184107e+09
1.635178882824806929e+09
1.635178883824934959e+09
1.635178884825197935e+09
1.635178885824887037e+09
1.635178886824788094e+09
1.635178887824141026e+09
1.635178888824976921e+09
1.635178889824310064e+09
1.635178890825249910e+09
1.635178891824899912e+09
1.635178892824882984e+09
1.635178893825020075e+09
1.635178894825346947e+09
1.635178895824476957e+09
1.635178896825222015e+09
1.635178897824485064e+09
1.635178898825258017e+09
1.635178899824999094e+09
1.635178900825020075e+09
1.635178901824166059e+09
1.635178902824316025e+09
1.635178903824681044e+09
1.635178904824460983e+09
1.635178905825242996e+09
1.635178906824079990e+09
1.635178907825339079e+09
1.635178908825758934e+09
1.635178909825160980e+09
1.635178910825195074e+09
1.635178911825086117e+09
1.635178912825431108e+09
1.635178913825052023e+09
1.635178914825200081e+09
1.635178915825263023e+09
1.635178916825731993e+09
1.635178917824449062e+09
1.635178918824748039e+09
1.635178919825503111e+09
1.635178920825169086e+09
1.635178921824174881e+09
1.635178922826602936e+09
1.635178923824316025e+09
1.635178924825113058e+09
1.635178925824294090e+09
1.635178926824903965e+09
1.635178927825047970e+09
1.635178928824882030e+09
1.635178929825176001e+09
1.635178930824197054e+09
1.635178931824858904e+09
1.635178932824958086e+09
1.635178933824829102e+09
1.635178934824872017e+09
1.635178935824444056e+09
1.635178936825216055e+09
1.635178937825666904e+09
1.635178938824366093e+09
1.635178939825267076e+09
1.635178940825184107e+09
1.635178941824584007e+09
1.635178942824805021e+09
1.635178943824521065e+09
1.635178944825047970e+09
1.635178945824924946e+09
1.635178946823971987e+09
1.635178947825252056e+09
1.635178948824831963e+09
1.635178949824341059e+09
1.635178950824783087e+09
1.635178951825671911e+09
1.635178952824192047e+09
1.635178953824949026e+09
1.635178954825051069e+09
1.635178955825618029e+09
1.635178956823920965e+09
1.635178957825385094e+09
1.635178958824557066e+09
1.635178959825002909e+09
1.635178960824495077e+09
1.635178961824975014e+09
1.635178962825830936e+09
1.635178963824038029e+09
1.635178964824062109e+09
1.635178965825726032e+09
1.635178966827874899e+09
1.635178967824362040e+09
1.635178968825053930e+09
1.635178969826095104e+09
1.635178970825293064e+09
1.635178971825442076e+09
1.635178972824882030e+09
1.635178973825141907e+09
1.635178974825069904e+09
1.635178975824429035e+09
1.635178976825056076e+09
1.635178977824827909e+09
1.635178978825346947e+09
1.635178979825131893e+09
1.635178980824583054e+09
1.635178981824350119e+09
1.635178982825793982e+09
1.635178983825099945e+09
1.635178984824516058e+09
1.635178985825047970e+09
1.635178986824503899e+09
1.635178987824043036e+09
1.635178988825236082e+09
1.635178989825128078e+09
1.635178990825160980e+09
1.635178991824901104e+09
1.635178992825028896e+09
1.635178993824327946e+09
1.635178994825064898e+09
1.635178995825711012e+09
1.635178996825278997e+09
1.635178997824949980e+09
1.635178998824911118e+09
1.635178999824814081e+09
1.635179000825885057e+09
1.635179001828289032e+09
1.635179002825156927e+09
1.635179003824898958e+09
1.635179004824739933e+09
1.635179005824729919e+09
1.635179006824980021e+09
1.635179007825212955e+09
1.635179008824876070e+09
1.635179009825153112e+09
1.635179010825180054e+09
1.635179011824007034e+09
1.635179012824490070e+09
1.635179013825068951e+09
1.635179014824894905e+09
1.635179015824961901e+09
1.635179016824361086e+09
1.635179017825095892e+09
1.635179018824542046e+09
1.635179019824984074e+09
1.635179020825061083e+09
1.635179021824429035e+09
1.635179022825063944e+09
1.635179023824801922e+09
1.635179024825072050e+09
1.635179025825136900e+09
1.635179026824290991e+09
1.635179027825018883e+09
1.635179028824918985e+09
1.635179029824708939e+09
1.635179030824835062e+09
1.635179031825212002e+09
1.635179032824914932e+09
1.635179033824476957e+09
1.635179034825130939e+09
1.635179035825021029e+09
1.635179036824965954e+09
1.635179037824337959e+09
1.635179038825067997e+09
1.635179039824351072e+09
1.635179040824367046e+09
1.635179041824831963e+09
1.635179042824894905e+09
1.635179043825141907e+09
1.635179044824829102e+09
1.635179045824498892e+09
1.635179046823987007e+09
1.635179047824932098e+09
1.635179048825031996e+09
1.635179049824867964e+09
1.635179050825052977e+09
1.635179051824018002e+09
1.635179052828027964e+09
1.635179053824075937e+09
1.635179054841696024e+09
1.635179055832978964e+09
1.635179056825038910e+09
1.635179057824489117e+09
1.635179058824157000e+09
1.635179059838063955e+09
1.635179060824410915e+09
1.635179061825459003e+09
1.635179062840274096e+09
1.635179063826236010e+09
1.635179064825167894e+09
1.635179065825232983e+09
1.635179066916277885e+09
1.635179067824959993e+09
1.635179068824815035e+09
1.635179069824158907e+09
1.635179070824577093e+09
1.635179071824845076e+09
1.635179072824223042e+09
1.635179073825642109e+09
1.635179074825053930e+09
1.635179075824613094e+09
1.635179076825289965e+09
1.635179077825665951e+09
1.635179078824573040e+09
1.635179079824209929e+09
1.635179080825005054e+09
1.635179081824958086e+09
1.635179082825329065e+09
1.635179083825166941e+09
1.635179084825035095e+09
1.635179085825222969e+09
1.635179086824366093e+09
1.635179087825748920e+09
1.635179088825193882e+09
1.635179089824867964e+09
1.635179090825376987e+09
1.635179091825119019e+09
1.635179092825443029e+09
1.635179093824717999e+09
1.635179094825679064e+09
1.635179095824640036e+09
1.635179096824570894e+09
1.635179097825386047e+09
1.635179098825011969e+09
1.635179099824919939e+09
1.635179100825052977e+09
1.635179101824851036e+09
1.635179102824907064e+09
1.635179103824117899e+09
1.635179104824911118e+09
1.635179105827734947e+09
1.635179106824904919e+09
1.635179107824909925e+09
1.635179108824974060e+09
1.635179109830843925e+09
1.635179110825272083e+09
1.635179111824508905e+09
1.635179112824837923e+09
1.635179113824156046e+09
1.635179114824654102e+09
1.635179115825310946e+09
1.635179116824681997e+09
1.635179117824521065e+09
1.635179118824939966e+09
1.635179119824441910e+09
1.635179120829756021e+09
1.635179121824193001e+09
1.635179122824605942e+09
1.635179123825175047e+09
1.635179124824835062e+09
1.635179125825279951e+09
1.635179126825047970e+09
1.635179127824646950e+09
1.635179128825074911e+09
1.635179129825407028e+09
1.635179130825063944e+09
1.635179131825093985e+09
1.635179132824345112e+09
1.635179133824579000e+09
1.635179134825092077e+09
1.635179135825146914e+09
1.635179136825212955e+09
1.635179137825136900e+09
1.635179138824246883e+09
1.635179139825062037e+09
1.635179140824193954e+09
1.635179141825035095e+09
1.635179142825130939e+09
1.635179143826066971e+09
1.635179144825064898e+09
1.635179145826226950e+09
1.635179146825098991e+09
1.635179147825172901e+09
1.635179148824966908e+09
1.635179149825284004e+09
1.635179150825206995e+09
1.635179151824815989e+09
1.635179152825086117e+09
1.635179153824814081e+09
1.635179154824958086e+09
1.635179155825069904e+09
1.635179156824443102e+09
1.635179157825027943e+09
1.635179158825144053e+09
1.635179159824920893e+09
1.635179160825222015e+09
1.635179161824079990e+09
1.635179162824593067e+09
1.635179163824469090e+09
1.635179164825150967e+09
1.635179165825294018e+09
1.635179166824934006e+09
1.635179167826350927e+09
1.635179168824244976e+09
1.635179169824383020e+09
1.635179170823973894e+09
1.635179171824903011e+09
1.635179172824729919e+09
1.635179173825565100e+09
1.635179174824489117e+09
1.635179175824278116e+09
1.635179176825089931e+09
1.635179177824851036e+09
1.635179178824297905e+09
1.635179179824867964e+09
1.635179180825092077e+09
1.635179181825126886e+09
1.635179182825083017e+09
1.635179183824636936e+09
1.635179184824404001e+09
1.635179185825002909e+09
1.635179186824218988e+09
1.635179187824323893e+09
1.635179188825275898e+09
1.635179189825084925e+09
1.635179190825011015e+09
1.635179191824700117e+09
1.635179192824390888e+09
1.635179193824281931e+09
1.635179194824439049e+09
1.635179195824847937e+09
1.635179196825788975e+09
1.635179197824028015e+09
1.635179198824075937e+09
1.635179199825227022e+09
1.635179200829307079e+09
1.635179201824021101e+09
1.635179202824892998e+09
1.635179203824857950e+09
1.635179204825094938e+09
1.635179205824517012e+09
1.635179206824456930e+09
1.635179207824861050e+09
1.635179208825011015e+09
1.635179209829003096e+09
1.635179210824696064e+09
1.635179211825918913e+09
1.635179212824920893e+09
1.635179213824990034e+09
1.635179214845587015e+09
1.635179215825153112e+09
1.635179216824491024e+09
1.635179217824943066e+09
1.635179218824665070e+09
1.635179219824117899e+09
1.635179220825184107e+09
1.635179221823972940e+09
1.635179222825023890e+09
1.635179223824536085e+09
1.635179224825136900e+09
1.635179225825084925e+09
1.635179226825176001e+09
1.635179227824095964e+09
1.635179228824976921e+09
1.635179229825217009e+09
1.635179230825336933e+09
1.635179231824393988e+09
1.635179232831451893e+09
1.635179233824141979e+09
1.635179234823978901e+09
1.635179235825232983e+09
1.635179236824820995e+09
1.635179237825139999e+09
1.635179238825035095e+09
1.635179239824975967e+09
1.635179240825512886e+09
1.635179241824404001e+09
1.635179242824743986e+09
1.635179243825834990e+09
1.635179244825011969e+09
1.635179245825398922e+09
1.635179246824790001e+09
1.635179247824266911e+09
1.635179248824632883e+09
1.635179249825505972e+09
1.635179250825437069e+09
1.635179251825968981e+09
1.635179252825179100e+09
1.635179253824306011e+09
1.635179254824120045e+09
1.635179255825784922e+09
1.635179256824999094e+09
1.635179257824389935e+09
1.635179258824873924e+09
1.635179259826273918e+09
1.635179260826009035e+09
1.635179261824749947e+09
1.635179262825570107e+09
1.635179263824968100e+09
1.635179264825001955e+09
1.635179265837326050e+09
1.635179269682929993e+09
1.635179270665766954e+09
1.635179271666059017e+09
1.635179272665716887e+09
1.635179273665669918e+09
1.635179274666352987e+09
1.635179275665698051e+09
1.635179276666522980e+09
1.635179277665678024e+09
1.635179278665702105e+09
1.635179279666006088e+09
1.635179280665790081e+09
1.635179281665812016e+09
1.635179282665903091e+09
1.635179283666069984e+09
1.635179284666124105e+09
1.635179285665880919e+09
1.635179286666914940e+09
1.635179287666062117e+09
1.635179288666337013e+09
1.635179289666490078e+09
1.635179290665712118e+09
1.635179291666671038e+09
1.635179292689250946e+09
1.635179293665764093e+09
1.635179294666573048e+09
1.635179295665791988e+09
1.635179296667741060e+09
1.635179297665780067e+09
1.635179298665786982e+09
1.635179299665832043e+09
1.635179300665683985e+09
1.635179301665846109e+09
1.635179302665899038e+09
1.635179303665971994e+09
1.635179304665853977e+09
1.635179305667201042e+09
1.635179306667807102e+09
1.635179307665710926e+09
1.635179308666800022e+09
1.635179309665934086e+09
1.635179310665865898e+09
1.635179311666570902e+09
1.635179312689320087e+09
1.635179313665790081e+09
1.635179314665786982e+09
1.635179315665904045e+09
1.635179316666047096e+09
1.635179317665882111e+09
1.635179318665716887e+09
1.635179319665755987e+09
1.635179320665749073e+09
1.635179321665751934e+09
1.635179322665700912e+09
1.635179323669699907e+09
1.635179324665702105e+09
1.635179325672835112e+09
1.635179326674304962e+09
1.635179327669790030e+09
1.635179328668278933e+09
1.635179329665772915e+09
1.635179330665644884e+09
1.635179331671366930e+09
1.635179332665746927e+09
1.635179333668939114e+09
1.635179334665854931e+09
1.635179335665688992e+09
1.635179336665760994e+09
1.635179337665796041e+09
1.635179338665796041e+09
1.635179339665687084e+09
1.635179340666076899e+09
1.635179341677371025e+09
1.635179342666403055e+09
1.635179343665972948e+09
1.635179344666367054e+09
1.635179345665678024e+09
1.635179346666094065e+09
1.635179347665738106e+09
1.635179348675196886e+09
1.635179349668282986e+09
1.635179350684787989e+09
1.635179351665935040e+09
1.635179352672205925e+09
1.635179353666924000e+09
1.635179354665759087e+09
1.635179355666285992e+09
1.635179356669146061e+09
1.635179357709858894e+09
1.635179358667547941e+09
1.635179359666759014e+09
1.635179360665764093e+09
1.635179361665718079e+09
1.635179362665745974e+09
1.635179363666515112e+09
1.635179364671492100e+09
1.635179365668700933e+09
1.635179366665920019e+09
1.635179367671511889e+09
1.635179368667272091e+09
1.635179369669949055e+09
1.635179370669480085e+09
1.635179371665738106e+09
1.635179372670159101e+09
1.635179373667304039e+09
1.635179374668860912e+09
1.635179375665679932e+09
1.635179376666538000e+09
1.635179377668353081e+09
1.635179378665793896e+09
1.635179379667100906e+09
1.635179380666373014e+09
1.635179381666182995e+09
1.635179382668209076e+09
1.635179383665673971e+09
1.635179384665689945e+09
1.635179385665708065e+09
1.635179386665762901e+09
1.635179387665669918e+09
1.635179388666208029e+09
1.635179389665678978e+09
1.635179390665683031e+09
1.635179391665728092e+09
1.635179392665680885e+09
1.635179393665729046e+09
1.635179394665853977e+09
1.635179395666140079e+09
1.635179396665771961e+09
1.635179397665759087e+09
1.635179398665819883e+09
1.635179399665736914e+09
1.635179400665731907e+09
1.635179401665853024e+09
1.635179402666155100e+09
1.635179403665810108e+09
