1.635271198404922009e+09
1.635271200384902000e+09
1.635271201384891987e+09
1.635271202384908915e+09
1.635271203384902954e+09
1.635271204384740114e+09
1.635271205384778976e+09
1.635271206384727001e+09
1.635271207384748936e+09
1.635271208384852886e+09
1.635271209384927034e+09
1.635271210384962082e+09
1.635271211384938002e+09
1.635271212384919882e+09
1.635271213384880066e+09
1.635271214384829998e+09
1.635271215384938955e+09
1.635271216384951115e+09
1.635271217384934902e+09
1.635271218384854078e+09
1.635271219384953022e+09
1.635271220384941101e+09
1.635271221384932041e+09
1.635271222384912014e+09
1.635271223385071993e+09
1.635271224384958982e+09
1.635271225384911060e+09
1.635271226384836912e+09
1.635271227384682894e+09
1.635271228384834051e+09
1.635271229384931087e+09
1.635271230384789944e+09
1.635271231384778023e+09
1.635271232384747028e+09
1.635271233384793997e+09
1.635271234384809971e+09
1.635271235384794950e+09
1.635271236384794950e+09
1.635271237384789944e+09
1.635271238384793043e+09
1.635271239384808064e+09
1.635271240384728909e+09
1.635271241384905100e+09
1.635271242384922981e+09
1.635271243384907961e+09
1.635271244384916067e+09
1.635271245384790897e+09
1.635271246384912014e+09
1.635271247384738922e+09
1.635271248384874105e+09
1.635271249385121107e+09
1.635271250385580063e+09
1.635271251384952068e+09
1.635271252384812117e+09
1.635271253384795904e+09
1.635271254384833097e+09
1.635271255384834051e+09
1.635271256384917021e+09
1.635271257384941101e+09
1.635271258384845018e+09
1.635271259384888887e+09
1.635271260384855986e+09
1.635271261384947062e+09
1.635271262384947062e+09
1.635271263384926081e+09
1.635271264384773970e+09
1.635271265384896040e+09
1.635271266384891033e+09
1.635271267384677887e+09
1.635271268384748936e+09
1.635271269384927034e+09
1.635271270384969950e+09
1.635271271384985924e+09
1.635271272384918928e+09
1.635271273384926081e+09
1.635271274384910107e+09
1.635271275384814978e+09
1.635271276384887934e+09
1.635271277384905100e+09
1.635271278384845972e+09
1.635271279384864092e+09
1.635271280384934902e+09
1.635271281384911060e+09
1.635271282384921074e+09
1.635271283384946108e+09
1.635271284384936094e+09
1.635271285384926081e+09
1.635271286384823084e+09
1.635271287384727955e+09
1.635271288384848118e+09
1.635271289384505987e+09
1.635271290384785891e+09
1.635271291384804010e+09
1.635271292384795904e+09
1.635271293384799957e+09
1.635271294384804964e+09
1.635271295384793043e+09
1.635271296384737015e+09
1.635271297384804010e+09
1.635271298384907961e+09
1.635271299384818077e+09
1.635271300384809971e+09
1.635271301384910107e+09
1.635271302384828091e+09
1.635271303384877920e+09
1.635271304384717941e+09
1.635271305384754896e+09
1.635271306384911060e+09
1.635271307384743929e+09
1.635271308384855986e+09
1.635271309384839058e+09
1.635271310384932995e+09
1.635271311384938002e+09
1.635271312384737968e+09
1.635271313384783983e+09
1.635271314384789944e+09
1.635271315384785891e+09
1.635271316384794950e+09
1.635271317384807110e+09
1.635271318384790897e+09
1.635271319384871006e+09
1.635271320384795904e+09
1.635271321384902954e+09
1.635271322384802103e+09
1.635271323384913921e+09
1.635271324384917974e+09
1.635271325384913921e+09
1.635271326384908915e+09
1.635271327384699106e+09
1.635271328384777069e+09
1.635271329384855986e+09
1.635271330384751081e+09
1.635271331384871006e+09
1.635271332384462118e+09
1.635271333384903908e+09
1.635271334384860039e+09
1.635271335384963036e+09
1.635271336384767056e+09
1.635271337384919882e+09
1.635271338384785891e+09
1.635271339384809017e+09
1.635271340384810925e+09
1.635271341384812117e+09
1.635271342384810925e+09
1.635271343384799004e+09
1.635271344384691954e+09
1.635271345384767056e+09
1.635271346384778976e+09
1.635271347384506941e+09
1.635271348384711981e+09
1.635271349384778976e+09
1.635271350384836912e+09
1.635271351384802103e+09
1.635271352384879112e+09
1.635271353384911060e+09
1.635271354384924889e+09
1.635271355384938002e+09
1.635271356384928942e+09
1.635271357384953022e+09
1.635271358384207010e+09
1.635271359385005951e+09
1.635271360384825945e+09
1.635271361384898901e+09
1.635271362384819984e+09
1.635271363384824991e+09
1.635271364384704113e+09
1.635271365384769917e+09
1.635271366384799004e+09
1.635271367384697914e+09
1.635271368384759903e+09
1.635271369384763956e+09
1.635271370384829998e+09
1.635271371384814024e+09
1.635271372384835005e+09
1.635271373384898901e+09
1.635271374384929895e+09
1.635271375384852886e+09
1.635271376384790897e+09
1.635271377384790897e+09
1.635271378384803057e+09
1.635271379384890079e+09
1.635271380384320021e+09
1.635271381384952068e+09
1.635271382384248972e+09
1.635271383384824991e+09
1.635271384384711027e+09
1.635271385384749889e+09
1.635271386384819984e+09
1.635271387384712934e+09
1.635271388384768963e+09
1.635271389384773016e+09
1.635271390384836912e+09
1.635271391384886026e+09
1.635271392384821892e+09
1.635271393384737015e+09
1.635271394384713888e+09
1.635271395384793043e+09
1.635271396384780884e+09
1.635271397384807110e+09
1.635271398384835005e+09
