0.000000000000000000e+00
3.476657485961914062e+01
3.563840484619140625e+01
3.604752349853515625e+01
3.577231597900390625e+01
3.582947540283203125e+01
3.599117660522460938e+01
3.518564605712890625e+01
3.507976913452148438e+01
3.567063522338867188e+01
3.567607498168945312e+01
3.474451828002929688e+01
3.591867828369140625e+01
3.551582717895507812e+01
3.539595794677734375e+01
3.583072662353515625e+01
3.584056854248046875e+01
3.583218383789062500e+01
3.559105682373046875e+01
3.402267074584960938e+01
3.655843353271484375e+01
3.558028793334960938e+01
3.506876754760742188e+01
3.599143981933593750e+01
3.564058303833007812e+01
3.456121063232421875e+01
3.590829086303710938e+01
3.553349304199218750e+01
3.566805267333984375e+01
3.566699218750000000e+01
3.496551895141601562e+01
3.565967941284179688e+01
3.490545654296875000e+01
3.546801376342773438e+01
3.587150955200195312e+01
3.451984786987304688e+01
3.586264419555664062e+01
3.542517089843750000e+01
3.595676803588867188e+01
3.463820648193359375e+01
3.524748229980468750e+01
3.492015457153320312e+01
3.536114120483398438e+01
3.597096252441406250e+01
3.498836135864257812e+01
3.575317382812500000e+01
3.446328735351562500e+01
3.569581985473632812e+01
3.511812973022460938e+01
3.542811203002929688e+01
3.585763931274414062e+01
3.592715072631835938e+01
3.600927734375000000e+01
3.499484252929687500e+01
3.505551147460937500e+01
3.513880920410156250e+01
3.636403274536132812e+01
3.533952713012695312e+01
3.608230209350585938e+01
3.556163406372070312e+01
3.569441604614257812e+01
3.556710433959960938e+01
3.511594772338867188e+01
3.605979537963867188e+01
3.415189361572265625e+01
3.595719146728515625e+01
3.577687835693359375e+01
3.550368118286132812e+01
3.540839767456054688e+01
3.497621917724609375e+01
3.576213073730468750e+01
3.501286315917968750e+01
3.471112442016601562e+01
3.509443664550781250e+01
3.588002395629882812e+01
3.548786544799804688e+01
3.585649108886718750e+01
3.514591217041015625e+01
3.553528213500976562e+01
3.553065490722656250e+01
3.653194046020507812e+01
3.534831237792968750e+01
3.627537918090820312e+01
3.547217941284179688e+01
3.546574401855468750e+01
3.528956604003906250e+01
3.602061462402343750e+01
3.565745925903320312e+01
3.447583389282226562e+01
3.533901596069335938e+01
3.575267410278320312e+01
3.599636459350585938e+01
3.514792633056640625e+01
3.562170028686523438e+01
3.578074264526367188e+01
3.595561981201171875e+01
3.472305679321289062e+01
3.530511474609375000e+01
3.498253250122070312e+01
3.605182266235351562e+01
3.461521148681640625e+01
3.636516571044921875e+01
3.468222808837890625e+01
3.524585723876953125e+01
3.581587982177734375e+01
3.565336227416992188e+01
3.539795684814453125e+01
3.565235137939453125e+01
3.595383834838867188e+01
3.543835067749023438e+01
3.512062072753906250e+01
3.583619689941406250e+01
3.570470809936523438e+01
3.479679870605468750e+01
3.536381530761718750e+01
3.513759231567382812e+01
3.554227447509765625e+01
3.527174758911132812e+01
3.626497268676757812e+01
3.541047668457031250e+01
3.539550781250000000e+01
3.457655334472656250e+01
3.451787567138671875e+01
3.623529815673828125e+01
3.596720886230468750e+01
3.516632080078125000e+01
3.588901138305664062e+01
3.472488021850585938e+01
3.527612304687500000e+01
3.622719192504882812e+01
3.682447814941406250e+01
3.430536651611328125e+01
3.618039321899414062e+01
3.642024230957031250e+01
3.478880691528320312e+01
3.511318206787109375e+01
3.451591491699218750e+01
3.586203002929687500e+01
3.524054336547851562e+01
3.497237777709960938e+01
3.520594787597656250e+01
3.482512664794921875e+01
3.541621780395507812e+01
3.557289505004882812e+01
3.566735458374023438e+01
3.635221099853515625e+01
3.602093124389648438e+01
3.582091140747070312e+01
3.516550445556640625e+01
3.556594085693359375e+01
3.509890747070312500e+01
3.573112106323242188e+01
3.636147689819335938e+01
3.661992645263671875e+01
3.546868896484375000e+01
3.587066268920898438e+01
3.558483123779296875e+01
3.548249435424804688e+01
3.519367599487304688e+01
3.560494232177734375e+01
3.641095733642578125e+01
3.636024093627929688e+01
3.551107788085937500e+01
3.507870483398437500e+01
3.581203460693359375e+01
3.579768753051757812e+01
3.512941360473632812e+01
3.532140350341796875e+01
3.465719223022460938e+01
3.563523864746093750e+01
3.558993148803710938e+01
3.538706588745117188e+01
3.465526962280273438e+01
3.615629959106445312e+01
3.559104919433593750e+01
3.545542144775390625e+01
3.464049530029296875e+01
3.550680160522460938e+01
3.645328140258789062e+01
3.584760665893554688e+01
3.597090911865234375e+01
3.526071548461914062e+01
3.508122634887695312e+01
3.630026626586914062e+01
3.439830017089843750e+01
3.619470977783203125e+01
3.526795196533203125e+01
3.502842712402343750e+01
3.521845245361328125e+01
3.572987747192382812e+01
3.598785400390625000e+01
3.526904678344726562e+01
3.547205352783203125e+01
3.579862213134765625e+01
3.434452438354492188e+01
3.575296401977539062e+01
3.595061874389648438e+01
3.555151367187500000e+01
3.622590255737304688e+01
3.493676376342773438e+01
