4.106187400000000309e+01, -8.650976999999999251e+00, 0.000000000000000000e+00
4.110205012973115402e+01, -8.730491244313054011e+00, -1.523670911788940430e+00
4.110205012973115402e+01, -8.730491244313054011e+00, -1.457229852676391602e+00
4.110205012973115402e+01, -8.730491244313054011e+00, -1.476366996765136719e+00
4.110205012973115402e+01, -8.730491244313054011e+00, -1.455035209655761719e+00
4.110203834454687666e+01, -8.730445321072577869e+00, -1.368827462196350098e+00
4.110203781298130821e+01, -8.730443329381733619e+00, -1.225994706153869629e+00
4.110203736585214784e+01, -8.730441654678935848e+00, -1.255154728889465332e+00
4.110203717669266155e+01, -8.730440937862152140e+00, -1.240821957588195801e+00
4.110203682277251858e+01, -8.730439608916116256e+00, -1.296931743621826172e+00
4.110203653163139137e+01, -8.730438510657341666e+00, -1.251391649246215820e+00
4.110203627996703091e+01, -8.730437570616322418e+00, -1.217552661895751953e+00
4.110203606092583328e+01, -8.730436748013552517e+00, -1.267460227012634277e+00
4.110203586217130578e+01, -8.730436000788989404e+00, -1.280296325683593750e+00
4.110203569795893230e+01, -8.730435383381969672e+00, -1.256771206855773926e+00
4.110203555540395826e+01, -8.730434854277849155e+00, -1.301705718040466309e+00
4.110203549098007869e+01, -8.730434607389332413e+00, -1.279343605041503906e+00
4.110203537529122997e+01, -8.730434168778415938e+00, -1.315185070037841797e+00
4.110203527440616966e+01, -8.730433788065777634e+00, -1.302782177925109863e+00
4.110203518640589238e+01, -8.730433461244825111e+00, -1.311156749725341797e+00
4.110203510964552009e+01, -8.730433170658136177e+00, -1.252421498298645020e+00
4.110203504248019613e+01, -8.730432918123929298e+00, -1.331163287162780762e+00
4.110203498381333986e+01, -8.730432698362470489e+00, -1.252820611000061035e+00
4.110203493254837781e+01, -8.730432504637906987e+00, -1.300412058830261230e+00
4.110203488566972396e+01, -8.730432330576153532e+00, -1.218155026435852051e+00
4.110203486730205924e+01, -8.730432262480832151e+00, -1.227373600006103516e+00
4.110203482919602180e+01, -8.730432118643935979e+00, -1.230791330337524414e+00
4.110203479602457577e+01, -8.730431991922278812e+00, -1.278650045394897461e+00
4.110203476833601144e+01, -8.730431888687043340e+00, -1.307828545570373535e+00
4.110203474421133052e+01, -8.730431797833041685e+00, -1.302159547805786133e+00
4.110203472200564789e+01, -8.730431714079891492e+00, -1.277621269226074219e+00
4.110203470363798317e+01, -8.730431644164417193e+00, -1.337790012359619141e+00
4.110203468856005316e+01, -8.730431589542098081e+00, -1.257799625396728516e+00
4.110203467430455504e+01, -8.730431532008497086e+00, -1.251189351081848145e+00
4.110203466854752463e+01, -8.730431512890122647e+00, -1.268672585487365723e+00
4.110203465621103902e+01, -8.730431467371792209e+00, -1.284183144569396973e+00
4.110203464606770751e+01, -8.730431429864713877e+00, -1.222051143646240234e+00
4.110203463729509110e+01, -8.730431395635521952e+00, -1.376321077346801758e+00
4.110203462961905529e+01, -8.730431367232107220e+00, -1.300211429595947266e+00
4.110203462276545139e+01, -8.730431344654153492e+00, -1.220391750335693359e+00
4.110203461646013778e+01, -8.730431317708474026e+00, -1.259545445442199707e+00
4.110203461097724897e+01, -8.730431297680343761e+00, -1.374953150749206543e+00
4.110203460850995327e+01, -8.730431286210476927e+00, -1.223850846290588379e+00
4.110203460412365217e+01, -8.730431269641925951e+00, -1.247542500495910645e+00
4.110203460028562716e+01, -8.730431257806420930e+00, -1.304975986480712891e+00
4.110203459699589956e+01, -8.730431244151404258e+00, -1.248515844345092773e+00
4.110203459398031356e+01, -8.730431232316863799e+00, -1.234642267227172852e+00
4.110203459288373296e+01, -8.730431229039300689e+00, -1.246378064155578613e+00
4.110203459041643725e+01, -8.730431221391755869e+00, -1.320906519889831543e+00
4.110203458849742475e+01, -8.730431211560672367e+00, -1.234866499900817871e+00
4.110203458685256095e+01, -8.730431206280295342e+00, -1.331768512725830078e+00
4.110203458520769715e+01, -8.730431199361779804e+00, -1.248950600624084473e+00
4.110203458383697495e+01, -8.730431194081724300e+00, -1.230406641960144043e+00
4.110203458274040145e+01, -8.730431187891912970e+00, -1.278760671615600586e+00
4.110203458219211115e+01, -8.730431189165376082e+00, -1.251738190650939941e+00
4.110203458109553765e+01, -8.730431183521613292e+00, -1.266869783401489258e+00
4.110203458027310575e+01, -8.730431178788247593e+00, -1.232995629310607910e+00
4.110203457945066674e+01, -8.730431174782943060e+00, -1.319073677062988281e+00
4.110203427158675282e+01, -8.730430025904405866e+00, -1.222218275070190430e+00
4.110203183005865668e+01, -8.730421661979809400e+00, -1.223529338836669922e+00
4.110202694398689260e+01, -8.730409805771323306e+00, -1.328773617744445801e+00
4.110201892362468357e+01, -8.730398793898455523e+00, -1.158309936523437500e+00
4.110201391117244185e+01, -8.730393018315796283e+00, -1.211057662963867188e+00
4.110200173313955219e+01, -8.730388424345921550e+00, -1.193959832191467285e+00
4.110198743048924541e+01, -8.730388975821362862e+00, -1.116643548011779785e+00
4.110197273636105564e+01, -8.730392078869979144e+00, -1.037930846214294434e+00
4.110195736400014965e+01, -8.730396120135306859e+00, -1.063981056213378906e+00
4.110194075963528348e+01, -8.730400647023142113e+00, -1.013743162155151367e+00
4.110192427808701865e+01, -8.730405145110161413e+00, -1.009681701660156250e+00
4.110190732665561342e+01, -8.730409769323440372e+00, -9.907709956169128418e-01
4.110189696674695625e+01, -8.730412594045287022e+00, -1.001012682914733887e+00
4.110188038979650571e+01, -8.730417107115524544e+00, -9.063801169395446777e-01
4.110186335557356330e+01, -8.730421751058822011e+00, -8.698402643203735352e-01
4.110184641455964538e+01, -8.730426368532636872e+00, -8.387346863746643066e-01
4.110182944832445884e+01, -8.730430993070623202e+00, -8.318111300468444824e-01
4.110181302270160586e+01, -8.730435472081330417e+00, -8.258637189865112305e-01
4.110179523896847087e+01, -8.730440317524896798e+00, -8.412988781929016113e-01
4.110177734886738676e+01, -8.730445190140363465e+00, -7.906262278556823730e-01
4.110175998621971161e+01, -8.730449917577058017e+00, -7.915005683898925781e-01
4.110174255503599738e+01, -8.730454668408000884e+00, -7.804399728775024414e-01
4.110172572696948379e+01, -8.730459257404394435e+00, -8.495968580245971680e-01
4.110171470034216412e+01, -8.730462259138780823e+00, -7.693583965301513672e-01
4.110169718472203471e+01, -8.730467034247181957e+00, -8.021398782730102539e-01
4.110167965978100568e+01, -8.730471807155366193e+00, -7.536897659301757812e-01
4.110166147744222798e+01, -8.730476763301084020e+00, -7.489188313484191895e-01
4.110164329291029617e+01, -8.730481721258859906e+00, -7.916573882102966309e-01
4.110162576303467574e+01, -8.730486494509586137e+00, -7.320641279220581055e-01
4.110160758179247154e+01, -8.730491450276284482e+00, -7.472410798072814941e-01
4.110159657490353169e+01, -8.730494453104338248e+00, -7.438004016876220703e-01
4.110157967830097192e+01, -8.730499061636681546e+00, -7.127330303192138672e-01
4.110156215116678879e+01, -8.730503841788598507e+00, -7.061665654182434082e-01
4.110154397705233720e+01, -8.730508795542325728e+00, -7.015637755393981934e-01
4.110152645320788167e+01, -8.730513574231613561e+00, -6.941891908645629883e-01
4.110150893429802466e+01, -8.730518349099341435e+00, -7.200835943222045898e-01
4.110149140661555833e+01, -8.730523124679695712e+00, -7.153274416923522949e-01
4.110147388057795581e+01, -8.730527897890722144e+00, -6.946072578430175781e-01
4.110145635837836409e+01, -8.730532680201777751e+00, -6.737259626388549805e-01
4.110143883782364327e+01, -8.730537451406927829e+00, -7.217277288436889648e-01
4.110142845488686447e+01, -8.730540281481372844e+00, -6.928143501281738281e-01
4.110141025006826254e+01, -8.730545246807333015e+00, -6.520116925239562988e-01
4.110139193394712009e+01, -8.730550240390533290e+00, -6.528591513633728027e-01
4.110137345333947678e+01, -8.730555276729161207e+00, -6.558144092559814453e-01
4.110135615319666869e+01, -8.730559995932527073e+00, -6.701540350914001465e-01
4.110133733155365832e+01, -8.730565129598518936e+00, -7.262067794799804688e-01
4.110131904942640091e+01, -8.730570108820680630e+00, -7.035409808158874512e-01
4.110130777990733719e+01, -8.730573178084590324e+00, -6.796368956565856934e-01
4.110128934645248222e+01, -8.730578205534410330e+00, -7.309360504150390625e-01
4.110127081375743785e+01, -8.730583260709298798e+00, -7.232733368873596191e-01
4.110125158309130455e+01, -8.730588508169294215e+00, -7.754891514778137207e-01
4.110123312167374365e+01, -8.730593545579520054e+00, -7.259693741798400879e-01
4.110121403520745531e+01, -8.730598747148773597e+00, -7.200765013694763184e-01
4.110119666049743614e+01, -8.730603487331588752e+00, -7.616642117500305176e-01
4.110117792274254356e+01, -8.730608604483665047e+00, -7.277004122734069824e-01
4.110116002441714045e+01, -8.730613476541979168e+00, -7.131967544555664062e-01
4.110114970727496342e+01, -8.730616289718970080e+00, -7.289206385612487793e-01
4.110113197562922238e+01, -8.730621131569847648e+00, -7.018382549285888672e-01
4.110111354601239242e+01, -8.730626159698362088e+00, -7.478509545326232910e-01
4.110109516080691350e+01, -8.730631179501177286e+00, -6.978456377983093262e-01
4.110107760351687745e+01, -8.730635970578951799e+00, -7.033383250236511230e-01
4.110106012901837147e+01, -8.730640729169556025e+00, -6.864848136901855469e-01
4.110104349559423298e+01, -8.730645266514095226e+00, -6.924512982368469238e-01
4.110102619654800549e+01, -8.730649985259832491e+00, -6.796205043792724609e-01
4.110101646552609367e+01, -8.730652639483503563e+00, -7.358455657958984375e-01
4.110099857597330697e+01, -8.730657522788783709e+00, -6.700333952903747559e-01
4.110098311314482089e+01, -8.730661740434181084e+00, -6.245137453079223633e-01
4.110097249828206145e+01, -8.730664669169177827e+00, -5.452809333801269531e-01
4.110096800670376638e+01, -8.730665308358796395e+00, -6.849937438964843750e-01
4.110096394882157966e+01, -8.730666477708068030e+00, -8.044627308845520020e-01
4.110095901587115463e+01, -8.730668963225415524e+00, -8.706644177436828613e-01
4.110095354176011284e+01, -8.730672954776343531e+00, -9.909043312072753906e-01
4.110094850463489280e+01, -8.730678152472322040e+00, -9.901960492134094238e-01
4.110094505315963431e+01, -8.730681547418118527e+00, -9.030621647834777832e-01
4.110094314676098293e+01, -8.730691613193238609e+00, -1.054990053176879883e+00
4.110094323777686043e+01, -8.730703883459890235e+00, -1.125162720680236816e+00
4.110094420495753553e+01, -8.730716857137025499e+00, -1.110959649085998535e+00
4.110094538651895846e+01, -8.730730357621629523e+00, -1.217616677284240723e+00
4.110094669473500062e+01, -8.730745007282157744e+00, -1.227646946907043457e+00
4.110094810493267659e+01, -8.730760767685721291e+00, -1.232212066650390625e+00
4.110094961327396845e+01, -8.730777640284136609e+00, -1.214820384979248047e+00
4.110095044228597772e+01, -8.730786929022499976e+00, -1.299610853195190430e+00
4.110095210688945144e+01, -8.730805524891376734e+00, -1.332877159118652344e+00
4.110095397326305289e+01, -8.730826201186797419e+00, -1.339244008064270020e+00
4.110095960418456684e+01, -8.730845667039632829e+00, -1.325334668159484863e+00
4.110097138306352349e+01, -8.730861144180977362e+00, -1.292502880096435547e+00
4.110098807789596265e+01, -8.730869824746353203e+00, -1.262123227119445801e+00
4.110100597073848405e+01, -8.730869139979462901e+00, -1.329964637756347656e+00
4.110101453006816996e+01, -8.730865602774356304e+00, -1.336177468299865723e+00
4.110102903503687344e+01, -8.730855937804205880e+00, -1.346637248992919922e+00
4.110104359373784888e+01, -8.730842391892457144e+00, -1.259912848472595215e+00
4.110105623891242033e+01, -8.730827522306379151e+00, -1.308275699615478516e+00
4.110106814225284211e+01, -8.730810290067109847e+00, -1.252821922302246094e+00
4.110107816002956582e+01, -8.730792480610707784e+00, -1.240248560905456543e+00
4.110108679666790010e+01, -8.730773558153433811e+00, -1.389088869094848633e+00
4.110109401378765881e+01, -8.730753718676302455e+00, -1.249836802482604980e+00
4.110109721634000124e+01, -8.730743026821691899e+00, -1.390631914138793945e+00
4.110110240205136023e+01, -8.730721144229711683e+00, -1.287729263305664062e+00
4.110110595989456783e+01, -8.730698789755670930e+00, -1.344610691070556641e+00
4.110110777089103351e+01, -8.730678242758438401e+00, -1.316569805145263672e+00
4.110110823803272240e+01, -8.730656619037201693e+00, -1.224851250648498535e+00
4.110110725111366747e+01, -8.730635091520483115e+00, -1.314637184143066406e+00
4.110110498887586772e+01, -8.730614840758333273e+00, -1.279635787010192871e+00
4.110110105764828603e+01, -8.730593029477553557e+00, -1.208985686302185059e+00
4.110109621571373140e+01, -8.730573742337989884e+00, -1.328736305236816406e+00
4.110108956223441368e+01, -8.730553275646597555e+00, -1.329433321952819824e+00
4.110108573572991730e+01, -8.730543386897680946e+00, -1.274793028831481934e+00
4.110107713418203446e+01, -8.730524387657457197e+00, -1.372474551200866699e+00
4.110106780450720976e+01, -8.730507305592187350e+00, -1.280362248420715332e+00
4.110105747146466371e+01, -8.730491366471303749e+00, -1.300866603851318359e+00
4.110104565530210152e+01, -8.730475984387370048e+00, -1.232373237609863281e+00
4.110103352661516851e+01, -8.730462648647817403e+00, -1.283560276031494141e+00
4.110102066267353393e+01, -8.730450694054486149e+00, -1.303945302963256836e+00
4.110101366267597456e+01, -8.730445008219728464e+00, -1.290612578392028809e+00
4.110099985732321670e+01, -8.730435273234760984e+00, -1.305458307266235352e+00
4.110098554261056591e+01, -8.730427052889611517e+00, -1.313800096511840820e+00
4.110097082655083511e+01, -8.730420380981227524e+00, -1.230004072189331055e+00
4.110095508738501024e+01, -8.730415073858566188e+00, -1.221626877784729004e+00
4.110093910258600403e+01, -8.730411490080875581e+00, -1.276412606239318848e+00
4.110092446383492870e+01, -8.730409738535042763e+00, -1.209980010986328125e+00
4.110090833867409543e+01, -8.730409458246439769e+00, -1.381872415542602539e+00
4.110090029638035247e+01, -8.730409962984264638e+00, -1.268432497978210449e+00
4.110088431761251826e+01, -8.730412245008308147e+00, -1.237010955810546875e+00
4.110086927586949912e+01, -8.730415977102916614e+00, -1.260042190551757812e+00
4.110085382126533204e+01, -8.730421472193080845e+00, -1.271448493003845215e+00
4.110083945227214031e+01, -8.730428178546850049e+00, -1.318093061447143555e+00
4.110082551971648002e+01, -8.730436275771554122e+00, -1.192859292030334473e+00
4.110081210529332907e+01, -8.730445689520186292e+00, -1.260876059532165527e+00
4.110079927150755452e+01, -8.730456370722718518e+00, -1.280180811882019043e+00
4.110079280005997759e+01, -8.730462444750987316e+00, -1.239070653915405273e+00
4.110078042683642963e+01, -8.730475535909643980e+00, -1.150695204734802246e+00
4.110076885904849320e+01, -8.730489803779608593e+00, -1.253752231597900391e+00
4.110075815481473427e+01, -8.730505152510685818e+00, -1.182520627975463867e+00
4.110074878182512492e+01, -8.730520731218863517e+00, -1.212829351425170898e+00
4.110074028006572888e+01, -8.730537128888803622e+00, -1.177455782890319824e+00
4.110073303279011014e+01, -8.730553434293717885e+00, -1.211498022079467773e+00
4.110072603992029627e+01, -8.730572036751786058e+00, -1.249605059623718262e+00
4.110072059760998542e+01, -8.730589475632259067e+00, -1.225812792778015137e+00
4.110071798172619140e+01, -8.730599250386333665e+00, -1.277026653289794922e+00
4.110071374455370119e+01, -8.730618215907417934e+00, -1.205543637275695801e+00
4.110071063904840116e+01, -8.730636571030464310e+00, -1.292046308517456055e+00
4.110070828579473812e+01, -8.730657008118251738e+00, -1.241777777671813965e+00
