0.000000000000000000e+00
-9.998847656250000000e+02
-9.997017211914062500e+02
-9.999508666992187500e+02
-9.989055175781250000e+02
-9.994061889648437500e+02
-1.000027709960937500e+03
-9.996026611328125000e+02
-9.996276245117187500e+02
-9.997215576171875000e+02
-9.992937011718750000e+02
-9.999316406250000000e+02
-1.000572753906250000e+03
-1.000267883300781250e+03
-1.000052917480468750e+03
-9.991978759765625000e+02
-1.000967956542968750e+03
-9.998369750976562500e+02
-1.000423400878906250e+03
-1.000254760742187500e+03
-1.000070739746093750e+03
-1.000239807128906250e+03
-1.000235656738281250e+03
-9.985159301757812500e+02
-1.000659423828125000e+03
-1.000008483886718750e+03
-9.999682617187500000e+02
-1.000487304687500000e+03
-1.000247619628906250e+03
-9.990903320312500000e+02
-9.998020019531250000e+02
-1.000783142089843750e+03
-1.000529968261718750e+03
-1.000331787109375000e+03
-9.992905273437500000e+02
-1.000420349121093750e+03
-1.000750793457031250e+03
-1.000333190917968750e+03
-1.000565246582031250e+03
-1.000766601562500000e+03
-9.993268432617187500e+02
-1.000012756347656250e+03
-9.995316772460937500e+02
-1.000409667968750000e+03
-1.000476745605468750e+03
-9.997381591796875000e+02
-9.989862060546875000e+02
-1.000116333007812500e+03
-1.000132934570312500e+03
-9.992999877929687500e+02
-9.993433227539062500e+02
-9.998865966796875000e+02
-1.000157226562500000e+03
-9.995796508789062500e+02
-1.000114501953125000e+03
-9.999900512695312500e+02
-9.999600830078125000e+02
-1.000182861328125000e+03
-9.995232543945312500e+02
-1.000388000488281250e+03
-1.000442443847656250e+03
-1.000199035644531250e+03
-1.000717346191406250e+03
-9.998197631835937500e+02
-9.999923706054687500e+02
-9.998654174804687500e+02
-9.990736083984375000e+02
-1.000693542480468750e+03
-9.994964599609375000e+02
-1.000350280761718750e+03
-9.993093872070312500e+02
-9.999365844726562500e+02
-1.000698364257812500e+03
-1.000598571777343750e+03
-1.000307189941406250e+03
-9.999723510742187500e+02
-1.000121215820312500e+03
-9.999157714843750000e+02
-9.997425537109375000e+02
-1.000402954101562500e+03
-9.991967163085937500e+02
-9.998220214843750000e+02
-9.997686157226562500e+02
-1.000171081542968750e+03
-9.997224731445312500e+02
-1.000873535156250000e+03
-1.000383117675781250e+03
-9.995709838867187500e+02
-9.998438110351562500e+02
-1.000937866210937500e+03
-1.000358215332031250e+03
-9.996771240234375000e+02
-1.000378051757812500e+03
-1.001142578125000000e+03
-1.000262390136718750e+03
-9.996235351562500000e+02
-1.000497924804687500e+03
-9.999901733398437500e+02
-9.999921264648437500e+02
-1.000054809570312500e+03
-9.993835449218750000e+02
-9.992999267578125000e+02
-1.000028076171875000e+03
-9.997655639648437500e+02
-1.000710510253906250e+03
-9.997421264648437500e+02
-1.000191589355468750e+03
-1.000046936035156250e+03
-9.994073486328125000e+02
-1.000329589843750000e+03
-9.995053710937500000e+02
-1.000498352050781250e+03
-9.997958984375000000e+02
-1.000678283691406250e+03
-1.000140197753906250e+03
-1.000640625000000000e+03
-9.991763305664062500e+02
-9.993126220703125000e+02
-9.997505493164062500e+02
-9.996924438476562500e+02
-1.000360900878906250e+03
-1.000572326660156250e+03
-9.997897949218750000e+02
-9.994649658203125000e+02
-1.000650817871093750e+03
-1.000371826171875000e+03
-9.999033203125000000e+02
-9.992969360351562500e+02
-9.997750244140625000e+02
-1.000290710449218750e+03
-9.998533935546875000e+02
-1.000137878417968750e+03
-9.991397094726562500e+02
-1.000417846679687500e+03
-9.998143310546875000e+02
-1.000331726074218750e+03
-9.999895629882812500e+02
-1.000713317871093750e+03
-9.999324951171875000e+02
-1.000111328125000000e+03
-1.000742858886718750e+03
-9.996573486328125000e+02
-9.996795043945312500e+02
-9.992462158203125000e+02
-9.999784545898437500e+02
-9.998813476562500000e+02
-1.000233581542968750e+03
-1.000123962402343750e+03
-9.997901611328125000e+02
-9.996334838867187500e+02
-9.997913208007812500e+02
-1.000467468261718750e+03
-1.000287353515625000e+03
-9.996504516601562500e+02
-9.998352661132812500e+02
-1.000733398437500000e+03
-1.000861511230468750e+03
-9.993815307617187500e+02
-9.999042358398437500e+02
-1.000307800292968750e+03
-1.000206237792968750e+03
-9.999943237304687500e+02
-9.997634277343750000e+02
-9.992740478515625000e+02
-1.000052673339843750e+03
-1.000503295898437500e+03
-9.990156250000000000e+02
-9.994060668945312500e+02
-1.000669677734375000e+03
-1.000230773925781250e+03
-1.000618408203125000e+03
-1.000282958984375000e+03
-9.992824096679687500e+02
-9.990703735351562500e+02
-1.000251281738281250e+03
-1.000390930175781250e+03
-1.000204833984375000e+03
-9.993367309570312500e+02
-1.000525573730468750e+03
-1.001167846679687500e+03
-1.000437866210937500e+03
-1.000033630371093750e+03
-9.999356689453125000e+02
-1.000107910156250000e+03
-1.000042114257812500e+03
-9.999573364257812500e+02
-1.000118591308593750e+03
-9.986364746093750000e+02
-9.998770141601562500e+02
-1.000774169921875000e+03
-1.000494873046875000e+03
-9.998568115234375000e+02
-1.000207580566406250e+03
-1.000336975097656250e+03
-1.000257690429687500e+03
-9.998677368164062500e+02
-9.993234252929687500e+02
-1.000952392578125000e+03
-1.000443359375000000e+03
-9.999066162109375000e+02
