1.635852904554950953e+09
1.635852906565283060e+09
1.635852907565320015e+09
1.635852908565341949e+09
1.635852909565345049e+09
1.635852910565330029e+09
1.635852911565356016e+09
1.635852912565749884e+09
1.635852913565404892e+09
1.635852914565390110e+09
1.635852915565531969e+09
1.635852916565450907e+09
1.635852917565360069e+09
1.635852918565335989e+09
1.635852919565354109e+09
1.635852920565632105e+09
1.635852921565515041e+09
1.635852922565886974e+09
1.635852923565360069e+09
1.635852924565490007e+09
1.635852925565500975e+09
1.635852926565285921e+09
1.635852927565320015e+09
1.635852928565517902e+09
1.635852929565340042e+09
1.635852930565386057e+09
1.635852931565316916e+09
1.635852932565913916e+09
1.635852933565375090e+09
1.635852934565696001e+09
1.635852935565682888e+09
1.635852936565424919e+09
1.635852937565330029e+09
1.635852938565324068e+09
1.635852939565341949e+09
1.635852940565351963e+09
1.635852941565306902e+09
1.635852942565337896e+09
1.635852943565346956e+09
1.635852944565324068e+09
1.635852945565399885e+09
1.635852946565745115e+09
1.635852947565346003e+09
1.635852948565334082e+09
1.635852949565855980e+09
1.635852950565445900e+09
1.635852951565354109e+09
1.635852952566214085e+09
1.635852953565293074e+09
1.635852954565330982e+09
1.635852955565340042e+09
1.635852956565613985e+09
1.635852957565390110e+09
1.635852958565388918e+09
1.635852959565330029e+09
1.635852960565360069e+09
1.635852961565635920e+09
1.635852962565330029e+09
1.635852963565371990e+09
1.635852964566020966e+09
1.635852965565346003e+09
1.635852966565324068e+09
1.635852967565316916e+09
1.635852968565311909e+09
1.635852969565279007e+09
1.635852970565428019e+09
1.635852971565382957e+09
1.635852972565326929e+09
1.635852973565319061e+09
1.635852974565462112e+09
1.635852975565290928e+09
1.635852976565354109e+09
1.635852977565351963e+09
1.635852978565337896e+09
1.635852979565341949e+09
1.635852980565351963e+09
1.635852981565373898e+09
1.635852982565332890e+09
1.635852983565356970e+09
1.635852984565423965e+09
1.635852985565386057e+09
1.635852986565339088e+09
1.635852987565342903e+09
1.635852988565320015e+09
1.635852989565342903e+09
1.635852990566224098e+09
1.635852991565749884e+09
1.635852992565582037e+09
1.635852993565367937e+09
1.635852994565381050e+09
1.635852995565320015e+09
1.635852996565432072e+09
1.635853009565345049e+09
1.635853010566257954e+09
1.635853011565340996e+09
1.635853012565454006e+09
1.635853013565371037e+09
1.635853014565346003e+09
1.635853015565406084e+09
1.635853016565429926e+09
1.635853017565407991e+09
1.635853018565462112e+09
1.635853019565351009e+09
1.635853020565359116e+09
1.635853021565649986e+09
1.635853022565463066e+09
1.635853023565373898e+09
1.635853024565376997e+09
1.635853025565459013e+09
1.635853026565696001e+09
1.635853027565359116e+09
1.635853028565361023e+09
1.635853029565366030e+09
1.635853030565342903e+09
1.635853031565989017e+09
1.635853032565562963e+09
1.635853033566307068e+09
1.635853034565458059e+09
1.635853035565344095e+09
1.635853036565450907e+09
1.635853037565439939e+09
1.635853038565452099e+09
1.635853051565323114e+09
1.635853052565355062e+09
1.635853053565339088e+09
1.635853054565346003e+09
1.635853055565850973e+09
1.635853056565404892e+09
1.635853057565707922e+09
1.635853058565336943e+09
1.635853059565438032e+09
1.635853060565352917e+09
1.635853061565351963e+09
1.635853062565390110e+09
1.635853063565337896e+09
1.635853064565459967e+09
1.635853065565345049e+09
1.635853066565339088e+09
1.635853067565392971e+09
1.635853068565324068e+09
1.635853069565329075e+09
1.635853070565395117e+09
1.635853071565593004e+09
1.635853072565371990e+09
1.635853073565604925e+09
1.635853074565387964e+09
1.635853075565341949e+09
1.635853076565380096e+09
1.635853077565351963e+09
1.635853078565427065e+09
1.635853079565316916e+09
1.635853080565387011e+09
1.635853093565331936e+09
1.635853094565372944e+09
1.635853095565409899e+09
1.635853096565294027e+09
1.635853097565332890e+09
1.635853098565651894e+09
1.635853099565397024e+09
1.635853100565330029e+09
1.635853101565351963e+09
1.635853102565433979e+09
1.635853103566083908e+09
1.635853104565954924e+09
1.635853105565372944e+09
1.635853106565329075e+09
1.635853107565371037e+09
1.635853108565332890e+09
1.635853109565435886e+09
1.635853110565347910e+09
1.635853111565406084e+09
1.635853112565566063e+09
1.635853113565367937e+09
1.635853114565618992e+09
1.635853115565345049e+09
1.635853116565356016e+09
1.635853117565444946e+09
1.635853118565334082e+09
1.635853119565395117e+09
1.635853120565438032e+09
1.635853121565335989e+09
1.635853122565489054e+09
1.635853135565553904e+09
1.635853136565715075e+09
1.635853137565718889e+09
1.635853138565707922e+09
1.635853139566019058e+09
1.635853140565716982e+09
1.635853141565737009e+09
1.635853142565731049e+09
1.635853143565716028e+09
1.635853144565709114e+09
1.635853145565702915e+09
1.635853146565713882e+09
1.635853147565685034e+09
1.635853148565669060e+09
1.635853149565673113e+09
1.635853150565723896e+09
1.635853151565721989e+09
1.635853152565711021e+09
1.635853153565711975e+09
1.635853154565718889e+09
1.635853155565718889e+09
1.635853156565885067e+09
1.635853157565673113e+09
1.635853158565694094e+09
1.635853159565736055e+09
1.635853160565705061e+09
1.635853161565713882e+09
1.635853162565746069e+09
1.635853163565711975e+09
1.635853164565964937e+09
1.635853177565362930e+09
1.635853178565367937e+09
1.635853179565748930e+09
1.635853180565377951e+09
1.635853181565457106e+09
1.635853182565481901e+09
1.635853183565459013e+09
1.635853184565490961e+09
1.635853185565434933e+09
1.635853186565427065e+09
1.635853187565471888e+09
1.635853188565594912e+09
1.635853189565450907e+09
1.635853190565474033e+09
1.635853191565466881e+09
1.635853192565469027e+09
1.635853193565471888e+09
1.635853194565464020e+09
1.635853195565372944e+09
1.635853196565504074e+09
1.635853197565478086e+09
1.635853198565476894e+09
1.635853199565480947e+09
1.635853200565397978e+09
1.635853201565371037e+09
1.635853202565603971e+09
1.635853203565475941e+09
1.635853204565462112e+09
1.635853205565386057e+09
1.635853206565534115e+09
1.635853219565366983e+09
1.635853220565438986e+09
1.635853221565459013e+09
1.635853222565372944e+09
1.635853223565469027e+09
1.635853224565362930e+09
1.635853225565418005e+09
1.635853226565494061e+09
1.635853227565464020e+09
1.635853228565363884e+09
1.635853229565473080e+09
1.635853230565962076e+09
1.635853231565468073e+09
1.635853232565424919e+09
1.635853233565486908e+09
1.635853234565473080e+09
1.635853235565470934e+09
1.635853236565399885e+09
1.635853237565372944e+09
1.635853238565493107e+09
1.635853239565576077e+09
1.635853240565810919e+09
1.635853241565397024e+09
1.635853242565499067e+09
1.635853243565398932e+09
1.635853244565495014e+09
1.635853245565423012e+09
1.635853246565443993e+09
1.635853247565610886e+09
1.635853248565423012e+09
1.635853261565337896e+09
1.635853262565356016e+09
1.635853263565484047e+09
1.635853264565368891e+09
1.635853265565367937e+09
1.635853266565332890e+09
1.635853267565382004e+09
1.635853268565319061e+09
1.635853269565444946e+09
1.635853270565591097e+09
1.635853271565428019e+09
1.635853272565340996e+09
1.635853273565288067e+09
1.635853274565464020e+09
1.635853275565371037e+09
1.635853276565357924e+09
1.635853277565380096e+09
1.635853278565363884e+09
1.635853279565376997e+09
1.635853280565393925e+09
1.635853281565685987e+09
1.635853282565452099e+09
1.635853283565916061e+09
1.635853284565421104e+09
1.635853285565354109e+09
1.635853286565387011e+09
1.635853287565454006e+09
1.635853288565359116e+09
1.635853289565382957e+09
1.635853290565670967e+09
1.635853303565391064e+09
1.635853304565494061e+09
1.635853305565474033e+09
1.635853306565495968e+09
1.635853307565496922e+09
1.635853308565500975e+09
1.635853309565458059e+09
1.635853310565500975e+09
1.635853311565491915e+09
1.635853312565491915e+09
1.635853313565479040e+09
1.635853314565515041e+09
1.635853315565505981e+09
1.635853316565501928e+09
1.635853317565496922e+09
1.635853318565462112e+09
1.635853319565504074e+09
1.635853320565526009e+09
1.635853321565401077e+09
1.635853322565818071e+09
1.635853323565496922e+09
1.635853324565522909e+09
1.635853325565505981e+09
1.635853326565504074e+09
1.635853327565505028e+09
1.635853328565521002e+09
1.635853329565500975e+09
1.635853330565501928e+09
1.635853331565495014e+09
1.635853332565502882e+09
1.635853345565366030e+09
1.635853346565496922e+09
1.635853347565466881e+09
1.635853348565365076e+09
1.635853349565440893e+09
1.635853350565373898e+09
1.635853351565470934e+09
1.635853352565378904e+09
1.635853353565376997e+09
1.635853354565378904e+09
1.635853355565499067e+09
1.635853356565357924e+09
1.635853357565370083e+09
1.635853358565462112e+09
1.635853359565488100e+09
1.635853360565380096e+09
1.635853361565450907e+09
1.635853362565431118e+09
1.635853363565473080e+09
1.635853364565471888e+09
1.635853365565435886e+09
1.635853366565366983e+09
1.635853367565385103e+09
1.635853368565350056e+09
1.635853369565474033e+09
1.635853370565352917e+09
1.635853371565371990e+09
1.635853372565375090e+09
1.635853373565478086e+09
1.635853374565367937e+09
1.635853387565376043e+09
1.635853388565371037e+09
1.635853389565431118e+09
1.635853390565475941e+09
1.635853391565483093e+09
1.635853392565475941e+09
1.635853393565485001e+09
1.635853394565382004e+09
1.635853395565501928e+09
1.635853396565434933e+09
1.635853397565696955e+09
1.635853398565504074e+09
1.635853399565440893e+09
1.635853400565474987e+09
1.635853401565392017e+09
1.635853402565376043e+09
1.635853403565479040e+09
1.635853404565486908e+09
1.635853405565484047e+09
1.635853406565378904e+09
1.635853407565484047e+09
1.635853408565386057e+09
1.635853409565373898e+09
1.635853410565370083e+09
1.635853411565469980e+09
1.635853412565423012e+09
1.635853413565483093e+09
1.635853414565371990e+09
1.635853415566153049e+09
1.635853416565488100e+09
1.635853429565355062e+09
1.635853430565356970e+09
1.635853431565376043e+09
1.635853432565352917e+09
1.635853433565536022e+09
1.635853434565679073e+09
1.635853435565494061e+09
1.635853436565471888e+09
1.635853437565370083e+09
1.635853438565385103e+09
1.635853439565362930e+09
1.635853440565383911e+09
1.635853441565311909e+09
1.635853442565368891e+09
1.635853443565376997e+09
1.635853444565457106e+09
1.635853445565303087e+09
1.635853446565933943e+09
1.635853447565363884e+09
1.635853448565375090e+09
1.635853449565457106e+09
1.635853450565387964e+09
1.635853451565639019e+09
1.635853452565378904e+09
1.635853453565308094e+09
1.635853454565345049e+09
1.635853455565412045e+09
1.635853456565326929e+09
1.635853457565454006e+09
1.635853458565310001e+09
1.635853471565361977e+09
1.635853472565361977e+09
1.635853473565431118e+09
1.635853474565475941e+09
1.635853475565469027e+09
1.635853476565386057e+09
1.635853477565371037e+09
1.635853478565381050e+09
1.635853479565372944e+09
1.635853480565465927e+09
1.635853481565469027e+09
1.635853482565346003e+09
1.635853483565471888e+09
1.635853484565428019e+09
1.635853485565428972e+09
1.635853486565476894e+09
1.635853487565372944e+09
1.635853488565363884e+09
1.635853489565470934e+09
1.635853490565368891e+09
1.635853491565473080e+09
1.635853492565711975e+09
1.635853493565366983e+09
1.635853494565466881e+09
1.635853495565375090e+09
1.635853496565371037e+09
1.635853497565396070e+09
1.635853498565478086e+09
1.635853499565470934e+09
1.635853500565382957e+09
1.635853513565368891e+09
1.635853514565387011e+09
1.635853515565427065e+09
1.635853516565469027e+09
1.635853517565315962e+09
1.635853518565378904e+09
1.635853519565380096e+09
1.635853520565372944e+09
1.635853521565359116e+09
1.635853522565354109e+09
1.635853523565476894e+09
1.635853524565464973e+09
1.635853525565396070e+09
1.635853526565362930e+09
1.635853527565335035e+09
1.635853528565470934e+09
1.635853529565375090e+09
1.635853530565419912e+09
1.635853531565397978e+09
1.635853532565334082e+09
1.635853533565464973e+09
1.635853534565392017e+09
1.635853535565613031e+09
1.635853536565406084e+09
1.635853537565476894e+09
1.635853538565402031e+09
1.635853539565402031e+09
1.635853540565355062e+09
1.635853541565464973e+09
1.635853542565361977e+09
1.635853555565340042e+09
1.635853556565481901e+09
1.635853557565485001e+09
1.635853558565429926e+09
1.635853559565480947e+09
1.635853560565434933e+09
1.635853561565483093e+09
1.635853562565510035e+09
1.635853563565481901e+09
1.635853564565484047e+09
1.635853565565443039e+09
1.635853566565485001e+09
1.635853567565407991e+09
1.635853568565485954e+09
1.635853569565485001e+09
1.635853570565493107e+09
1.635853571565500021e+09
1.635853572565484047e+09
1.635853573565380096e+09
1.635853574565383911e+09
1.635853575565443993e+09
1.635853576565484047e+09
1.635853577565386057e+09
1.635853578565577984e+09
1.635853579565485001e+09
1.635853580565475941e+09
1.635853581565484047e+09
1.635853582565478086e+09
1.635853583565484047e+09
1.635853584565445900e+09
1.635853597565361977e+09
1.635853598565356016e+09
1.635853599565360069e+09
1.635853600565327883e+09
1.635853601565368891e+09
1.635853602565584898e+09
1.635853603565376997e+09
1.635853604565371990e+09
1.635853605565360069e+09
1.635853606565367937e+09
1.635853607565465927e+09
1.635853608565363884e+09
1.635853609565324068e+09
1.635853610565366983e+09
1.635853611565378904e+09
1.635853612565462112e+09
1.635853613565365076e+09
1.635853614565371990e+09
1.635853615565387011e+09
1.635853616565354109e+09
1.635853617565463066e+09
1.635853618565356970e+09
1.635853619565362930e+09
1.635853620565355062e+09
1.635853621565488100e+09
1.635853622565329075e+09
1.635853623565378904e+09
1.635853624565391064e+09
1.635853625565385103e+09
1.635853626565383911e+09
1.635853639565398932e+09
1.635853640565485001e+09
1.635853641565373898e+09
1.635853642565481901e+09
1.635853643565474033e+09
1.635853644565432072e+09
1.635853645565443993e+09
1.635853646565476894e+09
1.635853647565481901e+09
1.635853648565469027e+09
1.635853649565481901e+09
1.635853650565367937e+09
1.635853651565485954e+09
1.635853652565478086e+09
1.635853653565509081e+09
1.635853654565481901e+09
1.635853655565490007e+09
1.635853656565484047e+09
1.635853657565483093e+09
1.635853658565440893e+09
1.635853659565480947e+09
1.635853660566441059e+09
1.635853661565485954e+09
1.635853662565380096e+09
1.635853663565491915e+09
1.635853664565398932e+09
1.635853665565385103e+09
1.635853666565493107e+09
1.635853667565486908e+09
1.635853668565444946e+09
1.635853681565331936e+09
1.635853682565320969e+09
1.635853683565473080e+09
1.635853684565386057e+09
1.635853685565365076e+09
1.635853686565365076e+09
1.635853687565466881e+09
1.635853688565382004e+09
1.635853689565377951e+09
1.635853690565469980e+09
1.635853691565431118e+09
1.635853692565468073e+09
1.635853693565386057e+09
1.635853694565367937e+09
1.635853695565385103e+09
1.635853696565460920e+09
1.635853697565466881e+09
1.635853698565469027e+09
1.635853699565359116e+09
1.635853700565361023e+09
1.635853701565469027e+09
1.635853702565393925e+09
1.635853703565388918e+09
1.635853704565340996e+09
1.635853705565383911e+09
1.635853706565421104e+09
1.635853707565434933e+09
1.635853708565469027e+09
1.635853709565382004e+09
1.635853710565474033e+09
1.635853723565372944e+09
1.635853724565376043e+09
1.635853725565440893e+09
1.635853726565397978e+09
1.635853727565433979e+09
1.635853728565434933e+09
1.635853729565469027e+09
1.635853730565377951e+09
1.635853731565382957e+09
1.635853732565367937e+09
1.635853733565448999e+09
1.635853734565380096e+09
1.635853735565401077e+09
1.635853736565396070e+09
1.635853737565481901e+09
1.635853738565361977e+09
1.635853739565455914e+09
1.635853740565471888e+09
1.635853741565479040e+09
1.635853742565357924e+09
1.635853743565474987e+09
1.635853744565366983e+09
1.635853745565438032e+09
1.635853746565465927e+09
1.635853747565478086e+09
1.635853748565475941e+09
1.635853749565428019e+09
1.635853750565476894e+09
1.635853751565464973e+09
1.635853752565366983e+09
1.635853765565459013e+09
1.635853766565380096e+09
1.635853767565443039e+09
1.635853768565443993e+09
1.635853769565481901e+09
1.635853770565373898e+09
1.635853771565409899e+09
1.635853772565488100e+09
1.635853773565491915e+09
1.635853774565490007e+09
1.635853775565484047e+09
1.635853776565484047e+09
1.635853777566155910e+09
1.635853778566603899e+09
1.635853779565365076e+09
1.635853780565476894e+09
1.635853781565377951e+09
1.635853782565371037e+09
1.635853783565371990e+09
1.635853784565376043e+09
1.635853785565485001e+09
1.635853786565439939e+09
1.635853787565378904e+09
1.635853788565407991e+09
1.635853789565409899e+09
1.635853790565485954e+09
1.635853791565388918e+09
1.635853792565483093e+09
1.635853793565378904e+09
1.635853794565428972e+09
1.635853807565351009e+09
1.635853808565418005e+09
1.635853809565321922e+09
1.635853810565454006e+09
1.635853811565371990e+09
1.635853812565323114e+09
1.635853813565380096e+09
1.635853814565291882e+09
1.635853815565414906e+09
1.635853816565350056e+09
1.635853817565504074e+09
1.635853818565357924e+09
1.635853819565321922e+09
1.635853820565356016e+09
1.635853821566025019e+09
1.635853822565466881e+09
1.635853823565334082e+09
1.635853824565417051e+09
1.635853825565469027e+09
1.635853826565376043e+09
1.635853827565418959e+09
1.635853828565469980e+09
1.635853829565361977e+09
1.635853830565356970e+09
1.635853831565356016e+09
1.635853832565366030e+09
1.635853833565371037e+09
1.635853834565334082e+09
1.635853835565355062e+09
1.635853836565378904e+09
1.635853849565391064e+09
1.635853850565392971e+09
1.635853851565381050e+09
1.635853852565387964e+09
1.635853853565396070e+09
1.635853854565500021e+09
1.635853855565459967e+09
1.635853856565453053e+09
1.635853857565455914e+09
1.635853858565448046e+09
1.635853859565443039e+09
1.635853860565485001e+09
1.635853861565485954e+09
1.635853862565522909e+09
1.635853863565495014e+09
1.635853864565388918e+09
1.635853865565495014e+09
1.635853866565493107e+09
1.635853867565443993e+09
1.635853868565495968e+09
1.635853869565495014e+09
1.635853870565618038e+09
1.635853871565496922e+09
1.635853872565443993e+09
1.635853873565490961e+09
1.635853874565493107e+09
1.635853875565486908e+09
1.635853876565490961e+09
1.635853877565444946e+09
1.635853878565442085e+09
1.635853891564728975e+09
1.635853892565392017e+09
1.635853893565392971e+09
1.635853894565366983e+09
1.635853895565356970e+09
1.635853896565377951e+09
1.635853897565211058e+09
1.635853898565326929e+09
1.635853899750094891e+09
1.635853901717252016e+09
1.635853901719186068e+09
1.635853902564802885e+09
1.635853903565424919e+09
1.635853904565388918e+09
1.635853905565386057e+09
1.635853906565321922e+09
1.635853907565268993e+09
1.635853908565300941e+09
1.635853909565347910e+09
1.635853910565331936e+09
1.635853911565242052e+09
1.635853912565421104e+09
1.635853913565390110e+09
1.635853914565396070e+09
1.635853915565434933e+09
1.635853916565407038e+09
1.635853917565270901e+09
1.635853918565231085e+09
1.635853919565310001e+09
1.635853920565392017e+09
1.635853933565326929e+09
1.635853935609067917e+09
1.635853937608419895e+09
1.635853938609571934e+09
1.635853939609857082e+09
1.635853940609790087e+09
1.635853941609740019e+09
1.635853942609728098e+09
1.635853943609697104e+09
1.635853944609864950e+09
1.635853945609872103e+09
1.635853946609821081e+09
1.635853947609729052e+09
1.635853948609831095e+09
1.635853949609776020e+09
1.635853950609766960e+09
1.635853951609827042e+09
1.635853952609863997e+09
1.635853953609658957e+09
1.635853954610188961e+09
1.635853955609863043e+09
1.635853956609826088e+09
1.635853957609802961e+09
1.635853958609751940e+09
1.635853959609761000e+09
1.635853960609883070e+09
1.635853961609843969e+09
1.635853962609574080e+09
1.635853975609857082e+09
1.635853978480951071e+09
1.635853981327512980e+09
1.635853982328886986e+09
1.635853983328463078e+09
1.635853984328952074e+09
1.635853985328843117e+09
1.635853986328929901e+09
1.635853987329371929e+09
1.635853988329327106e+09
1.635853989328083038e+09
1.635853990328906059e+09
1.635853991328885078e+09
1.635853992328926086e+09
1.635853993328946114e+09
1.635853994328877926e+09
1.635853995328846931e+09
1.635853996328938961e+09
1.635853997328938961e+09
1.635853998328932047e+09
1.635853999328953028e+09
1.635854000328959942e+09
1.635854001328938007e+09
1.635854002328928947e+09
1.635854005252777100e+09
1.635854017328933001e+09
1.635854018329044104e+09
1.635854019329009056e+09
1.635854020329015017e+09
1.635854021329047918e+09
1.635854022328954935e+09
1.635854023328953981e+09
1.635854024328943014e+09
1.635854025328939915e+09
1.635854026329056978e+09
1.635854027329035044e+09
1.635854028329056025e+09
1.635854029328967094e+09
1.635854032177732944e+09
1.635854035026094913e+09
1.635854036027462006e+09
1.635854037027385950e+09
1.635854038027527094e+09
1.635854039027561903e+09
1.635854040027539015e+09
1.635854041027524948e+09
1.635854042027555943e+09
1.635854043027456999e+09
1.635854044027502060e+09
1.635854045027463913e+09
1.635854046027509928e+09
1.635854047027389050e+09
1.635854060027513027e+09
1.635854061027576923e+09
1.635854062027578115e+09
1.635854063027520895e+09
1.635854064027538061e+09
1.635854065027589083e+09
1.635854066027548075e+09
1.635854067027497053e+09
1.635854068027535915e+09
1.635854069027594090e+09
1.635854070027622938e+09
1.635854071027458906e+09
1.635854072027574062e+09
1.635854074916877985e+09
1.635854076915193081e+09
1.635854077916543961e+09
1.635854078916579008e+09
1.635854079916467905e+09
1.635854080916629076e+09
1.635854081916604042e+09
1.635854082916524887e+09
1.635854083916587114e+09
1.635854084916594028e+09
1.635854085916579962e+09
1.635854086916611910e+09
1.635854087916634083e+09
1.635854088916608095e+09
1.635854089916547060e+09
1.635854102916713953e+09
1.635854103916825056e+09
1.635854104916822910e+09
1.635854105916784048e+09
1.635854106916816950e+09
1.635854107916819096e+09
1.635854108916816950e+09
1.635854109916815042e+09
1.635854110916816950e+09
1.635854111916824102e+09
1.635854112916817904e+09
1.635854115763653994e+09
1.635854118626435041e+09
1.635854119627747059e+09
1.635854120627846956e+09
1.635854121627875090e+09
1.635854122627722025e+09
1.635854123627862930e+09
1.635854124627589941e+09
1.635854125627820015e+09
1.635854126627824068e+09
1.635854127627820969e+09
1.635854128627840042e+09
1.635854129627846003e+09
1.635854130627847910e+09
1.635854131627871990e+09
1.635854132627671003e+09
1.635854145627782106e+09
1.635854146627821922e+09
1.635854147627897024e+09
1.635854148627883911e+09
1.635854149627799034e+09
1.635854150822870970e+09
1.635854151978610039e+09
1.635854152627924919e+09
1.635854153627789974e+09
1.635854154627852917e+09
1.635854155627887011e+09
1.635854156627883911e+09
1.635854157627823114e+09
1.635854158627782106e+09
1.635854159627931118e+09
1.635854160627803087e+09
1.635854161627873898e+09
1.635854162627819061e+09
1.635854163627846956e+09
1.635854164627795935e+09
1.635854165627892017e+09
1.635854166627837896e+09
1.635854167627861023e+09
1.635854168627862930e+09
1.635854169627861977e+09
1.635854170627789974e+09
1.635854171627861023e+09
1.635854172627851009e+09
1.635854173627849102e+09
1.635854174627860069e+09
1.635854187627896070e+09
1.635854190598650932e+09
1.635854191763303041e+09
1.635854192764448881e+09
1.635854193764686108e+09
1.635854194764683008e+09
1.635854195764776945e+09
1.635854196764722109e+09
1.635854197763763905e+09
1.635854198765047073e+09
1.635854199763907909e+09
1.635854200764727116e+09
1.635854201764761925e+09
1.635854202764693022e+09
1.635854203764754057e+09
1.635854204764727116e+09
1.635854205764704943e+09
1.635854206764810085e+09
1.635854207764620066e+09
1.635854208764739037e+09
1.635854209764780998e+09
1.635854210764734030e+09
1.635854211764745951e+09
1.635854212764718056e+09
1.635854213764708042e+09
1.635854214764734030e+09
1.635854215764720917e+09
1.635854217801167965e+09
1.635854230764704943e+09
1.635854231764729977e+09
1.635854232764724016e+09
1.635854233764708996e+09
1.635854234764753103e+09
1.635854235764739037e+09
1.635854236764784098e+09
1.635854237764786005e+09
1.635854238764784098e+09
1.635854239764827013e+09
1.635854240764827013e+09
1.635854241764731884e+09
1.635854242764993906e+09
1.635854243764739037e+09
1.635854244764750957e+09
1.635854245764770031e+09
1.635854246764736891e+09
1.635854247764791012e+09
1.635854248764837980e+09
1.635854250784949064e+09
1.635854253633313894e+09
1.635854254634596109e+09
1.635854255634710073e+09
1.635854256634704113e+09
1.635854257634711027e+09
1.635854258634708881e+09
1.635854259634754896e+09
1.635854260634584904e+09
1.635854273634704113e+09
1.635854274634675026e+09
1.635854275634809017e+09
1.635854276634809017e+09
1.635854277634737968e+09
1.635854278634725094e+09
1.635854279634716034e+09
1.635854280634722948e+09
1.635854281634702921e+09
1.635854282634706974e+09
1.635854283634814978e+09
1.635854284634713888e+09
1.635854285634691000e+09
1.635854286634696960e+09
1.635854287634777069e+09
1.635854288634735107e+09
1.635854289634699106e+09
1.635854292496072054e+09
1.635854292552994013e+09
1.635854292634613037e+09
1.635854293634808064e+09
1.635854294634807110e+09
1.635854295634718895e+09
1.635854296634694099e+09
1.635854297634701967e+09
1.635854298634732962e+09
1.635854299634718895e+09
1.635854300634769917e+09
1.635854301634650946e+09
1.635854302634815931e+09
1.635854315634704113e+09
1.635854318475514889e+09
1.635854321241751909e+09
1.635854322243067026e+09
1.635854323243448019e+09
1.635854324243155956e+09
1.635854325242991924e+09
1.635854326243136883e+09
1.635854327243145943e+09
1.635854328243133068e+09
1.635854329243045092e+09
1.635854330243117094e+09
1.635854331243079901e+09
1.635854332243083954e+09
1.635854333243098974e+09
1.635854334243140936e+09
1.635854335243043900e+09
1.635854336243149996e+09
1.635854337243133068e+09
1.635854338243192911e+09
1.635854339242994070e+09
1.635854340243132114e+09
1.635854341243161917e+09
1.635854342243081093e+09
1.635854343243149042e+09
1.635854344242652893e+09
1.635854347152597904e+09
1.635854359243088007e+09
1.635854360243130922e+09
1.635854361243238926e+09
1.635854362243144035e+09
1.635854363243156910e+09
1.635854364243149996e+09
1.635854365243139029e+09
1.635854366243155003e+09
1.635854367243199110e+09
1.635854368243144035e+09
1.635854369243247032e+09
1.635854370243168116e+09
1.635854371243649960e+09
1.635854374107201099e+09
1.635854376938436985e+09
1.635854377939584970e+09
1.635854378939039946e+09
1.635854379940320969e+09
1.635854380939578056e+09
1.635854381939657927e+09
1.635854382939630032e+09
1.635854383939588070e+09
1.635854384939924955e+09
1.635854385940053940e+09
1.635854386941653013e+09
1.635854387940443039e+09
1.635854388939498901e+09
1.635854401939632893e+09
1.635854402939745903e+09
1.635854403939654112e+09
1.635854404939795971e+09
1.635854405939630032e+09
1.635854406939747095e+09
1.635854407941328049e+09
1.635854408939728022e+09
1.635854409939739943e+09
1.635854410939737082e+09
1.635854413834362030e+09
1.635854416680679083e+09
1.635854417682056904e+09
1.635854418682075977e+09
1.635854419682105064e+09
1.635854420682039022e+09
1.635854421681866884e+09
1.635854422682079077e+09
1.635854423682064056e+09
1.635854424681977987e+09
1.635854425681734085e+09
1.635854426682204962e+09
1.635854427682048082e+09
1.635854428682069063e+09
1.635854429681787968e+09
1.635854430682044983e+09
1.635854431681916952e+09
1.635854444682075024e+09
1.635854447592310905e+09
1.635854450379863024e+09
1.635854451381179094e+09
1.635854452381294966e+09
1.635854453381294012e+09
1.635854454381089926e+09
1.635854455381320000e+09
1.635854456381397009e+09
1.635854457381314039e+09
1.635854458381258965e+09
1.635854459381983042e+09
1.635854460381385088e+09
1.635854461381258965e+09
1.635854462380367041e+09
1.635854463381278992e+09
1.635854464381068945e+09
1.635854465381275892e+09
1.635854466381315947e+09
1.635854467381359100e+09
1.635854468381292105e+09
1.635854469381469965e+09
1.635854470381320953e+09
1.635854471381959915e+09
1.635854472381257057e+09
1.635854473381500006e+09
1.635854474381124020e+09
1.635854487381302118e+09
1.635854490270425081e+09
1.635854493074987888e+09
1.635854494076280117e+09
1.635854495076478004e+09
1.635854496076369047e+09
1.635854497076133966e+09
1.635854498076291084e+09
1.635854499076280117e+09
1.635854500076272011e+09
1.635854501076323986e+09
1.635854502076344967e+09
1.635854503076343060e+09
1.635854504076389074e+09
1.635854505076351881e+09
1.635854506076347113e+09
1.635854507076190948e+09
1.635854508076349020e+09
1.635854509076374054e+09
1.635854510076385021e+09
1.635854511076370001e+09
1.635854512076365948e+09
1.635854513075548887e+09
1.635854514076380968e+09
1.635854515076358080e+09
1.635854516076359987e+09
1.635854517076111078e+09
1.635854530076335907e+09
1.635854532936959982e+09
1.635854535779047966e+09
1.635854536780294895e+09
1.635854537780368090e+09
1.635854538780466080e+09
1.635854539780280113e+09
1.635854540780431986e+09
1.635854541780450106e+09
1.635854542780495882e+09
1.635854543780505896e+09
1.635854544780527115e+09
1.635854545780527115e+09
1.635854546780451059e+09
1.635854547780508041e+09
1.635854548780486107e+09
1.635854549780318975e+09
1.635854550780523062e+09
1.635854551780776024e+09
1.635854552780399084e+09
1.635854553780405998e+09
1.635854554780664921e+09
1.635854555780451059e+09
1.635854556780487061e+09
1.635854557780452013e+09
1.635854558780522108e+09
1.635854559780267954e+09
1.635854572780425072e+09
1.635854575622401953e+09
1.635854578478750944e+09
1.635854579480004072e+09
1.635854580480170965e+09
1.635854581480274916e+09
1.635854582480029106e+09
1.635854583480215073e+09
1.635854584480149031e+09
1.635854585480125904e+09
1.635854586480144024e+09
1.635854587480175018e+09
1.635854588480113983e+09
1.635854589480077982e+09
1.635854590480149031e+09
1.635854591480156898e+09
1.635854592479918003e+09
1.635854593480381966e+09
1.635854594480165005e+09
1.635854595480138063e+09
1.635854596480160952e+09
1.635854597480096102e+09
1.635854598480161905e+09
1.635854599480150938e+09
1.635854600480145931e+09
1.635854601480144978e+09
1.635854602479975939e+09
1.635854615480381012e+09
1.635854618427592039e+09
1.635854621323143005e+09
1.635854622324460030e+09
1.635854623324511051e+09
1.635854624324512959e+09
1.635854625324248075e+09
1.635854626324511051e+09
1.635854627324600935e+09
1.635854628324527979e+09
1.635854629324533939e+09
1.635854630324523926e+09
1.635854631324558020e+09
1.635854632324527025e+09
1.635854633324553013e+09
1.635854634324496984e+09
1.635854635324321985e+09
1.635854636324548006e+09
1.635854637324491024e+09
1.635854638324459076e+09
1.635854639323602915e+09
1.635854640324489117e+09
1.635854641324506998e+09
1.635854642324507952e+09
1.635854643324511051e+09
1.635854644324528933e+09
1.635854645324301958e+09
1.635854658324481964e+09
1.635854659324503899e+09
1.635854660324572086e+09
1.635854661324501038e+09
1.635854662324503899e+09
1.635854665197060108e+09
1.635854668013246059e+09
1.635854669014591932e+09
1.635854670014642000e+09
1.635854671014648914e+09
1.635854672014555931e+09
1.635854673014513969e+09
1.635854674014544964e+09
1.635854675014605999e+09
1.635854676014574051e+09
1.635854677014569044e+09
1.635854678014503956e+09
1.635854679014854908e+09
1.635854680014638901e+09
1.635854681014625072e+09
1.635854682014642954e+09
1.635854683014621973e+09
1.635854684014579058e+09
1.635854685014592886e+09
1.635854686014561892e+09
1.635854687014648914e+09
1.635854688014379978e+09
1.635854701014605045e+09
1.635854703901774883e+09
1.635854706749535084e+09
1.635854707750875950e+09
1.635854708750961065e+09
1.635854709750935078e+09
1.635854710750785112e+09
1.635854711751177073e+09
1.635854712750937939e+09
1.635854713750829935e+09
1.635854714750943899e+09
1.635854715750955105e+09
1.635854716750893116e+09
1.635854717750864029e+09
1.635854718750958920e+09
1.635854719751286030e+09
1.635854720750755072e+09
1.635854721750989914e+09
1.635854722750935078e+09
1.635854723750956059e+09
1.635854724750946045e+09
1.635854725750974894e+09
1.635854726750937939e+09
1.635854727750946045e+09
1.635854728750960112e+09
1.635854729750940084e+09
1.635854730750822067e+09
1.635854743750893116e+09
1.635854746609930038e+09
1.635854749425674915e+09
1.635854750427005053e+09
1.635854751427117109e+09
1.635854752427098036e+09
1.635854753426790953e+09
1.635854754427018881e+09
1.635854755427088022e+09
1.635854756427136898e+09
1.635854757427093983e+09
1.635854758427105904e+09
1.635854759427081108e+09
1.635854760427098036e+09
1.635854761427128077e+09
1.635854762427095890e+09
1.635854763426938057e+09
1.635854764427129984e+09
1.635854765427023888e+09
1.635854766427088022e+09
1.635854767427047014e+09
1.635854768427087069e+09
1.635854769427062988e+09
1.635854770427062035e+09
1.635854771427090883e+09
1.635854772426819086e+09
1.635854773426800013e+09
1.635854786427078009e+09
1.635854787621108055e+09
1.635854789673624039e+09
1.635854789674345016e+09
1.635854790427134991e+09
1.635854791427426100e+09
1.635854792427062035e+09
1.635854793427108049e+09
1.635854794427170992e+09
1.635854795427089930e+09
1.635854796427172899e+09
1.635854797427107096e+09
1.635854798427144051e+09
1.635854799427074909e+09
1.635854800427083969e+09
1.635854801427340031e+09
1.635854802427103996e+09
1.635854803427004099e+09
1.635854804427169085e+09
1.635854805427095890e+09
1.635854806427175045e+09
1.635854807427082062e+09
1.635854808427077055e+09
1.635854809427083969e+09
1.635854810427052975e+09
1.635854811427073956e+09
1.635854812427067995e+09
1.635854813427027941e+09
1.635854814427167892e+09
1.635854815427113056e+09
1.635854828427082062e+09
1.635854830457906008e+09
1.635854832457542896e+09
1.635854833458641052e+09
1.635854834458898067e+09
1.635854835458966970e+09
1.635854836458973885e+09
1.635854837458976984e+09
1.635854838458786964e+09
1.635854839458975077e+09
1.635854840459008932e+09
1.635854841458936930e+09
1.635854842458937883e+09
1.635854843458988905e+09
1.635854844458991051e+09
1.635854845458951950e+09
1.635854846458955050e+09
1.635854847458952904e+09
1.635854848458759069e+09
1.635854849458909035e+09
1.635854850458934069e+09
1.635854851458966970e+09
1.635854852458909988e+09
1.635854853458942890e+09
1.635854854458952904e+09
1.635854855458947897e+09
1.635854856458950043e+09
1.635854857459002018e+09
1.635854870459002018e+09
1.635854873376115084e+09
1.635854875344614983e+09
1.635854876345920086e+09
1.635854877346038103e+09
1.635854878346038103e+09
1.635854879346069098e+09
1.635854880345875978e+09
1.635854881346057892e+09
1.635854882346035957e+09
1.635854883346031904e+09
1.635854884346035957e+09
1.635854885346038103e+09
1.635854886346039057e+09
1.635854887346035004e+09
1.635854888346056938e+09
1.635854889346029997e+09
1.635854890345832109e+09
1.635854891346069098e+09
1.635854892346060038e+09
1.635854893346041918e+09
1.635854894346015930e+09
1.635854895346029997e+09
1.635854896346075058e+09
1.635854897345451117e+09
1.635854898346055984e+09
1.635854899345993042e+09
1.635854900346754074e+09
1.635854913345993042e+09
1.635854915378845930e+09
1.635854916518676043e+09
1.635854916519342899e+09
1.635854917346128941e+09
1.635854918346060038e+09
1.635854919346048117e+09
1.635854920346021891e+09
1.635854921346055031e+09
1.635854922346024036e+09
1.635854923346668959e+09
1.635854924346303940e+09
1.635854925345998049e+09
1.635854926346051931e+09
1.635854927346107006e+09
1.635854928346107960e+09
1.635854929346110106e+09
1.635854930346085072e+09
1.635854931346077919e+09
1.635854932346077919e+09
1.635854933346123934e+09
1.635854934346348047e+09
1.635854935346189976e+09
1.635854936346071959e+09
1.635854937346060038e+09
1.635854938346100092e+09
1.635854939346123934e+09
1.635854940346008062e+09
1.635854941346028090e+09
1.635854943441488028e+09
1.635854956346061945e+09
1.635854957346175909e+09
1.635854958346169949e+09
1.635854959346178055e+09
1.635854960346061945e+09
1.635854961346077919e+09
1.635854962346129894e+09
1.635854963346179008e+09
1.635854964346160889e+09
1.635854965346131086e+09
1.635854966346178055e+09
1.635854967346084118e+09
1.635854968346062899e+09
1.635854969346153975e+09
1.635854970346050978e+09
1.635854971346524000e+09
1.635854972346075058e+09
1.635854973347006083e+09
1.635854974346160889e+09
1.635854975346180916e+09
1.635854977462471008e+09
1.635854980289210081e+09
1.635854981290580034e+09
1.635854982290534019e+09
1.635854983290641069e+09
1.635854984290601969e+09
1.635854985290504932e+09
1.635854986290467978e+09
1.635854999290555000e+09
1.635855000290628910e+09
1.635855001290683985e+09
1.635855002290633917e+09
1.635855003290638924e+09
1.635855004290621042e+09
1.635855005290661097e+09
1.635855006290621996e+09
1.635855007290652037e+09
1.635855008290657043e+09
1.635855009290683031e+09
1.635855010290676117e+09
1.635855011290623903e+09
1.635855012290644884e+09
1.635855013290698051e+09
1.635855014290632010e+09
1.635855015462929964e+09
1.635855018279547930e+09
1.635855018360224962e+09
1.635855018441035986e+09
1.635855019290518045e+09
1.635855020290693998e+09
1.635855021290648937e+09
1.635855022290590048e+09
1.635855023290612936e+09
1.635855024290602922e+09
1.635855025290616989e+09
1.635855026290616989e+09
1.635855027290642023e+09
1.635855028290623903e+09
1.635855041290574074e+09
1.635855042290679932e+09
1.635855043290635109e+09
1.635855044290666103e+09
1.635855045290618896e+09
1.635855046290605068e+09
1.635855047290628910e+09
1.635855048290632010e+09
1.635855049290625095e+09
1.635855050439565897e+09
1.635855051290525913e+09
1.635855052290704966e+09
1.635855053290621042e+09
1.635855054290612936e+09
1.635855055290657997e+09
1.635855056290653944e+09
1.635855057290633917e+09
1.635855058290627956e+09
1.635855059290616035e+09
1.635855060290637016e+09
