0.000000000000000000e+00
3.668050765991210938e+01
3.599891281127929688e+01
3.500481033325195312e+01
3.549128341674804688e+01
3.553100204467773438e+01
3.548252487182617188e+01
3.574071502685546875e+01
3.539435195922851562e+01
3.541851425170898438e+01
3.619237136840820312e+01
3.582706832885742188e+01
3.554776000976562500e+01
3.618577194213867188e+01
3.544345092773437500e+01
3.584598159790039062e+01
3.486000823974609375e+01
3.533856201171875000e+01
3.508535766601562500e+01
3.508802032470703125e+01
3.482960128784179688e+01
3.547867202758789062e+01
3.587836074829101562e+01
3.481689071655273438e+01
3.582201004028320312e+01
3.571566390991210938e+01
3.493044281005859375e+01
3.534788131713867188e+01
3.462987136840820312e+01
3.583440017700195312e+01
3.469983291625976562e+01
3.669265747070312500e+01
3.633161926269531250e+01
3.469672393798828125e+01
3.399409103393554688e+01
3.367090225219726562e+01
3.365346908569335938e+01
3.410317230224609375e+01
3.283747482299804688e+01
3.336746215820312500e+01
3.412940597534179688e+01
3.449714279174804688e+01
3.556613159179687500e+01
3.566685104370117188e+01
3.498765182495117188e+01
3.613264083862304688e+01
3.597508239746093750e+01
3.599899291992187500e+01
3.537708663940429688e+01
3.552972412109375000e+01
3.513633728027343750e+01
3.442032241821289062e+01
3.585207748413085938e+01
3.574135971069335938e+01
3.594484710693359375e+01
3.446473693847656250e+01
3.592543792724609375e+01
3.545245361328125000e+01
3.439213562011718750e+01
3.524937820434570312e+01
3.503991317749023438e+01
3.569706726074218750e+01
3.580282974243164062e+01
3.618463134765625000e+01
3.496975708007812500e+01
3.592278671264648438e+01
3.635747528076171875e+01
3.531628417968750000e+01
3.565516281127929688e+01
3.462155532836914062e+01
3.525356292724609375e+01
3.596451568603515625e+01
3.600053405761718750e+01
3.594508361816406250e+01
3.438956451416015625e+01
3.562987899780273438e+01
3.567109680175781250e+01
3.581452178955078125e+01
3.593800735473632812e+01
3.627640533447265625e+01
3.553996658325195312e+01
3.482789230346679688e+01
3.641006469726562500e+01
3.570589065551757812e+01
3.601803970336914062e+01
3.594436264038085938e+01
3.534862136840820312e+01
3.707406234741210938e+01
3.553374099731445312e+01
3.520023727416992188e+01
3.475044631958007812e+01
3.500946044921875000e+01
3.620075225830078125e+01
3.621850585937500000e+01
3.524292755126953125e+01
3.515586090087890625e+01
3.578180694580078125e+01
3.492675781250000000e+01
3.624965286254882812e+01
3.567887878417968750e+01
3.499924468994140625e+01
3.599123382568359375e+01
3.543647384643554688e+01
3.551652145385742188e+01
3.580323410034179688e+01
3.656380462646484375e+01
3.488190841674804688e+01
3.553506469726562500e+01
3.466337966918945312e+01
3.542993164062500000e+01
3.543913650512695312e+01
3.567748260498046875e+01
3.614296722412109375e+01
3.593136978149414062e+01
3.473102188110351562e+01
3.617182540893554688e+01
3.518431472778320312e+01
3.627241516113281250e+01
3.490512847900390625e+01
3.528386306762695312e+01
3.502953338623046875e+01
3.548571777343750000e+01
3.549703979492187500e+01
3.613427352905273438e+01
3.644981384277343750e+01
3.579327392578125000e+01
3.614148330688476562e+01
3.536747360229492188e+01
3.573159027099609375e+01
3.535055923461914062e+01
3.589397048950195312e+01
3.574596023559570312e+01
3.576440811157226562e+01
3.537077331542968750e+01
3.646287155151367188e+01
3.587272644042968750e+01
3.533658981323242188e+01
3.518939590454101562e+01
3.497273635864257812e+01
3.619223022460937500e+01
3.540195465087890625e+01
3.583054733276367188e+01
3.622138595581054688e+01
3.575878143310546875e+01
3.626724243164062500e+01
3.569889068603515625e+01
3.601792526245117188e+01
3.488149261474609375e+01
3.572569274902343750e+01
3.587058639526367188e+01
3.524259185791015625e+01
3.506266021728515625e+01
3.469158554077148438e+01
3.569319915771484375e+01
3.496025466918945312e+01
3.577562332153320312e+01
3.616600036621093750e+01
3.513837432861328125e+01
3.631084060668945312e+01
3.522916793823242188e+01
3.502790451049804688e+01
3.562133026123046875e+01
3.554600906372070312e+01
3.521239089965820312e+01
3.577968215942382812e+01
3.619406509399414062e+01
3.550362396240234375e+01
3.574874877929687500e+01
3.583784866333007812e+01
3.537729644775390625e+01
3.496671676635742188e+01
3.533017730712890625e+01
3.531869888305664062e+01
3.550073242187500000e+01
3.642204666137695312e+01
3.538519668579101562e+01
3.579766082763671875e+01
3.512113189697265625e+01
3.569353485107421875e+01
3.639297103881835938e+01
3.656263732910156250e+01
3.535632705688476562e+01
3.624172210693359375e+01
3.579379653930664062e+01
3.556302261352539062e+01
3.627891540527343750e+01
3.522487640380859375e+01
3.491506576538085938e+01
3.646483612060546875e+01
3.521360015869140625e+01
3.692862319946289062e+01
3.601959609985351562e+01
3.550845336914062500e+01
3.506247329711914062e+01
3.501442718505859375e+01
3.514822769165039062e+01
3.477333450317382812e+01
3.584439468383789062e+01
3.515047454833984375e+01
3.552315139770507812e+01
3.538762664794921875e+01
3.500828933715820312e+01
3.562672424316406250e+01
3.542840194702148438e+01
3.595676422119140625e+01
3.590809631347656250e+01
3.539003372192382812e+01
3.598045349121093750e+01
3.563776016235351562e+01
3.539101409912109375e+01
3.556389617919921875e+01
3.487322235107421875e+01
3.542702484130859375e+01
3.535880279541015625e+01
3.605902481079101562e+01
3.400994873046875000e+01
3.481824111938476562e+01
3.483460617065429688e+01
3.591896057128906250e+01
3.601786804199218750e+01
3.401914978027343750e+01
3.489973449707031250e+01
3.571140670776367188e+01
3.497051239013671875e+01
3.588013839721679688e+01
3.613318634033203125e+01
3.615094375610351562e+01
3.492392349243164062e+01
3.516967773437500000e+01
3.496141815185546875e+01
3.516837692260742188e+01
3.520483398437500000e+01
3.497036361694335938e+01
3.594443130493164062e+01
3.537568664550781250e+01
3.528508377075195312e+01
3.526900863647460938e+01
3.534778594970703125e+01
3.513828659057617188e+01
3.544368362426757812e+01
3.641967773437500000e+01
3.519946289062500000e+01
3.547611236572265625e+01
3.469706726074218750e+01
3.580366516113281250e+01
3.568456649780273438e+01
3.533102416992187500e+01
3.565282821655273438e+01
3.445698165893554688e+01
3.517243194580078125e+01
3.495859146118164062e+01
3.522730636596679688e+01
3.522920989990234375e+01
3.624919891357421875e+01
3.597786331176757812e+01
3.576058197021484375e+01
3.517847061157226562e+01
3.531425857543945312e+01
3.500811386108398438e+01
3.523598098754882812e+01
3.459416961669921875e+01
3.639402770996093750e+01
3.515034484863281250e+01
3.427148437500000000e+01
3.418545913696289062e+01
3.493534088134765625e+01
3.527566146850585938e+01
3.511804962158203125e+01
3.554901504516601562e+01
3.492799758911132812e+01
3.585598373413085938e+01
3.682452011108398438e+01
3.634716033935546875e+01
3.561435699462890625e+01
3.619622802734375000e+01
3.539666366577148438e+01
3.504719161987304688e+01
3.518110275268554688e+01
3.555753326416015625e+01
3.499010848999023438e+01
3.518958282470703125e+01
3.556146240234375000e+01
3.635183334350585938e+01
3.457120132446289062e+01
3.548683166503906250e+01
3.592237091064453125e+01
3.657698059082031250e+01
3.583333587646484375e+01
3.559956359863281250e+01
3.581325912475585938e+01
3.569522094726562500e+01
3.475113296508789062e+01
3.562405776977539062e+01
3.570228576660156250e+01
3.517014694213867188e+01
3.572941207885742188e+01
3.553798294067382812e+01
3.495225906372070312e+01
3.503337860107421875e+01
3.533509445190429688e+01
3.619779205322265625e+01
3.520860290527343750e+01
3.564313507080078125e+01
3.570218276977539062e+01
3.522432708740234375e+01
3.612046813964843750e+01
3.521632003784179688e+01
3.538336944580078125e+01
3.555831146240234375e+01
3.543287658691406250e+01
3.544625091552734375e+01
3.572649002075195312e+01
3.565388107299804688e+01
3.515219879150390625e+01
3.449332046508789062e+01
3.508254241943359375e+01
3.516313934326171875e+01
3.574610137939453125e+01
3.567950439453125000e+01
3.580270767211914062e+01
3.611790466308593750e+01
3.612312316894531250e+01
3.562106704711914062e+01
3.566235351562500000e+01
3.508675003051757812e+01
3.526211547851562500e+01
3.526591110229492188e+01
3.525878143310546875e+01
3.556191253662109375e+01
3.551601791381835938e+01
3.523300552368164062e+01
3.586053466796875000e+01
3.593306350708007812e+01
3.564509582519531250e+01
3.544994735717773438e+01
3.628472137451171875e+01
3.610948944091796875e+01
3.535198593139648438e+01
3.549388885498046875e+01
3.598924636840820312e+01
3.606167984008789062e+01
3.543045806884765625e+01
3.524723434448242188e+01
3.412085723876953125e+01
3.622703170776367188e+01
3.559553146362304688e+01
3.610046768188476562e+01
3.588593673706054688e+01
3.594269943237304688e+01
3.584131240844726562e+01
3.612555313110351562e+01
3.580554962158203125e+01
3.476376724243164062e+01
3.595092010498046875e+01
3.614734649658203125e+01
3.558908462524414062e+01
3.605226135253906250e+01
3.541040039062500000e+01
3.618531417846679688e+01
3.561392211914062500e+01
3.567642211914062500e+01
3.518672180175781250e+01
3.473538970947265625e+01
3.487529373168945312e+01
3.570467758178710938e+01
3.487369918823242188e+01
3.489850997924804688e+01
3.564926147460937500e+01
3.573559188842773438e+01
3.473107910156250000e+01
3.479959487915039062e+01
3.532385635375976562e+01
3.542750549316406250e+01
3.591188430786132812e+01
3.543705749511718750e+01
3.614123153686523438e+01
3.510892486572265625e+01
3.582449722290039062e+01
3.528936386108398438e+01
3.582440567016601562e+01
3.620958709716796875e+01
3.569113159179687500e+01
3.631359481811523438e+01
3.618341064453125000e+01
3.577396011352539062e+01
3.535246658325195312e+01
3.474316024780273438e+01
3.686323547363281250e+01
3.587302017211914062e+01
3.489697265625000000e+01
3.547580337524414062e+01
3.605938339233398438e+01
3.470339584350585938e+01
3.554615783691406250e+01
3.623486709594726562e+01
3.546919250488281250e+01
3.497542953491210938e+01
3.524836349487304688e+01
3.553331375122070312e+01
3.547844314575195312e+01
3.481241607666015625e+01
3.563714599609375000e+01
3.482048034667968750e+01
3.527111053466796875e+01
3.556399154663085938e+01
3.558347702026367188e+01
3.469275665283203125e+01
3.497697067260742188e+01
3.536019515991210938e+01
3.519738388061523438e+01
3.519938278198242188e+01
3.468182373046875000e+01
3.568975448608398438e+01
3.559902572631835938e+01
3.564587020874023438e+01
3.551525115966796875e+01
3.528282165527343750e+01
3.603466415405273438e+01
3.563012695312500000e+01
3.524794006347656250e+01
3.592514801025390625e+01
3.565980911254882812e+01
3.497326278686523438e+01
3.514025878906250000e+01
3.620649719238281250e+01
3.563253021240234375e+01
3.557872009277343750e+01
3.485942840576171875e+01
3.563747024536132812e+01
3.505072021484375000e+01
3.524591827392578125e+01
3.541976928710937500e+01
3.525503921508789062e+01
3.577029037475585938e+01
3.600075912475585938e+01
3.522775268554687500e+01
3.559756851196289062e+01
3.528022766113281250e+01
3.457486724853515625e+01
3.601605224609375000e+01
3.529962921142578125e+01
3.551204681396484375e+01
3.548527145385742188e+01
3.470695877075195312e+01
3.546087265014648438e+01
3.551356506347656250e+01
3.558897018432617188e+01
3.488454818725585938e+01
3.519809341430664062e+01
3.598505020141601562e+01
3.455263519287109375e+01
3.569602203369140625e+01
3.635444641113281250e+01
3.523271179199218750e+01
3.535560607910156250e+01
3.602044296264648438e+01
3.553558731079101562e+01
3.510415267944335938e+01
3.545031738281250000e+01
3.579405593872070312e+01
3.508246612548828125e+01
3.557472229003906250e+01
3.509664154052734375e+01
3.596120071411132812e+01
3.535782623291015625e+01
3.502888870239257812e+01
3.514960098266601562e+01
3.496537017822265625e+01
3.518576431274414062e+01
3.519925689697265625e+01
3.515966796875000000e+01
3.635196685791015625e+01
3.505310440063476562e+01
3.561383438110351562e+01
3.560536956787109375e+01
3.600277709960937500e+01
3.495002365112304688e+01
3.487753295898437500e+01
3.567568588256835938e+01
3.561967468261718750e+01
3.553774642944335938e+01
3.588424682617187500e+01
3.563803863525390625e+01
3.447332000732421875e+01
3.590010452270507812e+01
3.485531234741210938e+01
3.528523635864257812e+01
3.544647598266601562e+01
3.514825439453125000e+01
3.523651885986328125e+01
3.491023254394531250e+01
3.526316833496093750e+01
3.534082412719726562e+01
3.573532485961914062e+01
3.550405883789062500e+01
3.630575561523437500e+01
3.529076385498046875e+01
3.531410980224609375e+01
3.543894195556640625e+01
3.530838775634765625e+01
3.631610107421875000e+01
3.499063873291015625e+01
3.636598205566406250e+01
3.503813552856445312e+01
3.628663253784179688e+01
3.534226989746093750e+01
3.590681076049804688e+01
3.490054321289062500e+01
3.506082534790039062e+01
3.509828948974609375e+01
3.551459503173828125e+01
3.632848739624023438e+01
3.594015884399414062e+01
3.534410858154296875e+01
3.578160095214843750e+01
3.562538146972656250e+01
3.566449356079101562e+01
3.520100784301757812e+01
3.531204223632812500e+01
3.536075592041015625e+01
3.530850982666015625e+01
3.532243728637695312e+01
3.541750335693359375e+01
3.585297012329101562e+01
3.486195373535156250e+01
3.589801406860351562e+01
3.514170837402343750e+01
3.582202148437500000e+01
3.562748336791992188e+01
3.518298339843750000e+01
3.564234924316406250e+01
3.564213943481445312e+01
3.492082977294921875e+01
3.553668594360351562e+01
3.570832824707031250e+01
3.616014099121093750e+01
3.575763702392578125e+01
3.461128616333007812e+01
3.563730239868164062e+01
3.542056274414062500e+01
3.584622192382812500e+01
3.533638000488281250e+01
3.573196792602539062e+01
3.584718704223632812e+01
3.574776840209960938e+01
3.596824264526367188e+01
3.549196624755859375e+01
3.600713729858398438e+01
3.529391098022460938e+01
3.549702072143554688e+01
3.631998825073242188e+01
3.566118621826171875e+01
3.509757614135742188e+01
3.543556594848632812e+01
3.531288909912109375e+01
3.596086502075195312e+01
3.577214431762695312e+01
3.592954254150390625e+01
3.539344406127929688e+01
3.533198165893554688e+01
3.510893249511718750e+01
3.503486633300781250e+01
3.602589797973632812e+01
3.571226882934570312e+01
3.532456588745117188e+01
3.531871414184570312e+01
3.486053848266601562e+01
3.577093887329101562e+01
3.548183441162109375e+01
3.524158096313476562e+01
3.481980133056640625e+01
3.605133819580078125e+01
3.558618545532226562e+01
3.449103164672851562e+01
3.447331619262695312e+01
3.468923187255859375e+01
3.622422027587890625e+01
3.559980010986328125e+01
-1.478174567222595215e+00
-3.092686533927917480e-01
-6.662337779998779297e-01
-1.526167988777160645e+00
-9.088824391365051270e-01
-1.534966707229614258e+00
-4.881410300731658936e-01
-5.653021335601806641e-01
-1.402451753616333008e+00
-5.865160822868347168e-01
-1.225606083869934082e+00
-5.318419337272644043e-01
-4.014655947685241699e-01
-1.362609624862670898e+00
-1.702230095863342285e+00
-7.891759872436523438e-01
3.468025207519531250e+01
3.526317596435546875e+01
3.452528762817382812e+01
3.550875854492187500e+01
3.661811065673828125e+01
3.517204284667968750e+01
3.556748962402343750e+01
3.599205017089843750e+01
3.501221084594726562e+01
3.516146850585937500e+01
3.569956970214843750e+01
3.583735275268554688e+01
3.526020812988281250e+01
3.613930892944335938e+01
3.453036880493164062e+01
3.593283843994140625e+01
3.576304626464843750e+01
3.515946960449218750e+01
3.598340988159179688e+01
3.547477722167968750e+01
3.496466827392578125e+01
3.549942016601562500e+01
3.472548675537109375e+01
3.524605560302734375e+01
3.536111068725585938e+01
3.521910858154296875e+01
3.523801040649414062e+01
3.553983306884765625e+01
3.533959579467773438e+01
3.559198379516601562e+01
3.523892593383789062e+01
3.555463027954101562e+01
3.636155700683593750e+01
3.513596343994140625e+01
3.521584701538085938e+01
3.518122482299804688e+01
3.552202224731445312e+01
3.527804183959960938e+01
3.573600769042968750e+01
3.506700134277343750e+01
3.531426239013671875e+01
3.563983535766601562e+01
3.608125686645507812e+01
3.588027572631835938e+01
3.505085372924804688e+01
3.529615783691406250e+01
3.515245437622070312e+01
3.543108367919921875e+01
3.562783813476562500e+01
3.514640808105468750e+01
3.475672912597656250e+01
3.610454940795898438e+01
3.492915344238281250e+01
3.569093704223632812e+01
3.506668853759765625e+01
3.582139968872070312e+01
3.552632141113281250e+01
3.481868362426757812e+01
3.534094238281250000e+01
3.589558792114257812e+01
4.394973069429397583e-02
-9.209011793136596680e-01
-3.053014576435089111e-01
-6.294039487838745117e-01
-6.440569758415222168e-01
-1.470194607973098755e-01
-3.315903544425964355e-01
-2.333649098873138428e-01
-1.408683419227600098e+00
-1.105160355567932129e+00
3.535816192626953125e+01
3.545182418823242188e+01
3.489929199218750000e+01
3.494105529785156250e+01
3.595183944702148438e+01
3.484003448486328125e+01
3.621496582031250000e+01
3.514830780029296875e+01
3.540208816528320312e+01
3.562172317504882812e+01
3.576448822021484375e+01
3.595922088623046875e+01
3.694223022460937500e+01
3.569464492797851562e+01
3.619363403320312500e+01
3.580180740356445312e+01
3.576981353759765625e+01
3.572113800048828125e+01
3.545496368408203125e+01
3.486265563964843750e+01
3.537986373901367188e+01
3.584988784790039062e+01
3.543027496337890625e+01
3.467765426635742188e+01
3.652117538452148438e+01
3.494567489624023438e+01
3.526010894775390625e+01
3.642478942871093750e+01
3.616343307495117188e+01
3.543389892578125000e+01
3.548122024536132812e+01
3.540494918823242188e+01
3.609549331665039062e+01
3.632699966430664062e+01
3.516801834106445312e+01
3.570477294921875000e+01
3.604612731933593750e+01
3.527058410644531250e+01
3.597050094604492188e+01
3.585245513916015625e+01
3.586152267456054688e+01
3.585545730590820312e+01
3.518951416015625000e+01
3.523130035400390625e+01
3.594331359863281250e+01
3.590720367431640625e+01
3.590834045410156250e+01
3.554466629028320312e+01
3.482313537597656250e+01
3.563437652587890625e+01
3.472149658203125000e+01
3.546699523925781250e+01
3.598604965209960938e+01
3.507724761962890625e+01
3.523422622680664062e+01
3.505795288085937500e+01
3.656608200073242188e+01
3.566930007934570312e+01
3.539268112182617188e+01
3.525474166870117188e+01
3.571678924560546875e+01
3.554891586303710938e+01
3.571699142456054688e+01
3.532581710815429688e+01
3.570338439941406250e+01
3.491527557373046875e+01
3.522724533081054688e+01
3.563550567626953125e+01
3.524257278442382812e+01
3.570483016967773438e+01
3.577155303955078125e+01
3.583862304687500000e+01
3.535113525390625000e+01
3.618920516967773438e+01
3.647795486450195312e+01
3.512972640991210938e+01
3.525196838378906250e+01
3.540713119506835938e+01
3.421304321289062500e+01
3.599442672729492188e+01
3.545330429077148438e+01
3.614906311035156250e+01
3.566478729248046875e+01
3.570887374877929688e+01
3.578718566894531250e+01
3.645330047607421875e+01
3.584894180297851562e+01
3.477513504028320312e+01
3.636707687377929688e+01
3.494585418701171875e+01
3.576845932006835938e+01
3.428683853149414062e+01
3.542820739746093750e+01
3.575242614746093750e+01
3.587297439575195312e+01
3.598285675048828125e+01
3.484912490844726562e+01
3.566907501220703125e+01
3.612433242797851562e+01
3.559875106811523438e+01
3.622229003906250000e+01
3.619572067260742188e+01
3.635522842407226562e+01
3.578508758544921875e+01
3.504571151733398438e+01
3.479161834716796875e+01
3.569330596923828125e+01
3.543656158447265625e+01
3.666851043701171875e+01
3.466341018676757812e+01
3.582694244384765625e+01
3.612060546875000000e+01
3.453108596801757812e+01
3.497431945800781250e+01
3.588076400756835938e+01
3.583054351806640625e+01
3.538870620727539062e+01
3.495641326904296875e+01
3.538076782226562500e+01
3.684386062622070312e+01
3.505604553222656250e+01
3.550493240356445312e+01
3.510848236083984375e+01
3.577956390380859375e+01
3.608381271362304688e+01
3.516521835327148438e+01
3.556289672851562500e+01
3.528616714477539062e+01
3.568978118896484375e+01
3.564908599853515625e+01
3.510245513916015625e+01
3.574284744262695312e+01
3.600134277343750000e+01
3.609307861328125000e+01
3.506280899047851562e+01
3.551232910156250000e+01
3.565001296997070312e+01
3.583465957641601562e+01
3.528992462158203125e+01
3.538423919677734375e+01
3.604463958740234375e+01
3.603855133056640625e+01
3.530049514770507812e+01
3.468693923950195312e+01
3.511261749267578125e+01
3.508349990844726562e+01
3.526585006713867188e+01
3.513953399658203125e+01
3.578426361083984375e+01
3.565139007568359375e+01
3.608392333984375000e+01
3.576284790039062500e+01
3.527037811279296875e+01
3.482550811767578125e+01
3.539294815063476562e+01
3.441347885131835938e+01
3.572952651977539062e+01
3.547861862182617188e+01
3.543157577514648438e+01
3.545576858520507812e+01
3.500126266479492188e+01
3.610739517211914062e+01
3.543397140502929688e+01
3.525894927978515625e+01
3.522296905517578125e+01
3.566318893432617188e+01
3.472599411010742188e+01
3.494943618774414062e+01
3.529323196411132812e+01
3.607115554809570312e+01
3.584382629394531250e+01
3.546858978271484375e+01
3.535118484497070312e+01
3.470816421508789062e+01
3.496836853027343750e+01
3.534504318237304688e+01
3.495862579345703125e+01
3.619618988037109375e+01
3.598311614990234375e+01
3.582597351074218750e+01
3.553945159912109375e+01
3.516493606567382812e+01
3.598898315429687500e+01
3.540019989013671875e+01
3.568242645263671875e+01
3.542239379882812500e+01
3.507094192504882812e+01
3.566036224365234375e+01
3.514667510986328125e+01
3.536763000488281250e+01
3.549831771850585938e+01
3.579594802856445312e+01
3.616325378417968750e+01
3.525580978393554688e+01
3.535606765747070312e+01
3.488869476318359375e+01
3.600277709960937500e+01
3.568504714965820312e+01
3.510201263427734375e+01
3.672513961791992188e+01
3.553022384643554688e+01
3.582266998291015625e+01
3.606890869140625000e+01
3.595231246948242188e+01
3.451663589477539062e+01
3.518239974975585938e+01
3.556771469116210938e+01
3.572328567504882812e+01
3.487524795532226562e+01
3.628364944458007812e+01
3.551107406616210938e+01
3.544933319091796875e+01
3.502414703369140625e+01
3.538629150390625000e+01
3.545321655273437500e+01
3.555041122436523438e+01
3.607172775268554688e+01
3.578498840332031250e+01
3.533596420288085938e+01
3.563377380371093750e+01
3.491477966308593750e+01
3.599181365966796875e+01
3.598321914672851562e+01
3.532030868530273438e+01
3.644176483154296875e+01
3.606272125244140625e+01
3.541267776489257812e+01
3.607845306396484375e+01
3.570241165161132812e+01
3.530065917968750000e+01
3.626218795776367188e+01
3.456811523437500000e+01
3.517082977294921875e+01
3.565016937255859375e+01
3.497941970825195312e+01
3.576676177978515625e+01
3.497349548339843750e+01
3.542638015747070312e+01
3.597627639770507812e+01
3.593479156494140625e+01
3.560575485229492188e+01
3.486995315551757812e+01
3.525311660766601562e+01
3.583515930175781250e+01
3.564125442504882812e+01
3.611757659912109375e+01
3.590570068359375000e+01
3.536240768432617188e+01
3.545505523681640625e+01
3.564900207519531250e+01
3.551305770874023438e+01
3.582923507690429688e+01
3.481207275390625000e+01
3.573471450805664062e+01
3.602838516235351562e+01
3.609258651733398438e+01
3.520911788940429688e+01
3.598640441894531250e+01
3.526145172119140625e+01
3.536778640747070312e+01
3.537241744995117188e+01
3.533141326904296875e+01
3.605567169189453125e+01
3.494809341430664062e+01
3.499036026000976562e+01
3.518341827392578125e+01
3.517720794677734375e+01
3.584828567504882812e+01
3.552133178710937500e+01
3.499834442138671875e+01
3.575271224975585938e+01
3.561343002319335938e+01
3.505670547485351562e+01
3.568530273437500000e+01
3.516153335571289062e+01
3.491284561157226562e+01
3.593807220458984375e+01
3.606480789184570312e+01
3.434893417358398438e+01
3.501429748535156250e+01
3.586613845825195312e+01
3.587365341186523438e+01
3.560350418090820312e+01
3.595634460449218750e+01
3.554571914672851562e+01
3.502323532104492188e+01
3.591826248168945312e+01
3.518516159057617188e+01
3.571613693237304688e+01
3.569409561157226562e+01
3.628018188476562500e+01
3.494878768920898438e+01
3.546820449829101562e+01
3.550062561035156250e+01
3.520367050170898438e+01
3.465618896484375000e+01
3.649768447875976562e+01
3.504262542724609375e+01
3.585668563842773438e+01
3.504377365112304688e+01
3.548983383178710938e+01
3.545834350585937500e+01
3.666684722900390625e+01
3.595606613159179688e+01
3.511436080932617188e+01
3.672600555419921875e+01
3.568023681640625000e+01
3.536862564086914062e+01
3.596483612060546875e+01
3.506640625000000000e+01
3.554401016235351562e+01
3.653983688354492188e+01
3.540855407714843750e+01
3.537384796142578125e+01
3.595159149169921875e+01
3.514118957519531250e+01
3.597573471069335938e+01
3.541411972045898438e+01
3.510527420043945312e+01
3.482205581665039062e+01
3.505637359619140625e+01
3.506153869628906250e+01
3.470323944091796875e+01
3.505931472778320312e+01
3.465610122680664062e+01
3.585219955444335938e+01
3.550437545776367188e+01
3.480295562744140625e+01
3.560164260864257812e+01
3.496916580200195312e+01
3.491927337646484375e+01
3.559481811523437500e+01
3.504959106445312500e+01
3.557934951782226562e+01
3.535798263549804688e+01
3.576352310180664062e+01
3.502589035034179688e+01
3.587041091918945312e+01
3.507301330566406250e+01
3.569456863403320312e+01
3.610392761230468750e+01
3.599496459960937500e+01
3.453374481201171875e+01
3.508868408203125000e+01
3.528395080566406250e+01
3.570240783691406250e+01
3.507060241699218750e+01
3.476187515258789062e+01
3.514487838745117188e+01
3.550454711914062500e+01
3.506135177612304688e+01
3.531460571289062500e+01
3.628372573852539062e+01
3.561930847167968750e+01
3.556961822509765625e+01
3.497505569458007812e+01
3.615671157836914062e+01
3.701311492919921875e+01
3.552492141723632812e+01
3.517999267578125000e+01
3.489810943603515625e+01
3.468097686767578125e+01
3.582498931884765625e+01
3.565363311767578125e+01
3.534329605102539062e+01
3.528079605102539062e+01
3.561322021484375000e+01
3.495836257934570312e+01
3.580916595458984375e+01
3.523482513427734375e+01
3.528840637207031250e+01
3.474417114257812500e+01
3.578793716430664062e+01
3.652280807495117188e+01
3.560940551757812500e+01
3.615734863281250000e+01
3.461629486083984375e+01
3.597554397583007812e+01
3.487007904052734375e+01
3.678448867797851562e+01
3.499480819702148438e+01
3.656775283813476562e+01
3.562082290649414062e+01
3.689589309692382812e+01
3.472566604614257812e+01
3.647952651977539062e+01
3.547258377075195312e+01
3.577334594726562500e+01
3.579731369018554688e+01
3.569860076904296875e+01
3.468345642089843750e+01
3.558531188964843750e+01
3.618898391723632812e+01
3.610226058959960938e+01
3.542034149169921875e+01
3.577460098266601562e+01
3.497707748413085938e+01
3.575582122802734375e+01
3.559833526611328125e+01
3.541139221191406250e+01
3.465217590332031250e+01
3.584939575195312500e+01
3.478557586669921875e+01
3.576296997070312500e+01
3.547658538818359375e+01
3.459694290161132812e+01
3.566494750976562500e+01
3.568728637695312500e+01
3.564883422851562500e+01
3.511475753784179688e+01
3.623811721801757812e+01
3.491822052001953125e+01
3.609880447387695312e+01
3.595975875854492188e+01
3.556950378417968750e+01
3.544991683959960938e+01
3.615059280395507812e+01
3.483423233032226562e+01
3.604808425903320312e+01
3.538325500488281250e+01
3.569632720947265625e+01
3.563557815551757812e+01
3.473836517333984375e+01
3.532058715820312500e+01
3.495844650268554688e+01
3.578231430053710938e+01
3.538805007934570312e+01
3.569188690185546875e+01
3.575391006469726562e+01
3.642112350463867188e+01
3.556018066406250000e+01
3.589027404785156250e+01
3.585728454589843750e+01
3.637818145751953125e+01
3.605978012084960938e+01
3.529339218139648438e+01
3.552671432495117188e+01
3.537083435058593750e+01
3.469107437133789062e+01
3.498734283447265625e+01
3.588359451293945312e+01
3.519982528686523438e+01
3.602439880371093750e+01
3.507599639892578125e+01
3.543835067749023438e+01
3.604436874389648438e+01
3.588951110839843750e+01
3.533139801025390625e+01
3.595560073852539062e+01
3.569907379150390625e+01
3.558769989013671875e+01
3.454896163940429688e+01
3.573998260498046875e+01
3.524401092529296875e+01
3.616387176513671875e+01
3.526512145996093750e+01
3.512781143188476562e+01
3.508896255493164062e+01
3.492694091796875000e+01
3.479902648925781250e+01
3.549389648437500000e+01
3.619138717651367188e+01
3.544745635986328125e+01
3.511291122436523438e+01
3.529045104980468750e+01
3.500971603393554688e+01
3.533226776123046875e+01
3.491371536254882812e+01
3.433498764038085938e+01
3.569388580322265625e+01
3.542499160766601562e+01
3.507077407836914062e+01
3.656973266601562500e+01
3.524539184570312500e+01
3.580993652343750000e+01
3.579837799072265625e+01
3.564391708374023438e+01
3.531443405151367188e+01
3.494468688964843750e+01
3.486760330200195312e+01
3.491893005371093750e+01
3.484736251831054688e+01
3.538930892944335938e+01
3.552237319946289062e+01
3.514425277709960938e+01
3.487732315063476562e+01
3.510032653808593750e+01
3.551342773437500000e+01
3.498492813110351562e+01
3.501521682739257812e+01
3.573212432861328125e+01
3.573011016845703125e+01
3.520326995849609375e+01
3.473263168334960938e+01
3.562978363037109375e+01
3.548348236083984375e+01
3.634019851684570312e+01
3.569788360595703125e+01
3.561055374145507812e+01
3.581191253662109375e+01
3.531869506835937500e+01
3.540444564819335938e+01
3.542881774902343750e+01
3.632085037231445312e+01
3.559388732910156250e+01
3.512523269653320312e+01
3.485529708862304688e+01
3.569750976562500000e+01
3.606825637817382812e+01
3.443964385986328125e+01
3.552042007446289062e+01
3.616946411132812500e+01
3.527453613281250000e+01
3.511033248901367188e+01
3.495537567138671875e+01
3.530855941772460938e+01
3.569712448120117188e+01
3.503099441528320312e+01
3.543865203857421875e+01
3.607687759399414062e+01
3.651776885986328125e+01
3.534466934204101562e+01
3.544248962402343750e+01
3.548686218261718750e+01
3.495802688598632812e+01
3.489246368408203125e+01
3.485282135009765625e+01
3.513753509521484375e+01
3.550381851196289062e+01
3.507379150390625000e+01
3.425249099731445312e+01
3.493101501464843750e+01
3.524422073364257812e+01
3.529642868041992188e+01
3.584473800659179688e+01
3.588333892822265625e+01
3.492371749877929688e+01
3.551496887207031250e+01
3.513350296020507812e+01
3.536069869995117188e+01
3.549527740478515625e+01
3.547807312011718750e+01
3.564988327026367188e+01
3.459001541137695312e+01
3.641907501220703125e+01
3.575370025634765625e+01
3.533531570434570312e+01
3.421001052856445312e+01
3.602567291259765625e+01
3.629416656494140625e+01
3.537932586669921875e+01
3.599018478393554688e+01
3.574203491210937500e+01
3.521630859375000000e+01
3.528200531005859375e+01
3.533852767944335938e+01
3.566347122192382812e+01
3.583629608154296875e+01
3.499490737915039062e+01
3.540127563476562500e+01
3.512232208251953125e+01
3.567131423950195312e+01
3.543588638305664062e+01
3.558364486694335938e+01
3.601955032348632812e+01
3.530895233154296875e+01
3.549656677246093750e+01
3.659886932373046875e+01
3.530727005004882812e+01
3.534529876708984375e+01
3.566698837280273438e+01
3.529727935791015625e+01
3.648209381103515625e+01
3.646709823608398438e+01
3.569086837768554688e+01
3.524694061279296875e+01
3.628923034667968750e+01
3.526221084594726562e+01
3.607680130004882812e+01
3.506748962402343750e+01
3.492982101440429688e+01
3.569376373291015625e+01
3.617830276489257812e+01
3.460161209106445312e+01
3.602890396118164062e+01
3.574304199218750000e+01
3.439112091064453125e+01
3.550719833374023438e+01
3.512028884887695312e+01
3.598372268676757812e+01
3.604747390747070312e+01
3.600215530395507812e+01
3.560732269287109375e+01
3.642276763916015625e+01
3.625697326660156250e+01
3.578529739379882812e+01
3.493164062500000000e+01
3.596226882934570312e+01
3.634047317504882812e+01
3.538262939453125000e+01
3.527536773681640625e+01
3.544620513916015625e+01
3.622142791748046875e+01
3.593004226684570312e+01
3.479515457153320312e+01
3.553096389770507812e+01
3.602248001098632812e+01
3.524514389038085938e+01
3.418451309204101562e+01
3.617079544067382812e+01
3.502918243408203125e+01
3.440964126586914062e+01
3.532218170166015625e+01
3.594949722290039062e+01
3.511744308471679688e+01
3.596475219726562500e+01
3.565529632568359375e+01
3.502846908569335938e+01
3.615707778930664062e+01
3.541675186157226562e+01
3.621250915527343750e+01
3.454670333862304688e+01
3.544654846191406250e+01
3.545871734619140625e+01
3.520210647583007812e+01
3.521820831298828125e+01
3.526522827148437500e+01
3.558227920532226562e+01
3.599706649780273438e+01
3.635690307617187500e+01
3.520533370971679688e+01
3.535618209838867188e+01
3.463787460327148438e+01
3.545207595825195312e+01
3.614527130126953125e+01
3.520282745361328125e+01
3.446210098266601562e+01
3.570275878906250000e+01
3.614416122436523438e+01
3.614416122436523438e+01
3.532735443115234375e+01
3.521118927001953125e+01
3.557304763793945312e+01
3.527214813232421875e+01
3.510816192626953125e+01
3.536093139648437500e+01
3.630134582519531250e+01
3.500350952148437500e+01
3.522597885131835938e+01
3.579608917236328125e+01
3.612405395507812500e+01
3.595439529418945312e+01
3.620299530029296875e+01
3.587357711791992188e+01
3.630704879760742188e+01
3.575025177001953125e+01
3.621141052246093750e+01
3.537614059448242188e+01
3.484987258911132812e+01
3.532128906250000000e+01
3.574931716918945312e+01
3.568703079223632812e+01
3.522719573974609375e+01
3.590179061889648438e+01
3.605578613281250000e+01
3.590827941894531250e+01
3.626430130004882812e+01
3.520532989501953125e+01
3.504036712646484375e+01
3.619526290893554688e+01
3.606879043579101562e+01
3.641168594360351562e+01
3.519939041137695312e+01
3.637429809570312500e+01
3.672201156616210938e+01
3.547467041015625000e+01
3.579967880249023438e+01
3.361642456054687500e+01
3.589810562133789062e+01
3.577917480468750000e+01
3.548043060302734375e+01
3.517170333862304688e+01
3.561281585693359375e+01
3.571417617797851562e+01
3.526828765869140625e+01
3.556910324096679688e+01
3.628577423095703125e+01
3.442188644409179688e+01
3.588502502441406250e+01
3.533842849731445312e+01
3.603670883178710938e+01
3.555328369140625000e+01
3.475062942504882812e+01
3.581758880615234375e+01
3.553855895996093750e+01
3.572392272949218750e+01
3.582206726074218750e+01
3.570518112182617188e+01
3.540059661865234375e+01
3.475787734985351562e+01
3.596079635620117188e+01
3.514640808105468750e+01
3.552086639404296875e+01
3.535194396972656250e+01
3.523834991455078125e+01
3.549978637695312500e+01
3.550065231323242188e+01
3.592138671875000000e+01
3.589169311523437500e+01
3.557931137084960938e+01
3.558799743652343750e+01
3.573242187500000000e+01
3.520257949829101562e+01
3.555421829223632812e+01
3.620137023925781250e+01
3.488556671142578125e+01
3.484261703491210938e+01
3.493535995483398438e+01
3.575941467285156250e+01
3.590998840332031250e+01
3.670915222167968750e+01
3.537942123413085938e+01
3.674625015258789062e+01
3.465191268920898438e+01
3.575435256958007812e+01
3.575435256958007812e+01
3.439578247070312500e+01
3.548682403564453125e+01
3.532514572143554688e+01
3.523369598388671875e+01
3.588827133178710938e+01
3.475583267211914062e+01
3.554179382324218750e+01
3.463310241699218750e+01
3.509716796875000000e+01
3.560548782348632812e+01
3.571379470825195312e+01
3.600378799438476562e+01
3.592575454711914062e+01
3.580142593383789062e+01
3.528291702270507812e+01
3.508713531494140625e+01
3.489397048950195312e+01
3.499419403076171875e+01
3.548467254638671875e+01
3.497314071655273438e+01
3.442008590698242188e+01
3.574419784545898438e+01
3.591187667846679688e+01
3.527449798583984375e+01
3.587991714477539062e+01
3.556808853149414062e+01
3.542331695556640625e+01
3.565286636352539062e+01
3.485189056396484375e+01
3.603225326538085938e+01
3.579243850708007812e+01
3.539403915405273438e+01
3.509986495971679688e+01
3.512410354614257812e+01
3.613408660888671875e+01
3.599126434326171875e+01
3.610167312622070312e+01
3.551677703857421875e+01
3.646130371093750000e+01
3.496658706665039062e+01
3.487851715087890625e+01
3.507997512817382812e+01
3.629660415649414062e+01
3.524113464355468750e+01
3.624692916870117188e+01
3.488191223144531250e+01
3.517131805419921875e+01
3.588039016723632812e+01
3.587900161743164062e+01
3.516315841674804688e+01
3.489678192138671875e+01
3.588805389404296875e+01
3.502069854736328125e+01
3.621420669555664062e+01
3.505461120605468750e+01
3.561351013183593750e+01
3.484756851196289062e+01
3.590315246582031250e+01
3.547580337524414062e+01
3.570440673828125000e+01
3.599602508544921875e+01
3.418231964111328125e+01
3.581740570068359375e+01
3.619608688354492188e+01
3.574484252929687500e+01
3.565385437011718750e+01
3.535441970825195312e+01
3.582371902465820312e+01
3.571048355102539062e+01
3.606801986694335938e+01
3.486737823486328125e+01
3.555871963500976562e+01
3.533057785034179688e+01
3.541497421264648438e+01
3.562438583374023438e+01
3.600280761718750000e+01
3.604647064208984375e+01
3.575233078002929688e+01
3.567599487304687500e+01
3.561043930053710938e+01
3.466703796386718750e+01
3.576677703857421875e+01
3.591466903686523438e+01
3.509820938110351562e+01
3.584112167358398438e+01
3.549621582031250000e+01
3.589490127563476562e+01
3.642625808715820312e+01
3.516338348388671875e+01
3.601250839233398438e+01
3.453016281127929688e+01
3.565209579467773438e+01
3.516049575805664062e+01
3.501044845581054688e+01
3.633974075317382812e+01
3.557275390625000000e+01
3.541133117675781250e+01
3.581208419799804688e+01
3.574663925170898438e+01
3.609615707397460938e+01
3.665986251831054688e+01
3.546579360961914062e+01
3.558892440795898438e+01
3.564976119995117188e+01
