0.000000000000000000e+00
1.008714199066162109e+01
9.067943572998046875e+00
8.942791938781738281e+00
9.138090133666992188e+00
9.718552589416503906e+00
9.055199623107910156e+00
8.806908607482910156e+00
8.945791244506835938e+00
9.378722190856933594e+00
9.055925369262695312e+00
9.349965095520019531e+00
9.408111572265625000e+00
8.851535797119140625e+00
9.634538650512695312e+00
8.558239936828613281e+00
9.819944381713867188e+00
8.189820289611816406e+00
8.953630447387695312e+00
8.326793670654296875e+00
8.463075637817382812e+00
8.912376403808593750e+00
9.712926864624023438e+00
8.350769996643066406e+00
8.109593391418457031e+00
9.067560195922851562e+00
8.749857902526855469e+00
8.601478576660156250e+00
8.876615524291992188e+00
8.468030929565429688e+00
7.978507995605468750e+00
8.774843215942382812e+00
8.898243904113769531e+00
9.127137184143066406e+00
-1.000374816894531250e+03
-9.995655517578125000e+02
-9.998638305664062500e+02
-1.000662231445312500e+03
-1.000476318359375000e+03
-1.000680053710937500e+03
-9.995534667968750000e+02
-9.993242797851562500e+02
-9.993464355468750000e+02
-9.992252807617187500e+02
-1.000812438964843750e+03
-9.997492675781250000e+02
-1.000999023437500000e+03
-1.000291015625000000e+03
-1.000012756347656250e+03
-1.000113098144531250e+03
-1.000885559082031250e+03
-9.993031616210937500e+02
-1.000045166015625000e+03
-1.000580078125000000e+03
-9.994094238281250000e+02
-1.000012451171875000e+03
-9.993785400390625000e+02
-1.000135559082031250e+03
-1.000248291015625000e+03
-9.991397705078125000e+02
-9.998631591796875000e+02
-9.999717407226562500e+02
-9.991515502929687500e+02
-9.997111206054687500e+02
-1.000660583496093750e+03
-1.000565795898437500e+03
-1.000621459960937500e+03
-1.000222961425781250e+03
-1.000265441894531250e+03
-9.995656127929687500e+02
-1.000450561523437500e+03
-1.001071044921875000e+03
-9.995454711914062500e+02
-1.000038391113281250e+03
-9.997329711914062500e+02
-9.991442260742187500e+02
-1.000021423339843750e+03
-9.997568359375000000e+02
-9.999999389648437500e+02
-9.991054687500000000e+02
-9.987630615234375000e+02
-9.997569580078125000e+02
-1.000664001464843750e+03
-1.000507507324218750e+03
-1.001171752929687500e+03
-9.995172119140625000e+02
-1.000059326171875000e+03
-1.000211425781250000e+03
-1.000268249511718750e+03
-9.993023071289062500e+02
-1.000061279296875000e+03
-9.996326904296875000e+02
-9.997941284179687500e+02
-9.999579467773437500e+02
-1.000682006835937500e+03
-1.000908813476562500e+03
-9.999182128906250000e+02
-1.000655517578125000e+03
-9.999825439453125000e+02
-9.994979858398437500e+02
-9.997221679687500000e+02
-1.000097473144531250e+03
-9.993350830078125000e+02
-1.000093200683593750e+03
-9.998107299804687500e+02
-9.998695678710937500e+02
-9.995895996093750000e+02
-9.994934692382812500e+02
-1.000408081054687500e+03
-1.000378784179687500e+03
-1.000488586425781250e+03
-9.998543701171875000e+02
-1.000663940429687500e+03
-1.000139465332031250e+03
-9.999590454101562500e+02
-1.000382629394531250e+03
-1.000093200683593750e+03
-1.001104858398437500e+03
-9.999301147460937500e+02
-1.000274841308593750e+03
-1.000323608398437500e+03
-9.999956054687500000e+02
-9.998212890625000000e+02
-1.000933410644531250e+03
-1.000609252929687500e+03
-1.000159912109375000e+03
-1.000238098144531250e+03
-9.993913574218750000e+02
-9.999094238281250000e+02
-1.000067321777343750e+03
-1.000341857910156250e+03
-9.997988891601562500e+02
-1.000653320312500000e+03
-1.000567321777343750e+03
-1.000301513671875000e+03
-9.997930908203125000e+02
-9.999624633789062500e+02
-1.000089294433593750e+03
-1.000912353515625000e+03
-9.999530029296875000e+02
-9.993071289062500000e+02
-9.998383178710937500e+02
-9.996524047851562500e+02
-9.997069091796875000e+02
-9.992374267578125000e+02
-9.995767822265625000e+02
-1.000316650390625000e+03
-9.994486694335937500e+02
-9.996887817382812500e+02
-1.000291809082031250e+03
-1.000336059570312500e+03
-9.998728027343750000e+02
-9.991406250000000000e+02
-9.995531616210937500e+02
-1.000137145996093750e+03
-1.000503051757812500e+03
-1.000342285156250000e+03
-1.000187133789062500e+03
-9.998916015625000000e+02
-9.996464233398437500e+02
-9.995661010742187500e+02
-9.996320190429687500e+02
-9.998745727539062500e+02
-9.999600830078125000e+02
-9.996469116210937500e+02
-1.000399475097656250e+03
-9.995716552734375000e+02
-9.991076660156250000e+02
-1.000764526367187500e+03
-1.001175781250000000e+03
-9.998109741210937500e+02
-9.999101562500000000e+02
-1.000457153320312500e+03
-1.000331665039062500e+03
-1.000658630371093750e+03
-9.999821777343750000e+02
-9.988557128906250000e+02
-9.998657836914062500e+02
-1.000039245605468750e+03
-1.000698364257812500e+03
-1.000305297851562500e+03
-9.999055175781250000e+02
-9.997274780273437500e+02
-1.000749633789062500e+03
-9.998925170898437500e+02
-1.001081970214843750e+03
-9.999310302734375000e+02
-1.000203918457031250e+03
-9.999638061523437500e+02
-1.000060729980468750e+03
-9.998604125976562500e+02
-9.995595092773437500e+02
-9.998354492187500000e+02
-9.993298950195312500e+02
-9.995402832031250000e+02
-9.996329345703125000e+02
-1.000769470214843750e+03
-1.000180114746093750e+03
-1.000265686035156250e+03
-1.000120239257812500e+03
-9.995986328125000000e+02
-1.000392272949218750e+03
-9.998270874023437500e+02
-1.000479431152343750e+03
-1.000742370605468750e+03
-9.993359985351562500e+02
-1.000398986816406250e+03
-9.997506103515625000e+02
-9.997355957031250000e+02
-9.992501220703125000e+02
-1.000295471191406250e+03
-1.000086791992187500e+03
-1.000776733398437500e+03
-9.998780517578125000e+02
-9.995441284179687500e+02
-1.000425109863281250e+03
-1.000033508300781250e+03
-1.000957336425781250e+03
-1.000114318847656250e+03
-1.000479492187500000e+03
-1.000201171875000000e+03
-1.000213867187500000e+03
-1.000182617187500000e+03
-1.000406250000000000e+03
-9.993475341796875000e+02
-9.998494262695312500e+02
-1.000331054687500000e+03
-9.998434448242187500e+02
-9.998791503906250000e+02
-9.996414184570312500e+02
-9.997338867187500000e+02
-1.000651611328125000e+03
-1.000174804687500000e+03
-1.000371337890625000e+03
-9.998557739257812500e+02
-1.000327880859375000e+03
-1.000153869628906250e+03
-9.996622314453125000e+02
-9.999544677734375000e+02
-1.000077758789062500e+03
-9.996246337890625000e+02
-1.000829467773437500e+03
-9.999352416992187500e+02
-1.000563415527343750e+03
-9.990942382812500000e+02
-1.001038574218750000e+03
-1.000458923339843750e+03
-9.999247436523437500e+02
-1.000145141601562500e+03
-1.000055725097656250e+03
-9.987158813476562500e+02
-9.999116210937500000e+02
-9.990798339843750000e+02
-9.999354858398437500e+02
-1.000359863281250000e+03
-1.000285217285156250e+03
-9.993968505859375000e+02
-1.000209289550781250e+03
-9.990332641601562500e+02
-1.000163574218750000e+03
-9.995773925781250000e+02
-1.000289916992187500e+03
-1.000223327636718750e+03
-9.998806152343750000e+02
-9.995595703125000000e+02
-1.000868041992187500e+03
-1.000541503906250000e+03
-9.999661865234375000e+02
-1.000633117675781250e+03
-9.999690551757812500e+02
-1.000183044433593750e+03
-9.991701049804687500e+02
-9.998131103515625000e+02
-9.997620239257812500e+02
-9.995901489257812500e+02
-1.000398010253906250e+03
-1.000233703613281250e+03
-1.000418701171875000e+03
-1.000478759765625000e+03
-9.990750122070312500e+02
-9.999328002929687500e+02
-9.997930908203125000e+02
-9.994063720703125000e+02
-9.996786499023437500e+02
-1.000296325683593750e+03
-9.998884887695312500e+02
-9.990783691406250000e+02
-9.993437500000000000e+02
-9.997952880859375000e+02
-1.000023376464843750e+03
-9.998129272460937500e+02
-1.000229370117187500e+03
-9.997057495117187500e+02
-9.993825073242187500e+02
-1.000887695312500000e+03
-1.000912536621093750e+03
-9.998418579101562500e+02
-1.000498352050781250e+03
-1.000666320800781250e+03
-1.000628356933593750e+03
-9.998724365234375000e+02
-1.000361389160156250e+03
-1.000244873046875000e+03
-9.994981689453125000e+02
-9.991239624023437500e+02
-9.999166870117187500e+02
-9.986707153320312500e+02
-9.998342285156250000e+02
-1.000673583984375000e+03
-1.000023681640625000e+03
-9.998084716796875000e+02
-9.998986816406250000e+02
-9.998364868164062500e+02
-9.994066162109375000e+02
-9.995906982421875000e+02
-1.000860839843750000e+03
-1.000402099609375000e+03
-1.000403869628906250e+03
-9.999061889648437500e+02
-9.993250732421875000e+02
-1.000090393066406250e+03
-9.999452514648437500e+02
-1.000390014648437500e+03
-1.000576721191406250e+03
-9.999044189453125000e+02
-9.993760375976562500e+02
-9.994465332031250000e+02
-1.000911743164062500e+03
-9.992100830078125000e+02
-1.000630065917968750e+03
-1.000191284179687500e+03
-9.999448852539062500e+02
-9.995539550781250000e+02
-9.998413696289062500e+02
-9.996610107421875000e+02
-9.999707641601562500e+02
-9.996787719726562500e+02
-1.000180847167968750e+03
-9.997420654296875000e+02
-9.998273925781250000e+02
-1.000638610839843750e+03
-9.995315551757812500e+02
-9.992529907226562500e+02
-9.999047241210937500e+02
-9.993955078125000000e+02
-9.997891235351562500e+02
-9.997249145507812500e+02
-1.000166748046875000e+03
-1.000733398437500000e+03
-1.000670654296875000e+03
-1.001068786621093750e+03
-9.997025756835937500e+02
-9.996887207031250000e+02
-1.000216186523437500e+03
-9.997102661132812500e+02
-9.994603271484375000e+02
-1.000150390625000000e+03
-1.000290832519531250e+03
-9.998266601562500000e+02
-9.999366455078125000e+02
-9.996041259765625000e+02
-9.997724609375000000e+02
-9.992150878906250000e+02
-9.998541870117187500e+02
-9.987400512695312500e+02
-9.991683959960937500e+02
-1.000901123046875000e+03
-1.000091247558593750e+03
-9.996170043945312500e+02
-1.000001098632812500e+03
-1.000276306152343750e+03
-9.994475708007812500e+02
-9.994234008789062500e+02
-9.995866088867187500e+02
-1.000534057617187500e+03
-1.000578430175781250e+03
-9.996729736328125000e+02
-9.992549438476562500e+02
-9.996894531250000000e+02
-1.000143981933593750e+03
-9.995108642578125000e+02
-1.000416748046875000e+03
-1.000163024902343750e+03
-1.000930297851562500e+03
-1.000959777832031250e+03
-9.999386596679687500e+02
-1.000131774902343750e+03
-9.994450073242187500e+02
-1.000166503906250000e+03
-1.000057006835937500e+03
-1.000062683105468750e+03
-1.000146057128906250e+03
-9.996502075195312500e+02
-1.000547119140625000e+03
-1.000443603515625000e+03
-9.997211914062500000e+02
-1.000632324218750000e+03
-1.000461242675781250e+03
-1.000640563964843750e+03
-1.000185058593750000e+03
-1.000502990722656250e+03
-9.997025146484375000e+02
-9.995084228515625000e+02
-9.998108520507812500e+02
-9.998966674804687500e+02
-9.995343627929687500e+02
-9.992406005859375000e+02
-1.000184204101562500e+03
-9.996420288085937500e+02
-1.000561340332031250e+03
-1.000416076660156250e+03
-9.992528076171875000e+02
-9.995211791992187500e+02
-9.998627319335937500e+02
-9.997114257812500000e+02
-9.991662597656250000e+02
-9.992713012695312500e+02
-1.000776245117187500e+03
-1.000435668945312500e+03
-9.997666015625000000e+02
-9.994314575195312500e+02
-1.000069641113281250e+03
-1.000059326171875000e+03
-1.000951965332031250e+03
-9.994637451171875000e+02
-9.990891113281250000e+02
-1.000039855957031250e+03
-9.998942871093750000e+02
-9.998020019531250000e+02
-9.997801513671875000e+02
-1.000993347167968750e+03
-1.000614379882812500e+03
-9.996859741210937500e+02
-1.000276367187500000e+03
-9.993108520507812500e+02
-9.996759033203125000e+02
-9.994309082031250000e+02
-1.000589965820312500e+03
-9.990729370117187500e+02
-1.000716613769531250e+03
-1.000050476074218750e+03
-1.000490844726562500e+03
-9.995891113281250000e+02
-9.997604370117187500e+02
-1.001234741210937500e+03
-1.000957763671875000e+03
-1.001557739257812500e+03
-9.998195800781250000e+02
-1.000519348144531250e+03
-1.000708190917968750e+03
-1.000238708496093750e+03
-1.000435058593750000e+03
-9.996734008789062500e+02
-9.992500000000000000e+02
-1.000171569824218750e+03
-1.000396179199218750e+03
-1.000698303222656250e+03
-9.999329833984375000e+02
-1.000015441894531250e+03
-1.000866760253906250e+03
-1.000277038574218750e+03
-1.000493835449218750e+03
-9.992130737304687500e+02
-1.000239013671875000e+03
-9.987729492187500000e+02
-1.000091674804687500e+03
-1.000182495117187500e+03
-9.994365844726562500e+02
-1.000795471191406250e+03
-9.998579711914062500e+02
-9.993330688476562500e+02
-9.996939086914062500e+02
-1.000264465332031250e+03
-1.000604736328125000e+03
-9.998378906250000000e+02
-9.997670288085937500e+02
-9.997456054687500000e+02
-9.999649047851562500e+02
-9.999337768554687500e+02
-9.999227294921875000e+02
-1.000046020507812500e+03
-9.996215209960937500e+02
-1.000002807617187500e+03
-1.000359863281250000e+03
-9.992064208984375000e+02
-9.998393554687500000e+02
-9.998815917968750000e+02
-1.000782531738281250e+03
-1.000019104003906250e+03
-1.000342712402343750e+03
-1.000030212402343750e+03
-9.994556884765625000e+02
-1.001036987304687500e+03
-1.000586791992187500e+03
-1.000718261718750000e+03
-1.000808837890625000e+03
-1.000237792968750000e+03
-9.998801879882812500e+02
-1.000642333984375000e+03
-9.995440063476562500e+02
-9.997954101562500000e+02
-9.996326293945312500e+02
-1.000597595214843750e+03
-1.000060791015625000e+03
-9.999505004882812500e+02
-9.996133422851562500e+02
-1.000122680664062500e+03
-9.998869018554687500e+02
-1.000368530273437500e+03
-9.992578735351562500e+02
-1.000457458496093750e+03
-9.996541748046875000e+02
-1.000331604003906250e+03
-1.000803344726562500e+03
-1.000702575683593750e+03
-1.000674133300781250e+03
-1.000891967773437500e+03
-1.000416625976562500e+03
-9.999311523437500000e+02
-9.995407104492187500e+02
-1.000735412597656250e+03
-1.000538940429687500e+03
-1.000323852539062500e+03
-9.990608520507812500e+02
-1.000019653320312500e+03
-9.996195678710937500e+02
-9.996928710937500000e+02
-1.000679016113281250e+03
-9.998909301757812500e+02
-9.994120483398437500e+02
-9.991571044921875000e+02
-9.999266967773437500e+02
-1.000245483398437500e+03
-9.998805541992187500e+02
-9.995253295898437500e+02
-9.999824218750000000e+02
-9.996507568359375000e+02
-9.999617309570312500e+02
-9.998166503906250000e+02
-9.999452514648437500e+02
-1.000263183593750000e+03
-9.997795410156250000e+02
-9.997877197265625000e+02
-1.000078796386718750e+03
-1.000041503906250000e+03
-1.000559692382812500e+03
-9.989567260742187500e+02
-1.000286437988281250e+03
-9.997686157226562500e+02
-9.997950439453125000e+02
-1.000182983398437500e+03
-1.000178894042968750e+03
-1.000246337890625000e+03
-9.994288330078125000e+02
-9.995696411132812500e+02
-9.995509643554687500e+02
-9.996243286132812500e+02
-9.999590454101562500e+02
-9.999193725585937500e+02
-9.988795776367187500e+02
-9.997620849609375000e+02
-1.000580444335937500e+03
-9.995098266601562500e+02
-1.000019409179687500e+03
-9.995703125000000000e+02
-1.000776428222656250e+03
-1.000093566894531250e+03
-1.001155517578125000e+03
-9.991551513671875000e+02
-1.000186645507812500e+03
-9.997161254882812500e+02
-1.001350219726562500e+03
-9.998613281250000000e+02
-1.000484802246093750e+03
-9.999169921875000000e+02
-1.001414794921875000e+03
-1.000440429687500000e+03
-9.999165649414062500e+02
-1.000165893554687500e+03
-1.000223937988281250e+03
-9.991348266601562500e+02
-9.994494628906250000e+02
-1.000279907226562500e+03
-1.000389648437500000e+03
-9.998496704101562500e+02
-9.997454223632812500e+02
-9.992176513671875000e+02
-1.000425842285156250e+03
-9.993689575195312500e+02
-1.000960205078125000e+03
-9.995720825195312500e+02
-1.000348632812500000e+03
-1.000895202636718750e+03
-1.000392883300781250e+03
-9.999334106445312500e+02
-9.992469482421875000e+02
-9.997546997070312500e+02
-1.000189514160156250e+03
-9.996411743164062500e+02
-9.999989013671875000e+02
-1.000514953613281250e+03
-1.000258483886718750e+03
-9.998030395507812500e+02
-1.000599365234375000e+03
-1.001066528320312500e+03
-1.000185485839843750e+03
-1.000671936035156250e+03
-1.000908935546875000e+03
-1.000596130371093750e+03
-1.000044433593750000e+03
-1.000216735839843750e+03
-9.993606567382812500e+02
-9.996020507812500000e+02
-9.994324951171875000e+02
-1.000445739746093750e+03
-1.000233886718750000e+03
-9.992768554687500000e+02
-1.000309814453125000e+03
-9.997421264648437500e+02
-1.000571289062500000e+03
-1.000167297363281250e+03
-9.992551269531250000e+02
-9.998624877929687500e+02
-9.994559936523437500e+02
-1.000036682128906250e+03
-1.000821716308593750e+03
-9.998410644531250000e+02
-1.000071655273437500e+03
-9.999618530273437500e+02
-1.000372375488281250e+03
-1.000095214843750000e+03
-1.000089599609375000e+03
-9.999484863281250000e+02
-1.000473754882812500e+03
-9.997274169921875000e+02
-1.000872863769531250e+03
-1.001485107421875000e+03
-9.998801269531250000e+02
-9.996124877929687500e+02
-9.997467041015625000e+02
-1.000540771484375000e+03
-1.000846069335937500e+03
-9.996934204101562500e+02
-9.994846801757812500e+02
-1.000057373046875000e+03
-9.997589111328125000e+02
-9.987860107421875000e+02
-1.000434265136718750e+03
-9.998176269531250000e+02
-9.998078613281250000e+02
-1.000077392578125000e+03
-9.991428833007812500e+02
-1.000478393554687500e+03
-9.999678955078125000e+02
-9.991958007812500000e+02
-1.000872009277343750e+03
-9.997847290039062500e+02
-1.000430969238281250e+03
-1.000600341796875000e+03
-1.000390747070312500e+03
-9.993045654296875000e+02
-1.000312316894531250e+03
-9.997640380859375000e+02
-9.993730468750000000e+02
-1.000059997558593750e+03
-1.000277648925781250e+03
-9.992150268554687500e+02
-9.998366699218750000e+02
-9.991909790039062500e+02
-9.999788208007812500e+02
-9.999649658203125000e+02
-1.000465209960937500e+03
-9.996177978515625000e+02
-9.993477783203125000e+02
-1.000709350585937500e+03
-9.987707519531250000e+02
-9.992677612304687500e+02
-1.000342163085937500e+03
-9.995458984375000000e+02
-9.997482299804687500e+02
-9.998265991210937500e+02
-9.995589599609375000e+02
-9.994009399414062500e+02
-9.999139404296875000e+02
-9.995227661132812500e+02
-9.991654663085937500e+02
-1.000378234863281250e+03
-1.000046936035156250e+03
-9.997808227539062500e+02
-9.991616210937500000e+02
-1.000685974121093750e+03
-9.993215942382812500e+02
-1.000385864257812500e+03
-9.998079223632812500e+02
-1.000193237304687500e+03
-1.000158142089843750e+03
-1.000149963378906250e+03
-1.000146179199218750e+03
-9.989082641601562500e+02
-1.000727539062500000e+03
-1.000244079589843750e+03
-9.997817993164062500e+02
-9.996810302734375000e+02
-1.000031433105468750e+03
-9.998219604492187500e+02
-9.996396484375000000e+02
-1.000134521484375000e+03
-1.000547363281250000e+03
-1.000755554199218750e+03
-1.000566223144531250e+03
-1.000711608886718750e+03
-9.994471435546875000e+02
-1.000159973144531250e+03
-9.998684692382812500e+02
-9.995986938476562500e+02
-1.000140808105468750e+03
-9.998970947265625000e+02
-1.000658630371093750e+03
-1.000288696289062500e+03
-9.993311157226562500e+02
-9.996992187500000000e+02
-9.996672973632812500e+02
-9.997819824218750000e+02
-1.000006408691406250e+03
-1.000324584960937500e+03
-9.997592773437500000e+02
-9.993395385742187500e+02
-9.995250244140625000e+02
-9.992920532226562500e+02
-1.000458862304687500e+03
-9.990635375976562500e+02
-1.000137207031250000e+03
-1.001184387207031250e+03
-9.993638305664062500e+02
-9.999555053710937500e+02
-1.000543579101562500e+03
-9.997416992187500000e+02
-9.998818359375000000e+02
-1.000259948730468750e+03
-9.998673706054687500e+02
-9.996676025390625000e+02
-9.999879760742187500e+02
-1.000206481933593750e+03
-9.995062255859375000e+02
-9.990125732421875000e+02
-9.995311279296875000e+02
-1.000588317871093750e+03
-1.000604248046875000e+03
-9.997096557617187500e+02
-1.000926818847656250e+03
-1.000794494628906250e+03
-9.995101928710937500e+02
-1.000387817382812500e+03
-9.997924194335937500e+02
-9.996199340820312500e+02
-9.998521728515625000e+02
-9.993904418945312500e+02
-9.992369995117187500e+02
-9.996996459960937500e+02
-1.000315429687500000e+03
-9.999063720703125000e+02
-1.000343566894531250e+03
-9.996870727539062500e+02
-1.000702575683593750e+03
-9.999396362304687500e+02
-9.999071044921875000e+02
-9.994026489257812500e+02
-1.000090393066406250e+03
-1.000575439453125000e+03
-9.997384643554687500e+02
-9.997366333007812500e+02
-9.994109497070312500e+02
-1.001169677734375000e+03
-1.000246948242187500e+03
-9.997549438476562500e+02
-1.001231018066406250e+03
-1.000056457519531250e+03
-1.000484924316406250e+03
-1.000163940429687500e+03
-9.990709228515625000e+02
-9.994581298828125000e+02
-1.000413635253906250e+03
-1.000878662109375000e+03
-1.000329467773437500e+03
-1.000171203613281250e+03
-9.997955932617187500e+02
-9.994439086914062500e+02
-1.000846008300781250e+03
-9.996605834960937500e+02
-1.000599670410156250e+03
-1.000097961425781250e+03
-1.000281677246093750e+03
-9.997525634765625000e+02
-1.000345886230468750e+03
-9.999047851562500000e+02
-1.000351196289062500e+03
-1.000233947753906250e+03
-9.996404418945312500e+02
-9.996419067382812500e+02
-1.000445983886718750e+03
-9.996203002929687500e+02
-1.001305175781250000e+03
-1.000158569335937500e+03
-1.000433593750000000e+03
-1.000111328125000000e+03
-9.998098144531250000e+02
-9.994030151367187500e+02
-1.000231872558593750e+03
-1.000687683105468750e+03
-9.999044189453125000e+02
-9.990773925781250000e+02
-9.998020629882812500e+02
-1.000375671386718750e+03
-1.000095642089843750e+03
-1.000144531250000000e+03
-1.000565490722656250e+03
-9.995674438476562500e+02
-1.000039245605468750e+03
-1.000800781250000000e+03
-1.000056518554687500e+03
-1.000763549804687500e+03
-9.994328613281250000e+02
-1.000117858886718750e+03
-9.992188720703125000e+02
-1.000257141113281250e+03
-1.000534484863281250e+03
-9.994555664062500000e+02
-9.999506225585937500e+02
-9.995665283203125000e+02
-1.000194946289062500e+03
-1.000237670898437500e+03
-9.999362182617187500e+02
-9.999907836914062500e+02
-9.993018188476562500e+02
-9.998222045898437500e+02
-1.000284973144531250e+03
-1.000557861328125000e+03
-1.000715393066406250e+03
-1.000574157714843750e+03
-1.000257873535156250e+03
-1.000148742675781250e+03
-9.992603759765625000e+02
-1.000405700683593750e+03
-9.992291259765625000e+02
-9.993923339843750000e+02
-1.000100402832031250e+03
-9.999055175781250000e+02
-1.000269897460937500e+03
-9.996014404296875000e+02
-9.998137817382812500e+02
-9.994503173828125000e+02
-9.994484252929687500e+02
-1.000666625976562500e+03
-9.994220581054687500e+02
-9.999421997070312500e+02
-1.000371520996093750e+03
-1.000359375000000000e+03
-9.994215698242187500e+02
-1.000190002441406250e+03
-1.000180664062500000e+03
-9.998302612304687500e+02
-9.995263671875000000e+02
-9.996323852539062500e+02
-1.000857482910156250e+03
-9.994700317382812500e+02
-9.993207397460937500e+02
-1.000173706054687500e+03
-1.000013793945312500e+03
-9.995993041992187500e+02
-1.000760620117187500e+03
-9.996313476562500000e+02
-1.000163085937500000e+03
-9.990993652343750000e+02
-9.994170532226562500e+02
-1.000089904785156250e+03
-9.999910278320312500e+02
-9.993270263671875000e+02
-9.997044067382812500e+02
-1.000391357421875000e+03
-9.995828247070312500e+02
-1.000740539550781250e+03
-1.000080749511718750e+03
-1.000776306152343750e+03
-1.000121459960937500e+03
-1.000258178710937500e+03
-9.994713134765625000e+02
-1.000152709960937500e+03
-1.000578918457031250e+03
-9.999002685546875000e+02
-1.000136657714843750e+03
-1.000604370117187500e+03
-9.998256225585937500e+02
-9.993607788085937500e+02
-1.000700439453125000e+03
-1.000164489746093750e+03
-1.000344909667968750e+03
-1.000674316406250000e+03
-1.000153076171875000e+03
-1.000555236816406250e+03
-9.995928955078125000e+02
-9.997986450195312500e+02
-1.000391906738281250e+03
-1.000799865722656250e+03
-9.991585693359375000e+02
-1.000608276367187500e+03
-1.000275329589843750e+03
-1.000732116699218750e+03
-9.996079101562500000e+02
-1.000254394531250000e+03
-9.999459838867187500e+02
-1.000119140625000000e+03
-1.001234375000000000e+03
-1.000178283691406250e+03
-9.996561889648437500e+02
-1.000544128417968750e+03
-1.000816467285156250e+03
-1.000119995117187500e+03
-1.000217468261718750e+03
-9.998001708984375000e+02
-1.000096069335937500e+03
-9.995634155273437500e+02
-1.000023681640625000e+03
-1.000501586914062500e+03
-9.990961303710937500e+02
-1.000058105468750000e+03
-9.997627563476562500e+02
-9.988685302734375000e+02
-1.000489196777343750e+03
-1.000244689941406250e+03
-1.000241271972656250e+03
-1.000290954589843750e+03
-9.998915405273437500e+02
-9.997355957031250000e+02
-9.999064331054687500e+02
-1.001271484375000000e+03
-1.000242187500000000e+03
-9.999616699218750000e+02
-1.001263916015625000e+03
-9.992066650390625000e+02
-1.000082702636718750e+03
-1.000156494140625000e+03
-1.000216613769531250e+03
-1.000649047851562500e+03
-9.998550415039062500e+02
-9.997935791015625000e+02
-9.996821899414062500e+02
-1.001000732421875000e+03
-9.995996704101562500e+02
-9.994668579101562500e+02
-1.000040588378906250e+03
-1.000369689941406250e+03
-1.000872741699218750e+03
-1.000649963378906250e+03
-9.997672729492187500e+02
-9.996542968750000000e+02
-9.991787109375000000e+02
-1.000120666503906250e+03
-9.997742309570312500e+02
-9.994973754882812500e+02
-9.986664428710937500e+02
-1.000786315917968750e+03
-9.998401489257812500e+02
-1.000676757812500000e+03
-9.998584594726562500e+02
-1.000009338378906250e+03
-1.001313293457031250e+03
-9.993564453125000000e+02
-9.999669799804687500e+02
-9.997202758789062500e+02
-1.000939758300781250e+03
-9.994010620117187500e+02
-1.000614196777343750e+03
-9.999080200195312500e+02
-1.000784057617187500e+03
-9.996892089843750000e+02
-1.000463317871093750e+03
-9.996466674804687500e+02
-1.000548767089843750e+03
-1.000479858398437500e+03
-1.000004272460937500e+03
-1.000425354003906250e+03
-9.994579467773437500e+02
-1.000030517578125000e+03
-9.994730224609375000e+02
-9.995024414062500000e+02
-1.000518737792968750e+03
-1.000127197265625000e+03
-1.000174987792968750e+03
-1.000400268554687500e+03
-1.000315307617187500e+03
-9.999901733398437500e+02
-1.000567199707031250e+03
-1.001518676757812500e+03
-1.000358459472656250e+03
-1.000632812500000000e+03
-9.998446044921875000e+02
-1.000111450195312500e+03
-9.995637207031250000e+02
-9.996577758789062500e+02
-9.999971923828125000e+02
-1.000016662597656250e+03
-9.994503784179687500e+02
-9.996141967773437500e+02
-1.000143859863281250e+03
-1.000657104492187500e+03
-1.000302917480468750e+03
-1.000524719238281250e+03
-9.989775390625000000e+02
-1.000004882812500000e+03
-1.000972290039062500e+03
-1.000964233398437500e+03
-9.995040893554687500e+02
-1.000197387695312500e+03
-1.000859497070312500e+03
-1.000666687011718750e+03
-1.000650329589843750e+03
-1.000017517089843750e+03
-1.000425537109375000e+03
-1.000222717285156250e+03
-9.997554321289062500e+02
-1.000080322265625000e+03
-1.000596313476562500e+03
-1.000295593261718750e+03
-9.999100952148437500e+02
-9.993962402343750000e+02
-9.999020385742187500e+02
-1.000316711425781250e+03
-9.998770141601562500e+02
-9.991487426757812500e+02
-9.998775024414062500e+02
-1.000168090820312500e+03
-1.000545959472656250e+03
-9.997814331054687500e+02
-1.000541015625000000e+03
-9.997076416015625000e+02
-9.992114257812500000e+02
-9.993898315429687500e+02
-1.000487426757812500e+03
-9.998756103515625000e+02
-1.000414550781250000e+03
-9.995266113281250000e+02
-1.000028137207031250e+03
-1.000027221679687500e+03
-1.000025573730468750e+03
-9.991870727539062500e+02
-1.000006652832031250e+03
-9.999487915039062500e+02
-1.000356750488281250e+03
-9.993922119140625000e+02
-9.994939575195312500e+02
-1.000453796386718750e+03
-9.995707397460937500e+02
-1.000565551757812500e+03
-1.000257568359375000e+03
-1.000631164550781250e+03
-1.001059814453125000e+03
-9.997363281250000000e+02
-9.996088867187500000e+02
-1.000004028320312500e+03
-9.998314819335937500e+02
-9.998465576171875000e+02
-1.000387695312500000e+03
-1.000475463867187500e+03
-1.000288085937500000e+03
-9.998816528320312500e+02
-1.000545104980468750e+03
-9.998989868164062500e+02
-1.000668701171875000e+03
-9.994587402343750000e+02
-1.000056335449218750e+03
-1.000416381835937500e+03
-9.998067626953125000e+02
-1.000065002441406250e+03
-1.000116638183593750e+03
-1.000421569824218750e+03
-9.994606323242187500e+02
-1.000149414062500000e+03
-1.000278869628906250e+03
-9.997332763671875000e+02
-1.000722106933593750e+03
-1.000531860351562500e+03
-9.993555908203125000e+02
-9.988837280273437500e+02
-9.997578125000000000e+02
-9.999192504882812500e+02
-9.993552246093750000e+02
-9.994207763671875000e+02
-9.996765747070312500e+02
-9.998563232421875000e+02
-9.991528320312500000e+02
-9.995556030273437500e+02
-9.997878417968750000e+02
-9.996348266601562500e+02
-1.001084716796875000e+03
-9.998974609375000000e+02
-9.992207641601562500e+02
-9.996063232421875000e+02
-1.000656372070312500e+03
-1.000155090332031250e+03
-9.999953613281250000e+02
-1.000474060058593750e+03
-9.997633056640625000e+02
-1.000033508300781250e+03
-1.000275207519531250e+03
-1.000364196777343750e+03
-1.000026611328125000e+03
-1.000093139648437500e+03
-9.995794677734375000e+02
-9.995086669921875000e+02
-9.993636474609375000e+02
-9.998848876953125000e+02
-9.990717163085937500e+02
-1.000237731933593750e+03
-9.996802368164062500e+02
-1.000277526855468750e+03
-1.000965759277343750e+03
-9.995269165039062500e+02
-9.994392089843750000e+02
-1.000066589355468750e+03
-9.996069946289062500e+02
-1.000140869140625000e+03
-1.000262695312500000e+03
-1.000011535644531250e+03
-9.996997680664062500e+02
-1.000904479980468750e+03
-1.000364074707031250e+03
-1.001160522460937500e+03
-9.998350830078125000e+02
-1.000015197753906250e+03
-1.000931030273437500e+03
-1.000732055664062500e+03
-1.000439514160156250e+03
-1.000013366699218750e+03
-1.000371215820312500e+03
-1.000420837402343750e+03
-1.000105590820312500e+03
-9.994237060546875000e+02
-9.995798950195312500e+02
-1.000277404785156250e+03
-1.000325927734375000e+03
-1.000664978027343750e+03
-1.000645263671875000e+03
-9.997781982421875000e+02
-1.000754516601562500e+03
-9.999225463867187500e+02
-1.000389099121093750e+03
-1.000256469726562500e+03
-1.000081481933593750e+03
-1.000888854980468750e+03
-1.000160400390625000e+03
-1.001113525390625000e+03
-9.995378417968750000e+02
-1.000048767089843750e+03
-9.995628662109375000e+02
-9.997477416992187500e+02
-1.000621276855468750e+03
-9.995120849609375000e+02
-9.994323730468750000e+02
-9.991394042968750000e+02
-1.000407531738281250e+03
-1.001266723632812500e+03
-1.000552795410156250e+03
-9.981997070312500000e+02
-9.995761108398437500e+02
-1.001248718261718750e+03
-9.997572631835937500e+02
-1.000497985839843750e+03
-1.000222473144531250e+03
-1.000187561035156250e+03
-9.997103271484375000e+02
-1.000100463867187500e+03
-9.999865112304687500e+02
-9.993592529296875000e+02
-9.999324951171875000e+02
-9.998052368164062500e+02
-1.000427124023437500e+03
-9.997124633789062500e+02
-1.000050781250000000e+03
-9.996369018554687500e+02
-9.994527587890625000e+02
-9.991968383789062500e+02
-9.996051635742187500e+02
-1.001091979980468750e+03
-9.992018432617187500e+02
-1.000274719238281250e+03
-1.000811218261718750e+03
-9.998917236328125000e+02
-1.000005371093750000e+03
-9.998140869140625000e+02
-9.998823852539062500e+02
-1.000120605468750000e+03
-9.989833984375000000e+02
-1.000027648925781250e+03
-9.993174438476562500e+02
-1.000109436035156250e+03
-9.997484741210937500e+02
-1.000605041503906250e+03
-1.000644714355468750e+03
-1.000692382812500000e+03
-1.000431884765625000e+03
-1.000065307617187500e+03
-1.000205444335937500e+03
-9.996412963867187500e+02
-1.000234924316406250e+03
-9.994509277343750000e+02
-9.999360351562500000e+02
-1.000167419433593750e+03
-1.000592529296875000e+03
-9.988901367187500000e+02
-1.000148681640625000e+03
-9.994992065429687500e+02
-9.993453979492187500e+02
-1.000907348632812500e+03
-9.995202026367187500e+02
-1.000239929199218750e+03
-1.000564880371093750e+03
-9.994527587890625000e+02
-1.000494506835937500e+03
-1.000566040039062500e+03
-1.000404785156250000e+03
-1.000033325195312500e+03
-9.994442138671875000e+02
-9.999193115234375000e+02
-1.000016906738281250e+03
-1.000495788574218750e+03
-9.993477172851562500e+02
-9.993627929687500000e+02
-9.998582153320312500e+02
-1.000117187500000000e+03
-9.989907836914062500e+02
-1.000289123535156250e+03
-1.000177246093750000e+03
-9.993927612304687500e+02
-9.998483276367187500e+02
-9.994850463867187500e+02
-1.000296813964843750e+03
-9.996055908203125000e+02
-1.000171752929687500e+03
-1.000096557617187500e+03
-9.992864379882812500e+02
-1.000071166992187500e+03
-1.000033447265625000e+03
-1.000618103027343750e+03
-9.995403442382812500e+02
-1.000895324707031250e+03
-1.000608947753906250e+03
-1.000214538574218750e+03
-1.000466186523437500e+03
-9.995499877929687500e+02
-1.000368591308593750e+03
-1.000112670898437500e+03
-1.000278747558593750e+03
-1.000188415527343750e+03
-1.000236145019531250e+03
-9.991228637695312500e+02
-1.000538513183593750e+03
-9.993717041015625000e+02
-9.995564575195312500e+02
-1.000577514648437500e+03
-9.996676025390625000e+02
-9.990045776367187500e+02
-9.985073852539062500e+02
-1.000181762695312500e+03
-1.000071533203125000e+03
-1.000151855468750000e+03
-9.995504760742187500e+02
-1.000811889648437500e+03
-9.996373291015625000e+02
-1.000388610839843750e+03
-1.000486999511718750e+03
-1.000090087890625000e+03
-1.000066955566406250e+03
-9.999362182617187500e+02
-9.999949951171875000e+02
-1.000265991210937500e+03
-1.000275390625000000e+03
-1.000275451660156250e+03
-9.997837524414062500e+02
-9.995408325195312500e+02
-9.996184692382812500e+02
-9.992849121093750000e+02
-9.998178710937500000e+02
-1.000642700195312500e+03
-1.000166381835937500e+03
-1.000489990234375000e+03
-1.000614440917968750e+03
-9.993992919921875000e+02
-1.000157714843750000e+03
-1.000715026855468750e+03
-9.994976196289062500e+02
-1.000384399414062500e+03
-1.000478149414062500e+03
-9.997401123046875000e+02
-9.988825073242187500e+02
-9.997217407226562500e+02
-9.988106079101562500e+02
-1.000351623535156250e+03
-9.997899780273437500e+02
-9.992752075195312500e+02
-9.994296264648437500e+02
-9.997630004882812500e+02
-9.995386962890625000e+02
-9.997250976562500000e+02
-9.997250976562500000e+02
-1.000261047363281250e+03
-1.000102844238281250e+03
-1.000690307617187500e+03
-9.995687255859375000e+02
-9.997514648437500000e+02
-9.992435913085937500e+02
-9.995303344726562500e+02
-9.997950439453125000e+02
-1.000575988769531250e+03
-1.000410034179687500e+03
-1.000676696777343750e+03
-1.000068481445312500e+03
-1.000645629882812500e+03
-1.001249267578125000e+03
-9.990556030273437500e+02
-9.996281127929687500e+02
-1.000241882324218750e+03
-1.000913024902343750e+03
-9.998071899414062500e+02
-1.000119262695312500e+03
-1.000409423828125000e+03
-9.997023315429687500e+02
-9.998734130859375000e+02
-1.000141845703125000e+03
-1.000169921875000000e+03
-9.994533691406250000e+02
-9.996798706054687500e+02
-9.995490112304687500e+02
-1.000477111816406250e+03
-1.000161010742187500e+03
-9.993840942382812500e+02
-9.993796997070312500e+02
-1.000597290039062500e+03
-1.000234680175781250e+03
-9.999529418945312500e+02
-1.000125427246093750e+03
-9.996638793945312500e+02
-9.992408447265625000e+02
-1.000578430175781250e+03
-1.000564514160156250e+03
-9.999202880859375000e+02
-1.000072937011718750e+03
-1.000103088378906250e+03
-1.000308105468750000e+03
-1.000055725097656250e+03
-1.000302490234375000e+03
-1.000574462890625000e+03
-9.999028320312500000e+02
-1.000374816894531250e+03
-9.988314208984375000e+02
-9.994472656250000000e+02
-9.994936523437500000e+02
-1.000357055664062500e+03
-1.000377929687500000e+03
-1.000480651855468750e+03
-9.995504760742187500e+02
-1.000234191894531250e+03
-9.998769531250000000e+02
-9.995987548828125000e+02
-9.992284545898437500e+02
-9.998006591796875000e+02
-1.000147705078125000e+03
-1.000158691406250000e+03
-9.998164062500000000e+02
-9.998046875000000000e+02
-1.000237426757812500e+03
-9.994700927734375000e+02
-9.993143310546875000e+02
-9.994496459960937500e+02
-9.993347167968750000e+02
-1.001672668457031250e+03
-9.995752563476562500e+02
-1.000787902832031250e+03
-1.000231384277343750e+03
-1.000191406250000000e+03
-9.997624511718750000e+02
-1.000163330078125000e+03
-9.998046875000000000e+02
-9.993745727539062500e+02
-1.001422424316406250e+03
-1.000772888183593750e+03
-1.000009765625000000e+03
-9.995928344726562500e+02
-9.999648437500000000e+02
-9.996894531250000000e+02
-9.996894531250000000e+02
-1.000069885253906250e+03
-1.000104675292968750e+03
-9.996396484375000000e+02
-9.999008178710937500e+02
-9.996500854492187500e+02
-9.992644653320312500e+02
-1.000512329101562500e+03
-9.998437500000000000e+02
-1.000008911132812500e+03
-1.001471618652343750e+03
-1.000209106445312500e+03
-9.990860595703125000e+02
-9.994587402343750000e+02
-1.000080017089843750e+03
-9.992871704101562500e+02
-9.993209838867187500e+02
-1.000165466308593750e+03
-9.996266479492187500e+02
-1.000801330566406250e+03
-9.999032592773437500e+02
-1.000771789550781250e+03
-9.996094360351562500e+02
-9.993613891601562500e+02
-1.000801818847656250e+03
-1.001256103515625000e+03
-1.000529785156250000e+03
-1.000172973632812500e+03
-1.000258789062500000e+03
-1.000860595703125000e+03
-9.990863647460937500e+02
-9.995845336914062500e+02
-1.000037597656250000e+03
-1.000439453125000000e+03
-9.998584594726562500e+02
-1.000237304687500000e+03
-9.990534057617187500e+02
-9.998071899414062500e+02
-1.000180541992187500e+03
-1.000752807617187500e+03
-9.994541625976562500e+02
-1.000189392089843750e+03
-1.000604492187500000e+03
-1.000048156738281250e+03
-1.000355346679687500e+03
-9.994923706054687500e+02
-9.993092041015625000e+02
-1.000427368164062500e+03
-1.000144897460937500e+03
-1.000030639648437500e+03
-9.995695800781250000e+02
-1.000086486816406250e+03
-1.000198059082031250e+03
-1.000005065917968750e+03
-1.000956848144531250e+03
-1.001149780273437500e+03
-1.000238952636718750e+03
-1.000933166503906250e+03
-1.000797119140625000e+03
-9.991289062500000000e+02
-1.000056518554687500e+03
-1.000068908691406250e+03
-9.994003906250000000e+02
-9.997176513671875000e+02
-9.999053344726562500e+02
-9.995046997070312500e+02
-1.000244995117187500e+03
-1.000637145996093750e+03
-1.000142272949218750e+03
-1.000439331054687500e+03
-9.996979370117187500e+02
-1.000195678710937500e+03
-9.999755859375000000e+02
-9.999318237304687500e+02
-1.000074890136718750e+03
-1.000313537597656250e+03
-9.999979248046875000e+02
-9.996680297851562500e+02
-9.991372070312500000e+02
-9.991513671875000000e+02
-9.997045288085937500e+02
-1.000220458984375000e+03
-9.995941162109375000e+02
-1.000255859375000000e+03
-1.000207275390625000e+03
-9.995198364257812500e+02
-9.998406982421875000e+02
-9.992164916992187500e+02
-1.000849670410156250e+03
-9.994873046875000000e+02
-9.992214965820312500e+02
-1.000937072753906250e+03
-9.999526977539062500e+02
-1.000137084960937500e+03
-1.000039550781250000e+03
-9.995219116210937500e+02
-1.000635986328125000e+03
-9.997867431640625000e+02
-1.000379638671875000e+03
-1.000465759277343750e+03
-1.000620422363281250e+03
-9.999343872070312500e+02
-9.994454956054687500e+02
-9.997373046875000000e+02
-1.000496887207031250e+03
