1.062264098015745972e+01
1.062727369394415255e+01
1.063121331639612421e+01
1.064016643784413318e+01
1.065658481700664062e+01
1.066391726680071450e+01
1.066986457148723666e+01
1.067488014560702503e+01
1.067932713581749660e+01
1.068643443468397614e+01
1.068936139674271146e+01
1.069200717953242297e+01
1.069443507432768747e+01
1.069874095612270892e+01
1.070064903241693521e+01
1.070242637591449686e+01
1.070412175202366711e+01
1.070745128809119073e+01
1.070887482298824267e+01
1.071019667682121934e+01
1.071145523937961919e+01
1.071413422414943817e+01
1.071518008652278375e+01
1.071621038546795290e+01
1.071863516757758283e+01
1.062346791697447834e+01
1.062823862649098672e+01
1.064254141698360456e+01
1.064580143640527865e+01
1.065171242642605698e+01
1.065807683098766034e+01
1.067123000291910095e+01
1.067557116181798449e+01
1.067957822579204930e+01
1.068699990590766014e+01
1.068969237898189562e+01
1.069220431628930434e+01
1.069453260514424997e+01
1.069907816373316223e+01
1.070092398631468988e+01
1.070269406687910063e+01
1.070438425517888170e+01
1.070784971185246448e+01
1.070927428431139461e+01
1.071062415231508780e+01
1.071187233925470395e+01
1.071464366703169269e+01
1.071570716795696754e+01
1.071670841516954376e+01
1.071830522290027687e+01
1.063718137232021199e+01
1.065194069003928767e+01
1.065226440934532270e+01
1.065496829560022185e+01
1.066632337279653520e+01
1.066900132000447421e+01
1.067175293410577375e+01
1.067464876930815976e+01
1.068376478797106444e+01
1.068608477633098452e+01
1.068843485398537396e+01
1.069433443082549040e+01
1.069614601386503416e+01
1.069797419789463078e+01
1.069976502969661070e+01
1.070395574212313683e+01
1.070544879366603475e+01
1.070691383103822147e+01
1.070834462886842253e+01
1.071166482687904065e+01
1.071290471332363126e+01
1.071409064655054877e+01
1.071522677680730773e+01
1.071797942847048546e+01
1.071897445031179252e+01
1.066466119866747064e+01
1.066347630300242955e+01
1.066297516061520056e+01
1.066320238666655484e+01
1.067400444338172427e+01
1.067559087549367192e+01
1.067746782493154889e+01
1.068580774730947347e+01
1.068733296327059890e+01
1.068898061153336876e+01
1.069071645255579739e+01
1.069630061058490611e+01
1.069777809869962937e+01
1.069930435222263476e+01
1.070085343210696571e+01
1.070500990499150618e+01
1.070635458518580663e+01
1.070769822781823066e+01
1.070903564507938199e+01
1.071235999333751465e+01
1.071356460267824140e+01
1.071473497247698425e+01
1.071655485601155533e+01
1.071763288280312665e+01
1.071963952747579363e+01
1.069083473460992373e+01
1.067429184802201902e+01
1.067299697079787713e+01
1.068132963024265258e+01
1.068109410369627277e+01
1.068131095412884157e+01
1.068857388727706947e+01
1.068927216642117628e+01
1.069016239451277350e+01
1.069119373101982262e+01
1.069664404356662857e+01
1.069759860049468081e+01
1.069865068823929377e+01
1.070308107745971427e+01
1.070412797739493627e+01
1.070522364273844218e+01
1.070634109688138835e+01
1.070987918288645524e+01
1.071093957112609552e+01
1.071203419890772146e+01
1.071319315552580420e+01
1.071628301479943524e+01
1.071733198985841362e+01
1.071837266442236647e+01
1.071937494919682443e+01
1.070662953908356130e+01
1.069379282352500837e+01
1.069195841412414438e+01
1.068941638752226453e+01
1.068845145497542681e+01
1.068812981079314994e+01
1.069387997872278895e+01
1.069405221399458839e+01
1.069448591485972599e+01
1.069933340395522947e+01
1.069985529758002230e+01
1.070051414937275425e+01
1.070126741929641412e+01
1.070532947405002844e+01
1.070614603524826691e+01
1.070702277503544408e+01
1.070792337874582500e+01
1.071130894315477633e+01
1.071217945757068613e+01
1.071313401449873837e+01
1.071529421832939910e+01
1.071622802401988395e+01
1.071721474536616370e+01
1.072009501714037505e+01
1.072099665841263416e+01
1.071732887717277904e+01
1.071626226356186784e+01
1.070855214124408761e+01
1.070198852480184470e+01
1.070293789392050599e+01
1.070075590129040322e+01
1.069952431534083814e+01
1.069890904114699737e+01
1.070281857430449968e+01
1.070271378055478984e+01
1.070281442405698691e+01
1.070634005931951194e+01
1.070666274106366700e+01
1.070710681754758831e+01
1.070765568778121946e+01
1.071099871215316135e+01
1.071158804730004555e+01
1.071221680979830460e+01
1.071287669915291652e+01
1.071582441244921924e+01
1.071657871993475553e+01
1.071740254406614135e+01
1.071827202092017117e+01
1.072110560240985855e+01
1.072193253922687717e+01
1.072924942559277639e+01
1.072316308761456227e+01
1.071699478224796032e+01
1.071143656326580995e+01
1.071088354278466603e+01
1.070763078629613929e+01
1.070539276532460704e+01
1.070398998166512072e+01
1.070701966234980951e+01
1.070646871699242197e+01
1.070622177726538204e+01
1.070924627014068164e+01
1.070934898876663510e+01
1.070962082997875342e+01
1.071001199080687982e+01
1.071273455317558643e+01
1.071355111437382313e+01
1.071402943039972833e+01
1.071634630607401206e+01
1.071679972061483710e+01
1.071734755328658828e+01
1.072013444449175168e+01
1.072078499578945809e+01
1.072148950030483405e+01
1.072222824436219923e+01
1.073674996041113872e+01
1.073287777948125665e+01
1.072825751643710390e+01
1.072448805413317530e+01
1.072084102413088758e+01
1.071761939449871015e+01
1.071791094938651590e+01
1.071565113961553806e+01
1.071344839574786967e+01
1.071172293034422651e+01
1.071379805410086306e+01
1.071290575088550767e+01
1.071237244408005296e+01
1.071505350397362655e+01
1.071502445224103539e+01
1.071511990793383973e+01
1.071534194617579949e+01
1.071805309536384421e+01
1.071827617116768394e+01
1.071858432704554431e+01
1.071900142692062907e+01
1.072168041169044628e+01
1.072221890630529373e+01
1.072281031657593431e+01
1.072344011663607333e+01
1.073859474543078818e+01
1.073558062817427405e+01
1.073189935863000066e+01
1.072882921303205705e+01
1.072576529280538438e+01
1.072282276731847261e+01
1.072251461144061224e+01
1.072059927221323861e+01
1.071876278768861468e+01
1.071688065044134497e+01
1.071810808614339727e+01
1.071683811040433554e+01
1.071590222959009253e+01
1.071866006906266122e+01
1.071793377574783790e+01
1.071781134344619879e+01
1.072030149195416016e+01
1.072028074071659631e+01
1.072030149195416016e+01
1.072238284108206763e+01
1.072261317981905471e+01
1.072292652350630604e+01
1.072330523359189236e+01
1.072559824534297412e+01
1.072603609645562628e+01
1.074145530352931388e+01
1.073942583249532134e+01
1.073709235583098476e+01
1.073462192099870904e+01
1.073240257614098603e+01
1.073025897330038170e+01
1.072812574607855929e+01
1.072612636433904143e+01
1.072584103482250129e+01
1.072445070190555683e+01
1.072313922369136208e+01
1.072185264696224749e+01
1.072230191125555798e+01
1.072143139683964819e+01
1.072084932462591311e+01
1.072247933433675016e+01
1.072230087369367979e+01
1.072223965754286112e+01
1.072222513167656288e+01
1.072390701948131664e+01
1.072416018457962572e+01
1.072447456582875702e+01
1.072482837442926495e+01
1.072687963426269775e+01
1.072727598290021689e+01
1.074252087957834512e+01
1.074090020792441180e+01
1.073895996721195800e+01
1.073683607804703932e+01
1.073478793089924110e+01
1.073287466679562030e+01
1.073103299446160541e+01
1.072919132212759052e+01
1.072848162980282183e+01
1.072706950808643178e+01
1.072581198308991013e+01
1.072708922176211921e+01
1.072494873160714768e+01
1.072399521224097541e+01
1.072562314682805606e+01
1.072494873160714768e+01
1.072446834045748609e+01
1.072392154534761310e+01
1.072528801434135737e+01
1.072519359621043122e+01
1.072529423971262830e+01
1.072709959738090113e+01
1.072737870152617035e+01
1.072770864620347453e+01
1.072806245480398246e+01
1.074434595092230715e+01
1.074329905098708515e+01
1.074159018657349485e+01
1.074016665167644291e+01
1.073861238398272100e+01
1.073686097953211949e+01
1.073544159488258032e+01
1.073390289061703484e+01
1.073232787168574731e+01
1.073081510646716019e+01
1.073044573443847938e+01
1.072937082033253908e+01
1.072829590622660234e+01
1.072725834434828407e+01
1.072778853846810598e+01
1.072710582275217206e+01
1.072649573636772047e+01
1.072727079509082415e+01
1.072681219274060638e+01
1.072663373209753779e+01
1.072667108432515626e+01
1.072831665746416974e+01
1.072854803376303501e+01
1.072884166377459891e+01
1.072916953332814671e+01
1.074463958093387106e+01
1.074378566750801589e+01
1.074231855501207455e+01
1.074116063595587178e+01
1.073987820947426819e+01
1.073847646337666184e+01
1.073696266059619475e+01
1.073563250626819254e+01
1.073424943628439188e+01
1.073439054469984555e+01
1.073340589847732041e+01
1.073137850256708603e+01
1.073031292651805302e+01
1.073104440764226730e+01
1.073027661185231096e+01
1.072958663320323147e+01
1.072999128233577437e+01
1.072948806482479078e+01
1.072893296921989048e+01
1.072950985362423637e+01
1.072936148227563535e+01
1.072934073103806796e+01
1.072943514916899588e+01
1.073079228010583641e+01
1.073108694767927851e+01
1.074485539380456167e+01
1.074423078155381539e+01
1.074357192976108166e+01
1.074280102128549075e+01
1.074128721850502544e+01
1.074023720588416708e+01
1.073911663905558278e+01
1.073796287024689455e+01
1.073649783287470783e+01
1.073544678269197128e+01
1.073460428244677800e+01
1.073379913442920142e+01
1.073297219761218280e+01
1.073223760380233394e+01
1.073162855497976054e+01
1.073105270813729462e+01
1.073112533746877695e+01
1.073072691370750142e+01
1.073029217528048740e+01
1.073072691370750142e+01
1.073055779112133656e+01
1.073047582373295050e+01
1.073049138716112338e+01
1.073163270522727331e+01
1.073187549470680047e+01
1.074489274603218014e+01
1.074432001187534880e+01
1.074373897722349191e+01
1.074312162790589298e+01
1.074166904127624633e+01
1.074071552191007228e+01
1.073971219957373791e+01
1.073918096789203958e+01
1.073820254704078359e+01
1.073620939067253666e+01
1.073540009240744730e+01
1.073524445812569894e+01
1.073438120664294004e+01
1.073355115714028507e+01
1.073281656333043443e+01
1.073233202193326186e+01
1.073195227428579557e+01
1.073164411840793520e+01
1.073169807162560829e+01
1.073163063010351692e+01
1.073161921692285503e+01
1.073230193263878895e+01
1.073229155702000526e+01
1.073233513461889466e+01
1.073245860448241551e+01
1.074540218891443466e+01
1.074489793384157110e+01
1.074400563062621927e+01
1.074348996237269382e+01
1.074279168322858524e+01
1.074195852104029569e+01
1.074048103292557066e+01
1.073959391751960979e+01
1.073866944988602690e+01
1.073771281783422005e+01
1.073656008658740824e+01
1.073576738931237173e+01
1.073490413782961284e+01
1.073409483956452348e+01
1.073328242861380133e+01
1.073277402329342323e+01
1.073235484829458386e+01
1.073204980510235806e+01
1.073219817645095731e+01
1.073213903542389325e+01
1.073215771153770248e+01
1.073291616927075331e+01
1.073304897719117967e+01
1.073315169581713313e+01
1.073324092613866654e+01
1.074534719813488515e+01
1.074488133285151825e+01
1.074410834925217273e+01
1.074360305661743276e+01
1.074293279164403891e+01
1.074217018366347354e+01
1.074157669826907657e+01
1.073993008756818313e+01
1.073907824926608612e+01
1.073860512104957365e+01
1.073779686034636427e+01
1.073703736505143347e+01
1.073590330991843267e+01
1.073513758925223449e+01
1.073441233349928936e+01
1.073379290905793404e+01
1.073341212384858956e+01
1.073310396797072919e+01
1.073288192972876942e+01
1.073274497156083207e+01
1.073322847539612823e+01
1.073330421741324514e+01
1.073347645268504635e+01
1.073444761060315145e+01
1.073466446103572025e+01
1.074571553260168777e+01
1.074493321094543674e+01
1.074458770283995612e+01
1.074420484250685703e+01
1.074316728062853699e+01
1.074250946639768323e+01
1.074179666138727995e+01
1.074104339146362008e+01
1.073976822791516739e+01
1.073897241795449631e+01
1.073818283336509793e+01
1.073743371368895083e+01
1.073633908590732489e+01
1.073559826672620687e+01
1.073490932563900380e+01
1.073428782607389209e+01
1.073399212093857003e+01
1.073370679142203343e+01
1.073347956537067915e+01
1.073372339241208628e+01
1.073372235485020632e+01
1.073380743492423051e+01
1.073400145899547553e+01
1.073464059711252006e+01
1.073515730292792192e+01
1.074532125908792679e+01
1.074499961490564814e+01
1.074466863266646399e+01
1.074426502109579751e+01
1.074380953143121609e+01
1.074325651095007217e+01
1.074197719715410670e+01
1.074145841621494668e+01
1.074074768632829979e+01
1.074000790470905997e+01
1.073879395731142772e+01
1.073810501622422464e+01
1.073742126294641253e+01
1.073670534525037112e+01
1.073583586839634130e+01
1.073532227526657401e+01
1.073489064952519456e+01
1.073451712724899920e+01
1.073441337106116578e+01
1.073421727186616437e+01
1.073413115423026376e+01
1.073413737960153469e+01
1.073473294011968804e+01
1.073495394079977139e+01
1.073522889469752606e+01
1.074567921793594572e+01
1.074536794937245077e+01
1.074505149299956308e+01
1.074430444844717414e+01
1.074382613242126894e+01
1.074331565197713800e+01
1.074222413688114663e+01
1.074158292364034573e+01
1.074089709523877900e+01
1.074019674097091404e+01
1.073906579852354604e+01
1.073841732234959601e+01
1.073773564419554027e+01
1.073706849190778456e+01
1.073626541901396614e+01
1.073576946443612812e+01
1.073534717675165240e+01
1.073497987984672797e+01
1.073477963040421379e+01
1.073462192099870904e+01
1.073452231505839016e+01
1.073485433485945251e+01
1.073504628380693937e+01
1.073527350985829365e+01
1.073589604698528355e+01
1.074570204429726950e+01
1.074540530160007101e+01
1.074505356812331947e+01
1.074465410680016753e+01
1.074382613242126894e+01
1.074336545494729656e+01
1.074286535012194754e+01
1.074231440476456001e+01
1.074121458917354310e+01
1.074060242766533335e+01
1.073996847735768334e+01
1.073931377581246238e+01
1.073834884326562822e+01
1.073777507154691691e+01
1.073720856276135649e+01
1.073665657984209076e+01
1.073614091158856532e+01
1.073578191517866998e+01
1.073542291876877108e+01
1.073515419024228734e+01
1.073525794643011722e+01
1.073522266932625513e+01
1.073525483374448442e+01
1.073538452897927264e+01
1.073627475707086987e+01
1.074597699819502417e+01
1.074539181329565274e+01
1.074501621589570100e+01
1.074462090482006182e+01
1.074422351862066627e+01
1.074337375544232387e+01
1.074291307796834971e+01
1.074239118434355689e+01
1.074134532197021130e+01
1.074077570049901453e+01
1.074016457655268475e+01
1.073953581405442570e+01
1.073864973621033947e+01
1.073810501622422464e+01
1.073755199574308072e+01
1.073698859964315133e+01
1.073648745725592590e+01
1.073614402427420345e+01
1.073578710298806094e+01
1.073588255868086705e+01
1.073563250626819254e+01
1.073560656722123241e+01
1.073565325750575639e+01
1.073619382724436200e+01
1.073643039135261645e+01
1.074590955667293279e+01
1.074565535401274552e+01
1.074498923928686622e+01
1.074458043990680700e+01
1.074418201614553325e+01
1.074379708068867778e+01
1.074337686812795845e+01
1.074248871516011761e+01
1.074198134740161947e+01
1.074145011571992292e+01
1.074045198119297950e+01
1.073993008756818313e+01
1.073943102030471408e+01
1.073892365254621595e+01
1.073809982841483013e+01
1.073758000991379546e+01
1.073714423392489969e+01
1.073678835020063893e+01
1.073648538213216952e+01
1.073628720781340995e+01
1.073613883646480893e+01
1.073601640416316805e+01
1.073644491721891470e+01
1.073662441542386148e+01
1.073685267903709217e+01
1.074584937808399054e+01
1.074558791249065415e+01
1.074529532004096843e+01
1.074455657598360503e+01
1.074416022734608767e+01
1.074376595383232846e+01
1.074336960519481110e+01
1.074253540544464158e+01
1.074204256355243992e+01
1.074154142116521449e+01
1.074058893936091863e+01
1.074011373602064623e+01
1.073966862197484851e+01
1.073919341863457966e+01
1.073837685743634296e+01
1.073787779017287036e+01
1.073742230050828894e+01
1.073704151529894624e+01
1.073683089023764836e+01
1.073665346715645619e+01
1.073651028361724968e+01
1.073675618578240964e+01
1.073676759896307153e+01
1.073687343027465957e+01
1.073775639543310767e+01
1.114135247593752709e+01
1.114167025136122469e+01
1.115649865613234049e+01
1.120567691170305480e+01
1.125047990144010335e+01
1.126841916035900226e+01
1.128369245072329363e+01
1.129575788181046825e+01
1.130594342039112199e+01
1.132160473127277633e+01
1.132819104505448671e+01
1.133419198305569964e+01
1.133968782538345366e+01
1.135010416927184984e+01
1.135448947011889231e+01
1.135862724063589724e+01
1.136281184121533805e+01
1.137142188269534238e+01
1.137506124754780323e+01
1.137857015722633314e+01
1.138179139652129912e+01
1.138851820049032426e+01
1.139142166436159442e+01
1.139451913849154430e+01
1.140116566235353446e+01
1.119945520340747791e+01
1.118764733766372821e+01
1.122002363583193052e+01
1.122814530666077637e+01
1.124135138426880154e+01
1.125563455331293383e+01
1.128719132538843972e+01
1.129729658386205848e+01
1.130636489095308050e+01
1.132256809255725294e+01
1.132869948573240038e+01
1.133445289340358109e+01
1.133998887578485260e+01
1.135097387043144934e+01
1.135542607136769355e+01
1.135964746699618821e+01
1.136368488737939586e+01
1.137258259924295523e+01
1.137613499397946093e+01
1.137965059366690390e+01
1.138281496788605551e+01
1.139000672747502030e+01
1.139281987622586989e+01
1.139562633496779753e+01
1.140029261618947842e+01
1.125069732672999478e+01
1.126735879394518491e+01
1.125442366169842678e+01
1.125349040545408918e+01
1.127853445384599951e+01
1.128300672480899713e+01
1.128857281223041653e+01
1.129473096544124999e+01
1.131478761218332352e+01
1.132004930419888034e+01
1.132514709099589645e+01
1.133827623350134317e+01
1.134282543956692102e+01
1.134746496075292477e+01
1.135206768688986223e+01
1.136228667551511862e+01
1.136602973550584039e+01
1.136985642060806789e+01
1.137360282560325331e+01
1.138237677230179123e+01
1.138574519179299926e+01
1.138890287600322893e+01
1.139174278478975566e+01
1.139940953501204390e+01
1.140215578367368643e+01
1.130926835482435067e+01
1.129463730531637289e+01
1.128345495540663990e+01
1.127724662712890513e+01
1.129622283743040079e+01
1.129794216972283749e+01
1.130109650892860351e+01
1.131883506757990787e+01
1.132228711218260919e+01
1.132604689719563495e+01
1.132976988715960154e+01
1.134269498439298474e+01
1.134631093421422499e+01
1.135012089429415560e+01
1.135414493465951224e+01
1.136451110348101246e+01
1.136785945294545996e+01
1.137136501761951912e+01
1.137499434745860860e+01
1.138401247948272932e+01
1.138740765900961271e+01
1.139047837310388012e+01
1.139523496944597980e+01
1.139822540343320512e+01
1.140384501092598235e+01
1.135955715187576942e+01
1.131572086842765934e+01
1.130622440076575863e+01
1.131882837757098770e+01
1.131463374197816840e+01
1.131276053948057481e+01
1.132697346343105060e+01
1.132757556423384848e+01
1.132897377609812395e+01
1.133101088381425825e+01
1.134347102542770003e+01
1.134579245852293461e+01
1.134840156200171890e+01
1.135923937645207182e+01
1.136193210504236184e+01
1.136486232894930737e+01
1.136765540767339466e+01
1.137629555419353622e+01
1.137932278322982960e+01
1.138250722747573462e+01
1.138596261708289958e+01
1.139431843822394264e+01
1.139731221721563159e+01
1.140023240610919864e+01
1.140296861975746268e+01
1.138849813046356907e+01
1.135789802966361961e+01
1.134481906222507419e+01
1.133616219068263220e+01
1.133118816905063220e+01
1.132848875045142201e+01
1.133969451539237561e+01
1.133916265968324133e+01
1.133943360504450126e+01
1.135066278501667192e+01
1.135151910615842397e+01
1.135312136329475763e+01
1.135508488091277002e+01
1.136499947413217271e+01
1.136706668688843891e+01
1.136937473996583137e+01
1.137153561284698000e+01
1.137977101382746348e+01
1.138226638715461547e+01
1.138508957091884355e+01
1.139100688380855608e+01
1.139387689763522182e+01
1.139674356645743103e+01
1.140484182225505627e+01
1.140712311529676448e+01
1.140975563380677471e+01
1.140480168220153878e+01
1.138514309099020139e+01
1.136738111730767820e+01
1.136543766971642810e+01
1.135855365053777533e+01
1.135446605508767348e+01
1.135203758184972145e+01
1.136045695807550793e+01
1.135971436708538818e+01
1.135944342172413002e+01
1.136802335816399356e+01
1.136885626427453211e+01
1.136987649063483019e+01
1.137109741726272460e+01
1.137975763380962135e+01
1.138094845539738209e+01
1.138221286708325763e+01
1.138378836418390883e+01
1.139174947479867583e+01
1.139418798305000458e+01
1.139682384656447311e+01
1.139953664518151655e+01
1.140736730062234727e+01
1.140939771832956140e+01
1.143594032871954269e+01
1.142042954303858693e+01
1.140460098193393712e+01
1.138988296231000419e+01
1.138557794157000203e+01
1.137592760370294442e+01
1.136913724464916875e+01
1.136473856378429126e+01
1.137136501761951912e+01
1.136939815499705020e+01
1.136829430352525172e+01
1.137573024843980107e+01
1.137596774375646191e+01
1.137658991458602209e+01
1.137742282069655353e+01
1.138479521052636478e+01
1.138628708251551735e+01
1.138716347368402992e+01
1.139309416659158458e+01
1.139422143309460189e+01
1.139581365521755885e+01
1.140438021163958027e+01
1.140635041926651283e+01
1.140830055686668310e+01
1.141019717439549552e+01
1.145505033919944005e+01
1.144465072033334962e+01
1.143182262822930007e+01
1.142160363960404368e+01
1.141160542127314947e+01
1.140253376917766914e+01
1.140179452319200770e+01
1.139522158942813768e+01
1.138887611596754645e+01
1.138383184924188996e+01
1.138856503055276903e+01
1.138572846677070061e+01
1.138412955463882525e+01
1.139146514941957555e+01
1.139122430909845640e+01
1.139136479928577828e+01
1.139169260972285258e+01
1.139808156824142671e+01
1.139836254861606335e+01
1.139909844959726115e+01
1.140047993643923796e+01
1.140866516235281836e+01
1.141018379437765340e+01
1.141170577140694675e+01
1.141334482359234137e+01
1.145949919513122595e+01
1.145130393420426174e+01
1.144087755530248174e+01
1.143242472903209794e+01
1.142401873282415359e+01
1.141583685191502973e+01
1.141380977921227924e+01
1.140825372680424543e+01
1.140305893487788325e+01
1.139772699776866816e+01
1.140027923617163630e+01
1.139652614116753071e+01
1.139379996253264338e+01
1.140126601248733174e+01
1.139928576984702069e+01
1.139881412421816087e+01
1.140530008786607397e+01
1.140472474709896034e+01
1.140434007158606278e+01
1.141006671922155924e+01
1.141101670048819372e+01
1.141212724196890349e+01
1.141322105842732348e+01
1.141919523639285394e+01
1.142033922791816813e+01
1.146680468487183013e+01
1.146119511239243671e+01
1.145471583875344379e+01
1.144789871966399097e+01
1.144118864071726449e+01
1.143512749263576644e+01
1.142908641458103602e+01
1.142332631690093692e+01
1.142191472501882643e+01
1.141807131489430027e+01
1.141429145985451754e+01
1.141050491480581464e+01
1.141126757582268958e+01
1.140877220249554469e+01
1.140724019045286752e+01
1.141156528121963198e+01
1.141069558006003248e+01
1.141003995918587499e+01
1.140964524865960072e+01
1.141462930530497744e+01
1.141562611663404958e+01
1.141656606288730735e+01
1.141740900401122261e+01
1.142276435615166363e+01
1.142380465253871691e+01
1.146961448861822319e+01
1.146507531756601672e+01
1.145967313536314514e+01
1.145370564740652952e+01
1.144764784432949511e+01
1.144217876203741646e+01
1.143687358496387851e+01
1.143154833786358537e+01
1.142922021475943062e+01
1.142531659455463178e+01
1.142169395472446247e+01
1.142496871409079517e+01
1.141854630552761662e+01
1.141586026694624856e+01
1.142051316815009443e+01
1.141868010570601832e+01
1.141709457359198332e+01
1.141473634544769489e+01
1.141840916034476017e+01
1.141830212020204094e+01
1.141881056087995638e+01
1.142399531779293476e+01
1.142450375847085553e+01
1.142521289941637086e+01
1.142608260057597036e+01
1.147466210034833622e+01
1.147167501136556922e+01
1.146669095472019251e+01
1.146259332425671218e+01
1.145827157849440603e+01
1.145332766190255214e+01
1.144886208094846758e+01
1.144431956489181168e+01
1.143981718888866439e+01
1.143558241324232760e+01
1.143446852675715242e+01
1.143109341725702244e+01
1.142778855285055783e+01
1.142480146386779083e+01
1.142650741614238541e+01
1.142452048349315419e+01
1.142259710592865929e+01
1.142408563291335355e+01
1.142285467127208243e+01
1.142253689584837950e+01
1.142292491636574070e+01
1.142719983206560208e+01
1.142766144268107809e+01
1.142831706355523380e+01
1.142929714986201617e+01
1.147535786127601831e+01
1.147293273304252281e+01
1.146858088224008299e+01
1.146532619290051969e+01
1.146167344803021138e+01
1.145767616770052832e+01
1.145296305641641155e+01
1.144901929615808811e+01
1.144505881087746602e+01
1.144545686640820570e+01
1.144277751783575603e+01
1.143651566948666343e+01
1.143310710994193791e+01
1.143513083764023008e+01
1.143324425512479436e+01
1.143133091257368505e+01
1.143209691859502364e+01
1.143045117640070885e+01
1.142884891926437341e+01
1.143073550177980913e+01
1.143031403121785061e+01
1.143016016101268661e+01
1.143026051114649100e+01
1.143406043621303603e+01
1.143496024241276743e+01
1.147575591680675622e+01
1.147399978946526033e+01
1.147206303188293042e+01
1.146989881399731637e+01
1.146534626292727488e+01
1.146227889383747289e+01
1.145900078946668366e+01
1.145563236997548096e+01
1.145126713915520078e+01
1.144838040030622928e+01
1.144595861707719919e+01
1.144349669379464984e+01
1.144034235458888382e+01
1.143856950222509639e+01
1.143694048505307848e+01
1.143526129281416637e+01
1.143510073260008930e+01
1.143383966591867207e+01
1.143262208429523596e+01
1.143404705619519390e+01
1.143352189049497447e+01
1.143327770516939879e+01
1.143313386997761327e+01
1.143650897947774325e+01
1.143724488045894105e+01
1.147584623192717679e+01
1.147413693464811679e+01
1.147244770739582798e+01
1.147059457492499668e+01
1.146636314428311643e+01
1.146355668554118878e+01
1.146059635659409714e+01
1.145889040431950789e+01
1.145596352541702068e+01
1.145026698282166322e+01
1.144800575980671020e+01
1.144695877341073498e+01
1.144434297992303051e+01
1.144206503188577706e+01
1.143985732894218899e+01
1.143840894201101221e+01
1.143732850557043967e+01
1.143641197434840251e+01
1.143659929459816205e+01
1.143640193933502403e+01
1.143637852430380519e+01
1.143830524687275663e+01
1.143825507180585532e+01
1.143845242706899334e+01
1.143878692751499493e+01
1.147733810391632758e+01
1.147576929682459124e+01
1.147306653322092451e+01
1.147147431109797466e+01
1.146941713335507806e+01
1.146704887019741292e+01
1.146272377943065024e+01
1.146002436083143827e+01
1.145726138714749176e+01
1.145439471832528255e+01
1.145084232358877863e+01
1.144833691524824815e+01
1.144584488692555979e+01
1.144364387399089189e+01
1.144092438536492651e+01
1.143950610347388874e+01
1.143837214696195126e+01
1.143745896074437773e+01
1.143795067639999274e+01
1.143774997613239819e+01
1.143788377631079989e+01
1.144001454415180952e+01
1.144048284477620570e+01
1.144078389517760463e+01
1.144111505061914258e+01
1.147720764874238419e+01
1.147578936685135353e+01
1.147344786372936376e+01
1.147186902162424893e+01
1.146987874397056117e+01
1.146770114606710678e+01
1.146603867885049155e+01
1.146106465721850043e+01
1.145836189361482482e+01
1.145702054682637261e+01
1.145463890365086534e+01
1.145220039539953660e+01
1.144871824575668917e+01
1.144642022769268053e+01
1.144418910971786651e+01
1.144228914718459755e+01
1.144126892082429947e+01
1.144050625980742453e+01
1.143989746899570648e+01
1.143943251337576683e+01
1.144090766034262074e+01
1.144117860570387890e+01
1.144177736150222024e+01
1.144456040521292906e+01
1.144521602608708655e+01
1.147818439004470115e+01
1.147619411239101339e+01
1.147518726604855566e+01
1.147397971943850514e+01
1.147084545025949431e+01
1.146881168754782365e+01
1.146671436975141134e+01
1.146450332180335963e+01
1.146057294156287654e+01
1.145825819847657101e+01
1.145587321029660011e+01
1.145352836217014669e+01
1.144988565231322397e+01
1.144762777430273282e+01
1.144550704147509990e+01
1.144382784923618779e+01
1.144300497813903483e+01
1.144220217706863529e+01
1.144155993621231993e+01
1.144242629236745579e+01
1.144246977742543692e+01
1.144275075780007356e+01
1.144325585347353069e+01
1.144515247100234312e+01
1.144678483317881579e+01
1.147718757871562900e+01
1.147642491769874695e+01
1.147547159142765594e+01
1.147426069981314001e+01
1.147260492260544851e+01
1.147084879526395795e+01
1.146698866011713314e+01
1.146513887265076015e+01
1.146310510993908949e+01
1.146101448215159735e+01
1.145708075690665240e+01
1.145491319401658181e+01
1.145279915119786907e+01
1.145075869847728001e+01
1.144837036529285257e+01
1.144692197836167402e+01
1.144566425668472043e+01
1.144461058027982503e+01
1.144449350512372909e+01
1.144399844446365044e+01
1.144379439919159225e+01
1.144378770918267030e+01
1.144547693643496089e+01
1.144613590231358025e+01
1.144708253857575819e+01
1.147803386484400257e+01
1.147729796386280476e+01
1.147647843777011367e+01
1.147389274932254111e+01
1.147238749731554819e+01
1.147070161506771591e+01
1.146727298549622631e+01
1.146537302296295735e+01
1.146347640543414670e+01
1.146132556756637477e+01
1.145776982782541253e+01
1.145574610012712036e+01
1.145374578746004701e+01
1.145172205976175483e+01
1.144967826203670747e+01
1.144820311506985355e+01
1.144708588358021473e+01
1.144615931734479908e+01
1.144572781176946386e+01
1.144526285614952421e+01
1.144492166569460778e+01
1.144587499196569880e+01
1.144642357269713884e+01
1.144721968375861643e+01
1.144927351649704761e+01
1.147810410993766617e+01
1.147732472389848724e+01
1.147616735235533092e+01
1.147495311573635846e+01
1.147218010703902635e+01
1.147060126493391863e+01
1.146905252786894280e+01
1.146744023571923243e+01
1.146427586150008082e+01
1.146242941903817147e+01
1.146057628656734195e+01
1.145858935391810896e+01
1.145574944513157689e+01
1.145407359789712842e+01
1.145239440565821631e+01
1.145076538848620018e+01
1.144973178210806708e+01
1.144875169580129182e+01
1.144772812443653720e+01
1.144686511328585787e+01
1.144717619870063530e+01
1.144723975378537872e+01
1.144724978879875543e+01
1.144751069914663688e+01
1.145045764807588107e+01
1.147874969579843807e+01
1.147697684343465063e+01
1.147587299196285215e+01
1.147464537532603757e+01
1.147334082358664631e+01
1.147054105485363884e+01
1.146915956801166203e+01
1.146766435101804582e+01
1.146472409209772181e+01
1.146306162488110836e+01
1.146124528745933979e+01
1.145931856489038658e+01
1.145656562621981678e+01
1.145496002407901948e+01
1.145325072679996836e+01
1.145172205976175483e+01
1.145074531845943788e+01
1.144963477697872634e+01
1.144859113558720942e+01
1.144909288625620825e+01
1.144871490075223264e+01
1.144866472568532956e+01
1.144857441056491076e+01
1.145030043286626054e+01
1.145097612376717855e+01
1.147845533540596108e+01
1.147766591435340366e+01
1.147565222166849530e+01
1.147428411484436062e+01
1.147310667327444733e+01
1.147196268174913314e+01
1.147065478500527647e+01
1.146810589160676486e+01
1.146660398460423558e+01
1.146503852251696287e+01
1.146209157358771158e+01
1.146040903634433583e+01
1.145889374932396620e+01
1.145734166725453385e+01
1.145508713424849923e+01
1.145369226738868917e+01
1.145260514093919646e+01
1.145163174464133604e+01
1.145109654392773813e+01
1.145071521341929710e+01
1.145053792818292315e+01
1.145023687778152421e+01
1.145111995895895873e+01
1.145163508964579968e+01
1.145220708540845678e+01
1.147823122010714059e+01
1.147743176404120469e+01
1.147650185280133250e+01
1.147424062978637949e+01
1.147310667327444733e+01
1.147194930173129102e+01
1.147071834009001456e+01
1.146831328188328847e+01
1.146686489495210992e+01
1.146535295293619683e+01
1.146244279905601360e+01
1.146093420204455526e+01
1.145953599018027980e+01
1.145812105329370567e+01
1.145602039049283682e+01
1.145468573371330478e+01
1.145360864227718878e+01
1.145258841591689070e+01
1.145243120070727016e+01
1.145204987019883625e+01
1.145166853969039700e+01
1.145200973014531165e+01
1.145197628010071611e+01
1.145234423059131501e+01
1.145486970895860068e+01
1.062725142130390310e+01
1.062601053218781999e+01
1.063342303313946147e+01
1.065254472682699749e+01
1.066547216471700033e+01
1.066967035526667118e+01
1.067256312140863805e+01
1.067528039684531826e+01
1.067735458376198210e+01
1.068038547807197958e+01
1.068178940371426400e+01
1.068313898384781346e+01
1.068440478132206728e+01
1.068682768525310678e+01
1.068783194496658062e+01
1.068880903192568610e+01
1.068984386098782124e+01
1.069198371539420656e+01
1.069284192155295798e+01
1.069373182925847132e+01
1.069453229331419308e+01
1.069625776321648480e+01
1.069707294584748780e+01
1.069794700277961930e+01
1.069979701447276099e+01
1.065118948570295387e+01
1.064541301100381077e+01
1.065609530006425842e+01
1.065868690151199338e+01
1.066265072705524908e+01
1.066612431082180379e+01
1.067307487494921148e+01
1.067536984049510806e+01
1.067727532989507999e+01
1.068042736940162740e+01
1.068167391950820289e+01
1.068297594732161215e+01
1.068434251042664407e+01
1.068686957658275638e+01
1.068796327994602002e+01
1.068897659724428095e+01
1.068999783992923369e+01
1.069217958566526683e+01
1.069308421194606140e+01
1.069402167197171671e+01
1.069481760723504493e+01
1.069667214772057839e+01
1.069741939846566403e+01
1.069824590307765710e+01
1.069951849374050035e+01
1.066972243637920847e+01
1.067330923995562664e+01
1.066773995750853210e+01
1.066558538452686378e+01
1.067146602145107614e+01
1.067218157064940343e+01
1.067323338268301747e+01
1.067453201390213202e+01
1.067868151993356207e+01
1.067982730440935946e+01
1.068081910994374972e+01
1.068354883955951351e+01
1.068464027852658127e+01
1.068575889024801384e+01
1.068694769825156143e+01
1.068933890063583902e+01
1.069024465911473243e+01
1.069122853926242911e+01
1.069223166677780412e+01
1.069456173046475556e+01
1.069548786850942612e+01
1.069630871213092149e+01
1.069705483067791008e+01
1.069914147177366104e+01
1.069995552220656698e+01
1.068481124043947084e+01
1.068020772297049703e+01
1.067553287702130937e+01
1.067244084401398752e+01
1.067542192160764358e+01
1.067548306030496974e+01
1.067588725502617564e+01
1.067944688584822543e+01
1.068014545207507204e+01
1.068094025514029966e+01
1.068167052291390817e+01
1.068453724849960551e+01
1.068535809212110443e+01
1.068625366081710837e+01
1.068728169669065409e+01
1.068977932569620037e+01
1.069055148479945672e+01
1.069142327733539055e+01
1.069240262869069547e+01
1.069486968834758045e+01
1.069581507375992402e+01
1.069661553781564756e+01
1.069780321362109632e+01
1.069865462659125654e+01
1.070029291723995435e+01
1.069728466689192992e+01
1.068425419897495132e+01
1.068067645298332380e+01
1.068223775416131716e+01
1.068034698333662469e+01
1.067922723941709506e+01
1.068182563405341945e+01
1.068168750588538884e+01
1.068172147182834664e+01
1.068206452785222815e+01
1.068469575623341328e+01
1.068523921132074861e+01
1.068591626578372100e+01
1.068846597590180636e+01
1.068910113903512915e+01
1.068985065417641245e+01
1.069052204764889424e+01
1.069250679091576828e+01
1.069335027849923847e+01
1.069425037598763772e+01
1.069528067625737933e+01
1.069750091672876557e+01
1.069833421452934630e+01
1.069920713926338074e+01
1.069998495935712945e+01
1.070287206450860396e+01
1.069482440042363791e+01
1.068911812200660982e+01
1.068612119363957014e+01
1.068418513489093513e+01
1.068293518819006316e+01
1.068494823640940439e+01
1.068448516738706999e+01
1.068429156151220560e+01
1.068668049950028731e+01
1.068673597720711754e+01
1.068704053849564772e+01
1.068759418336587075e+01
1.068995821299578175e+01
1.069043260399910267e+01
1.069100323184080636e+01
1.069147309405173019e+01
1.069336386487642088e+01
1.069403752274509856e+01
1.069480402085786253e+01
1.069638343720543183e+01
1.069725749413756333e+01
1.069809984952293291e+01
1.070041972342700021e+01
1.070100846643827985e+01
1.070668530770474369e+01
1.070457602264702146e+01
1.069947547021275192e+01
1.069450512055982649e+01
1.069263359710281414e+01
1.069031598759494628e+01
1.068891092975456125e+01
1.068794969356883584e+01
1.068959590960422368e+01
1.068919624367541310e+01
1.068894602789561965e+01
1.069088661543664820e+01
1.069106776713242724e+01
1.069131345411982537e+01
1.069155914110722705e+01
1.069380089334248751e+01
1.069394128590671578e+01
1.069407375308425401e+01
1.069439529734425953e+01
1.069644570810085504e+01
1.069720880961932430e+01
1.069801493466553843e+01
1.069887200862618926e+01
1.070104469677743531e+01
1.070154173174272749e+01
1.071169415209302400e+01
1.070786732251970008e+01
1.070377782298749558e+01
1.069985135998149417e+01
1.069771716656560123e+01
1.069484930878180506e+01
1.069263472930091119e+01
1.069120023430996547e+01
1.069243433023745560e+01
1.069174708599159729e+01
1.069121382068714787e+01
1.069293929058944137e+01
1.069293249740084839e+01
1.069309440172894909e+01
1.069323139769888265e+01
1.069520595118286899e+01
1.069539955705773338e+01
1.069544144838738298e+01
1.069688839755741405e+01
1.069708653222467376e+01
1.069756092322799290e+01
1.070020347359016277e+01
1.070077070483757176e+01
1.070128698717053872e+01
1.070176024597576081e+01
1.071621162250650272e+01
1.071359737709679827e+01
1.070992905525728034e+01
1.070723102718827668e+01
1.070446053844096213e+01
1.070187799457801603e+01
1.070103450699454761e+01
1.069915958694323876e+01
1.069728919568432346e+01
1.069579242979795453e+01
1.069672875762550923e+01
1.069582639574091232e+01
1.069524784251251859e+01
1.069718276906305299e+01
1.069704690529122004e+01
1.069703784770643118e+01
1.069706502046079777e+01
1.069844743433920975e+01
1.069832968573695453e+01
1.069849045786695818e+01
1.069889238819196464e+01
1.070143870171575351e+01
1.070182931005977700e+01
1.070220067103612216e+01
1.070256071003148257e+01
1.071721135342758302e+01
1.071501262472006744e+01
1.071202701833401605e+01
1.070970374783565404e+01
1.070741331108215277e+01
1.070511608114006208e+01
1.070408464867222165e+01
1.070240899548626956e+01
1.070096317851433376e+01
1.069947547021275192e+01
1.069991702747121387e+01
1.069875765661823053e+01
1.069795039937391756e+01
1.069987740053776193e+01
1.069932149127134124e+01
1.069911996000978860e+01
1.070077976242235884e+01
1.070046840794523924e+01
1.070014912808143137e+01
1.070171269365562061e+01
1.070207726144337457e+01
1.070248711715507461e+01
1.070273393634056980e+01
1.070422277684025225e+01
1.070444355546948323e+01
1.071886436265156028e+01
1.071729740048307633e+01
1.071555607980740454e+01
1.071365964799222148e+01
1.071163188119759901e+01
1.070988376733333425e+01
1.070820132095879273e+01
1.070651208139565647e+01
1.070583842352697879e+01
1.070476962852188585e+01
1.070378121958179385e+01
1.070262411312500461e+01
1.070267053324704953e+01
1.070187686237991898e+01
1.070149078282828903e+01
1.070264675708697766e+01
1.070227992490302604e+01
1.070187686237991898e+01
1.070163343978871495e+01
1.070306000939297242e+01
1.070345288213319357e+01
1.070374838583693311e+01
1.070393633072130157e+01
1.070517608763928763e+01
1.070544781518295530e+01
1.071949499699249131e+01
1.071826656205549355e+01
1.071676639957482635e+01
1.071513603431281858e+01
1.071332904614742709e+01
1.071178586013901146e+01
1.071022682335721754e+01
1.070869722372598432e+01
1.070777901106800734e+01
1.070676456157164758e+01
1.070577502043345497e+01
1.070659133526255857e+01
1.070458734462800621e+01
1.070385934125059535e+01
1.070519986379935773e+01
1.070466659849491009e+01
1.070419333968968800e+01
1.070318341898572356e+01
1.070411974681327649e+01
1.070409144186081285e+01
1.070434165764060808e+01
1.070581917615930223e+01
1.070586786067754304e+01
1.070593692476155923e+01
1.070613166283451889e+01
1.072085929570132556e+01
1.072002260130644657e+01
1.071856885894782252e+01
1.071745137942448878e+01
1.071619803612932031e+01
1.071483939841097843e+01
1.071341282880672274e+01
1.071207909944655334e+01
1.071073291590729681e+01
1.070953391812086331e+01
1.070926105837909681e+01
1.070829642559907491e+01
1.070716649189665404e+01
1.070628903837022783e+01
1.070681551048608426e+01
1.070627658419114248e+01
1.070563915666162202e+01
1.070578634241444327e+01
1.070538441208943325e+01
1.070539460187232095e+01
1.070553725883274687e+01
1.070669096869523784e+01
1.070668191111044720e+01
1.070681098169369072e+01
1.070706459406777888e+01
1.072105856256668233e+01
1.072035320315124274e+01
1.071911004963896197e+01
1.071814654905704067e+01
1.071711058779680492e+01
1.071594668815142626e+01
1.071445671545364675e+01
1.071327922943108568e+01
1.071216854309634314e+01
1.071222175640697927e+01
1.071146205148280828e+01
1.070970714442995231e+01
1.070862589524577224e+01
1.070914897076733396e+01
1.070867457976401127e+01
1.070814923984625366e+01
1.070816622281773434e+01
1.070765333707906208e+01
1.070712346836890916e+01
1.070775636710603429e+01
1.070759899157032713e+01
1.070754804265588866e+01
1.070747671417567659e+01
1.070857721072753144e+01
1.070879798935676241e+01
1.072114574182027447e+01
1.072061360871392388e+01
1.072007128582468738e+01
1.071941121433319388e+01
1.071801861067189421e+01
1.071709360482532425e+01
1.071613123644150178e+01
1.071510772936035316e+01
1.071381928792412630e+01
1.071296900715206490e+01
1.071239158612177178e+01
1.071168849110253163e+01
1.071056082179630842e+01
1.071012945432073593e+01
1.070974224257100893e+01
1.070921010946466012e+01
1.070900404941071038e+01
1.070857834292563204e+01
1.070824774108083410e+01
1.070864514261344880e+01
1.070849569246443167e+01
1.070836209308879461e+01
1.070831001197625731e+01
1.070930861069923701e+01
1.070948976239501604e+01
1.072114347742407681e+01
1.072063625267589693e+01
1.072011883814482935e+01
1.071953349172784442e+01
1.071825750447070291e+01
1.071743892524540342e+01
1.071652524137981999e+01
1.071599990146206238e+01
1.071515301728429748e+01
1.071349774366412078e+01
1.071286824152128858e+01
1.071246065020578797e+01
1.071166584714055858e+01
1.071105106357300762e+01
1.071045326297694089e+01
1.070996302120023813e+01
1.070967091409079686e+01
1.070932672586881473e+01
1.070951919954558029e+01
1.070940031874522447e+01
1.070933465125550654e+01
1.070977507631586789e+01
1.070975696114629017e+01
1.070984866919227763e+01
1.070997094658692816e+01
1.072158843127683348e+01
1.072113328764118911e+01
1.072025470191666230e+01
1.071974860936658303e+01
1.071910665304466725e+01
1.071843525957218546e+01
1.071716266890934044e+01
1.071636446924981634e+01
1.071550060210057254e+01
1.071465824671520117e+01
1.071358152632341820e+01
1.071282635019163898e+01
1.071208362823894866e+01
1.071156394931168343e+01
1.071066498402138123e+01
1.071026871468686359e+01
1.070991433668199733e+01
1.070966185650600622e+01
1.070984414039988408e+01
1.070977620851396672e+01
1.070975582894819134e+01
1.071028909425263898e+01
1.071039665307200828e+01
1.071052232706095531e+01
1.071059025894687089e+01
1.072157484489964929e+01
1.072115819599935982e+01
1.072045283658392023e+01
1.071993542205285443e+01
1.071929912672143104e+01
1.071861867566416215e+01
1.071821221654675860e+01
1.071672903703757029e+01
1.071591159001036964e+01
1.071556060859979986e+01
1.071479524268513295e+01
1.071405365293053968e+01
1.071309241674481605e+01
1.071241196568754717e+01
1.071164659977288025e+01
1.071107597193117833e+01
1.071080197999131478e+01
1.071058459795637852e+01
1.071040344626059948e+01
1.071022116236672339e+01
1.071063441467271815e+01
1.071070574315293200e+01
1.071080650878370655e+01
1.071167037593295035e+01
1.071184473444013996e+01
1.072188959597106539e+01
1.072138690001528083e+01
1.072108799971724480e+01
1.072068720159033539e+01
1.071970558583883459e+01
1.071908627347889187e+01
1.071843865616648195e+01
1.071778537786358143e+01
1.071665657635925939e+01
1.071596706771720164e+01
1.071526397269796149e+01
1.071450426777379050e+01
1.071349434706982251e+01
1.071277540127720229e+01
1.071208815703134043e+01
1.071157527129266818e+01
1.071136581464442550e+01
1.071111559886463027e+01
1.071095143014033013e+01
1.071115522579808044e+01
1.071117220876956111e+01
1.071121523229730954e+01
1.071134203848435362e+01
1.071195002886330983e+01
1.071242215547043486e+01
1.072168127152091976e+01
1.072146388948598528e+01
1.072116272479175514e+01
1.072075626567434981e+01
1.072019243102123909e+01
1.071962180317953717e+01
1.071844205276077844e+01
1.071788274690006126e+01
1.071732570543554175e+01
1.071669393889651367e+01
1.071549380891197956e+01
1.071486543896724974e+01
1.071429481112554605e+01
1.071371059690665817e+01
1.071304373222657524e+01
1.071258745639283028e+01
1.071222288860507632e+01
1.071190926973175905e+01
1.071190021214697197e+01
1.071173491122457477e+01
1.071168056571583804e+01
1.071167490472534567e+01
1.071224213597275465e+01
1.071240630469705302e+01
1.071263840530726874e+01
1.072184091145282459e+01
1.072165749536084967e+01
1.072141633716584330e+01
1.072055473441279716e+01
1.072003958427792725e+01
1.071948820380389833e+01
1.071844997814746847e+01
1.071797445494604872e+01
1.071738797633096674e+01
1.071677206056531872e+01
1.071571232314501287e+01
1.071513150552042326e+01
1.071454615910343833e+01
1.071400610061039771e+01
1.071342981177820164e+01
1.071299844430263093e+01
1.071264746289205760e+01
1.071240743689515185e+01
1.071231346445296673e+01
1.071221496321838629e+01
1.071210174340852639e+01
1.071246631119628034e+01
1.071265425608065058e+01
1.071282748238973959e+01
1.071338905264665264e+01
1.072181373869845800e+01
1.072160654644641120e+01
1.072124763964914962e+01
1.072087174988040736e+01
1.071993655425095149e+01
1.071944970906854699e+01
1.071898777224431143e+01
1.071852130662768232e+01
1.071765743947843674e+01
1.071715247912645275e+01
1.071657732249235728e+01
1.071600669465065536e+01
1.071516094267098751e+01
1.071468994826196308e+01
1.071420989626814801e+01
1.071372191888764647e+01
1.071343660496679462e+01
1.071317959599840819e+01
1.071283314338023196e+01
1.071268708982551132e+01
1.071294636319009186e+01
1.071294409879389420e+01
1.071296108176537487e+01
1.071305845080185470e+01
1.071377513219828082e+01
1.072196658544177161e+01
1.072146955047647765e+01
1.072114234522597975e+01
1.072075173688195449e+01
1.072034074897215739e+01
1.071950292237918134e+01
1.071904551434734110e+01
1.071860961807937151e+01
1.071782047600463805e+01
1.071734155620892359e+01
1.071680036551778414e+01
1.071618784634643262e+01
1.071538285349831732e+01
1.071488355413682747e+01
1.071440010554871769e+01
1.071391892135680379e+01
1.071370380371806874e+01
1.071338339165616027e+01
1.071316374522502812e+01
1.071361096347398068e+01
1.071345358793827174e+01
1.071339358143904619e+01
1.071339358143904619e+01
1.071387703002715597e+01
1.071401402599708774e+01
1.072184091145282459e+01
1.072161786842739595e+01
1.072101214244463918e+01
1.072060115453483853e+01
1.072031357621779080e+01
1.071998410657109346e+01
1.071956858986890104e+01
1.071877265460557282e+01
1.071836845988436870e+01
1.071794275339928859e+01
1.071701095436412743e+01
1.071644938410721259e+01
1.071599876926396533e+01
1.071552098166634792e+01
1.071493789964555887e+01
1.071458578603689027e+01
1.071430500090843374e+01
1.071402308358187838e+01
1.071427216716357300e+01
1.071413177459934474e+01
1.071396647367694754e+01
1.071383513869750637e+01
1.071413177459934474e+01
1.071425291979589645e+01
1.071438085818103936e+01
1.072175939318972482e+01
1.072152389598521083e+01
1.072123405327196721e+01
1.072058303936526258e+01
1.072031017962349608e+01
1.072000901492926417e+01
1.071960934900045181e+01
1.071891644376409936e+01
1.071851111684479463e+01
1.071808541035971452e+01
1.071712190977778967e+01
1.071662713920869514e+01
1.071615954139396720e+01
1.071573723150318358e+01
1.071527529467894801e+01
1.071498205537140436e+01
1.071470579903534315e+01
1.071450766436808522e+01
1.071468428727147071e+01
1.071442841050118133e+01
1.071419630989096561e+01
1.071428801793695307e+01
1.071439670895442120e+01
1.071454049811294595e+01
1.071499564174859032e+01
1.038400830043941170e+01
1.038399348002516476e+01
1.038415387395835943e+01
1.038445517298001519e+01
1.038462623761146908e+01
1.038466467806092375e+01
1.038467307012049190e+01
1.038469659752810870e+01
1.038471156614649971e+01
1.038472749809181650e+01
1.038473892833630430e+01
1.038475165536704026e+01
1.038476410451500698e+01
1.038478711320812664e+01
1.038479761717672467e+01
1.038480782473703812e+01
1.038481966254291855e+01
1.038484174496014667e+01
1.038485215630115732e+01
1.038486269732078959e+01
1.038487105232932173e+01
1.038489096726096683e+01
1.038490145270404774e+01
1.038491395742856938e+01
1.038493650298374327e+01
1.038438796240140150e+01
1.038429942895179003e+01
1.038447084556808164e+01
1.038451338015697267e+01
1.038457462551885158e+01
1.038461221379448673e+01
1.038466727163341652e+01
1.038468926142305726e+01
1.038470506368974888e+01
1.038472334837582700e+01
1.038473261113473178e+01
1.038474448599164646e+01
1.038475932493141229e+01
1.038478414912527725e+01
1.038479598693115769e+01
1.038480717634391404e+01
1.038481799524631555e+01
1.038484098541391809e+01
1.038485263796462021e+01
1.038486447577050065e+01
1.038487423871838544e+01
1.038489450563487004e+01
1.038490413890412967e+01
1.038491538389344093e+01
1.038493001905250956e+01
1.038466571548992157e+01
1.038470463760283913e+01
1.038462855330119439e+01
1.038458998317311455e+01
1.038465128411154659e+01
1.038465836085935123e+01
1.038466543760715410e+01
1.038467584894816298e+01
1.038470754610913538e+01
1.038471675329148702e+01
1.038472312606961268e+01
1.038474607918617920e+01
1.038475641642511604e+01
1.038476812455237130e+01
1.038478122209346388e+01
1.038480489770522475e+01
1.038481432719378894e+01
1.038482488673894011e+01
1.038483802133106693e+01
1.038486549467397957e+01
1.038487742510744916e+01
1.038488715100429793e+01
1.038489589504870558e+01
1.038492160846742429e+01
1.038493305723743099e+01
1.038484487577265725e+01
1.038477812833198932e+01
1.038471725348046704e+01
1.038467012456315963e+01
1.038469096577069450e+01
1.038468670490159873e+01
1.038468946520375269e+01
1.038471495631625885e+01
1.038471979147640667e+01
1.038472457106000135e+01
1.038472935064359604e+01
1.038475587918510001e+01
1.038476416009156011e+01
1.038477216311525453e+01
1.038478233362453196e+01
1.038480912152328450e+01
1.038481558692900109e+01
1.038482407161615662e+01
1.038483659486619715e+01
1.038486677293470883e+01
1.038487892567439097e+01
1.038488865157124152e+01
1.038490245308200954e+01
1.038491306820371385e+01
1.038493515062094374e+01
1.038501703340966209e+01
1.038482759146454093e+01
1.038477005120622465e+01
1.038477779487266872e+01
1.038474983986629496e+01
1.038472759071940565e+01
1.038474700546206897e+01
1.038473959525494550e+01
1.038473718693763104e+01
1.038473635328932865e+01
1.038475834307896939e+01
1.038476167767217362e+01
1.038477047729313441e+01
1.038479611660978286e+01
1.038480176689271417e+01
1.038480969581433655e+01
1.038481708749594290e+01
1.038483483494200499e+01
1.038484461641540868e+01
1.038485573172609300e+01
1.038486942208375474e+01
1.038489708068184392e+01
1.038490804778838772e+01
1.038492038578324994e+01
1.038493050071597246e+01
1.038506532943459071e+01
1.038496864475714254e+01
1.038487108938035774e+01
1.038482570186172360e+01
1.038479111471997385e+01
1.038477055139520466e+01
1.038478070337896497e+01
1.038477101453315043e+01
1.038476323381567035e+01
1.038478337105352978e+01
1.038478059222585870e+01
1.038478268560936968e+01
1.038478872492817651e+01
1.038481314156064883e+01
1.038481753210836978e+01
1.038482433097340696e+01
1.038482744326039864e+01
1.038484432000712232e+01
1.038485154495906926e+01
1.038486041868210030e+01
1.038487925913371157e+01
1.038489161565409091e+01
1.038490328673031016e+01
1.038493385383469736e+01
1.038494030071489505e+01
1.038509352527269769e+01
1.038505732641089807e+01
1.038499587726832374e+01
1.038493431697264135e+01
1.038489239372583839e+01
1.038485756575235719e+01
1.038483150034879898e+01
1.038481599449039194e+01
1.038482468295824468e+01
1.038481725422560409e+01
1.038480954761019426e+01
1.038482814723007586e+01
1.038482862889353875e+01
1.038483109278740635e+01
1.038483177823156645e+01
1.038485830677306865e+01
1.038485641717025310e+01
1.038485504628193468e+01
1.038485602813437936e+01
1.038487842548541096e+01
1.038488900355607925e+01
1.038490080431092366e+01
1.038491260506576985e+01
1.038494111583767854e+01
1.038494567311505890e+01
1.038512820504203660e+01
1.038508435514138206e+01
1.038503748558132322e+01
1.038498891167362714e+01
1.038495104551522452e+01
1.038491128975400457e+01
1.038487887009783783e+01
1.038485306405152997e+01
1.038486040015658141e+01
1.038484713588582942e+01
1.038483735441242573e+01
1.038485261943910132e+01
1.038485137822940807e+01
1.038485180431631782e+01
1.038485273059220937e+01
1.038487675818880795e+01
1.038487494268806266e+01
1.038487199713073039e+01
1.038488691017256649e+01
1.038488733625947624e+01
1.038489244930239153e+01
1.038493176045118460e+01
1.038493848521414975e+01
1.038494446895640166e+01
1.038494889655515863e+01
1.038517368518825990e+01
1.038514228443557208e+01
1.038509621147277961e+01
1.038506193926483157e+01
1.038502820429690132e+01
1.038499372830825784e+01
1.038497416536145046e+01
1.038494663644198468e+01
1.038492277557504728e+01
1.038490082283644256e+01
1.038490726971664024e+01
1.038489204174100067e+01
1.038488324212004166e+01
1.038490475024621773e+01
1.038490250865856268e+01
1.038490093398954883e+01
1.038490082283644256e+01
1.038491104892227312e+01
1.038490615818557217e+01
1.038490617671108929e+01
1.038491167878987831e+01
1.038494908181033693e+01
1.038495219409732861e+01
1.038495541753742657e+01
1.038495823341613367e+01
1.038518076193606277e+01
1.038515571543598348e+01
1.038511520012853495e+01
1.038508718954560628e+01
1.038505643718604254e+01
1.038502820429690132e+01
1.038500565874172743e+01
1.038498368747760381e+01
1.038496251281074834e+01
1.038494485799227540e+01
1.038494519145159600e+01
1.038492929655731523e+01
1.038491640279691985e+01
1.038493852226518399e+01
1.038493081564977594e+01
1.038492888899592437e+01
1.038494767387098250e+01
1.038493933738796926e+01
1.038493214948705834e+01
1.038494991545863755e+01
1.038495636233883523e+01
1.038496323530594267e+01
1.038496631054189834e+01
1.038498074192027332e+01
1.038498227953825115e+01
1.038519547119720343e+01
1.038517681600076870e+01
1.038515454832836227e+01
1.038513209540077753e+01
1.038510110220948235e+01
1.038507885306259304e+01
1.038505551091015278e+01
1.038503383605431551e+01
1.038501784853244558e+01
1.038500569579276167e+01
1.038499293171099147e+01
1.038497844475606513e+01
1.038497473965250251e+01
1.038496492112806280e+01
1.038495886328373885e+01
1.038497414683593334e+01
1.038496562509774002e+01
1.038495697368092330e+01
1.038494980430553127e+01
1.038496910789508831e+01
1.038497492490768082e+01
1.038498033435888068e+01
1.038498111243062816e+01
1.038499337632341835e+01
1.038499528445175280e+01
1.038520184397533086e+01
1.038518530068792600e+01
1.038516751619082967e+01
1.038514637857500844e+01
1.038512194341701722e+01
1.038510045381635827e+01
1.038508039068057087e+01
1.038505823416127072e+01
1.038504228369043680e+01
1.038502855628173904e+01
1.038501879333385425e+01
1.038502788936309784e+01
1.038499845231529939e+01
1.038498792982118246e+01
1.038500591809897600e+01
1.038500093473468588e+01
1.038499283908340232e+01
1.038497325761107781e+01
1.038498233511480429e+01
1.038498268709964201e+01
1.038498687386666752e+01
1.038500677027279551e+01
1.038500541790999598e+01
1.038500430637892613e+01
1.038500502887412047e+01
1.038521849841584022e+01
1.038520693849272725e+01
1.038518830182181141e+01
1.038517283301444039e+01
1.038515691959464249e+01
1.038513865343408149e+01
1.038511809010931231e+01
1.038509908292803985e+01
1.038508100202265894e+01
1.038506295816831226e+01
1.038506251355588361e+01
1.038504847121338415e+01
1.038503316913567431e+01
1.038501816346624729e+01
1.038502775968447267e+01
1.038501973813526114e+01
1.038501123492258671e+01
1.038500656649210008e+01
1.038500106441330928e+01
1.038500119409193445e+01
1.038500434342996215e+01
1.038501708898621523e+01
1.038501527348546993e+01
1.038501506970477450e+01
1.038501873775730111e+01
1.038522099936074561e+01
1.038521179217839396e+01
1.038519411883440391e+01
1.038518189199264974e+01
1.038516736798668738e+01
1.038515223263863696e+01
1.038512926099655154e+01
1.038511405154643086e+01
1.038509689691693971e+01
1.038509589653897791e+01
1.038508774531114121e+01
1.038506755249672864e+01
1.038505056459689690e+01
1.038505547385911676e+01
1.038505178728107303e+01
1.038504421034428837e+01
1.038504222811388367e+01
1.038503259484462227e+01
1.038502490675473133e+01
1.038503435476881442e+01
1.038503194645149819e+01
1.038502944550659457e+01
1.038502720391893952e+01
1.038504004210278175e+01
1.038504330259391573e+01
1.038522183300904622e+01
1.038521457100606504e+01
1.038520656798237241e+01
1.038519747195312704e+01
1.038517716798560819e+01
1.038516499672040716e+01
1.038515076912272939e+01
1.038513737517335223e+01
1.038511749729274314e+01
1.038510640050757594e+01
1.038509841600939865e+01
1.038509187650161181e+01
1.038507392527485429e+01
1.038506983113541970e+01
1.038506582962357250e+01
1.038505840089093013e+01
1.038505228747005305e+01
1.038504545155398162e+01
1.038503948633724683e+01
1.038504684096781716e+01
1.038504324701736259e+01
1.038504037556210235e+01
1.038503757820891238e+01
1.038505132414312726e+01
1.038505254682730339e+01
1.038522142544765536e+01
1.038521414491915529e+01
1.038520658650788953e+01
1.038519778688693052e+01
1.038517990976224326e+01
1.038516827573706003e+01
1.038515608594634010e+01
1.038514878689232290e+01
1.038513602281055270e+01
1.038511260655604218e+01
1.038510575211445186e+01
1.038510104663292744e+01
1.038508913472497674e+01
1.038508198387510184e+01
1.038507503680592414e+01
1.038506801563467441e+01
1.038506303227038252e+01
1.038505777102332495e+01
1.038506084625928061e+01
1.038505856762059132e+01
1.038505543680808074e+01
1.038505975325373143e+01
1.038505943831992795e+01
1.038506101298894180e+01
1.038506136497377952e+01
1.038522787232785305e+01
1.038522148102420850e+01
1.038520908745279314e+01
1.038520084359736906e+01
1.038519172904260657e+01
1.038518185494161372e+01
1.038516596004733294e+01
1.038515395551179310e+01
1.038514228443557208e+01
1.038512933509862357e+01
1.038511727498652881e+01
1.038510615967584449e+01
1.038509678576383166e+01
1.038509045003674025e+01
1.038507835287361125e+01
1.038507109087063007e+01
1.038506712640981888e+01
1.038506247650484937e+01
1.038506716346085490e+01
1.038506366213798771e+01
1.038506247650484937e+01
1.038506805268570865e+01
1.038506983113541970e+01
1.038507079446234549e+01
1.038507070183475633e+01
1.038522840956786908e+01
1.038522272223390175e+01
1.038521294076049806e+01
1.038520480805818025e+01
1.038519571202893488e+01
1.038518633811692382e+01
1.038518157705884626e+01
1.038516053207061418e+01
1.038514904624957325e+01
1.038514541524808266e+01
1.038513561524916007e+01
1.038512420353018939e+01
1.038511403302091196e+01
1.038510447385372260e+01
1.038509361790028684e+01
1.038508350296756255e+01
1.038508035362953486e+01
1.038507679673011630e+01
1.038507546289283390e+01
1.038507181336582441e+01
1.038507466629556752e+01
1.038507505533144126e+01
1.038507663000045511e+01
1.038508489238139809e+01
1.038508696723939373e+01
1.038523331883008893e+01
1.038522787232785305e+01
1.038522303716770345e+01
1.038521683111923899e+01
1.038520284435329266e+01
1.038519439671717137e+01
1.038518483754998023e+01
1.038517553774004121e+01
1.038515927233540381e+01
1.038515071354617625e+01
1.038514091354725366e+01
1.038513146553317235e+01
1.038511758992033229e+01
1.038510917933524702e+01
1.038509819370318610e+01
1.038509124663400662e+01
1.038508754153044578e+01
1.038508450334552435e+01
1.038508135400749666e+01
1.038508296572754652e+01
1.038508255816615389e+01
1.038508287309995737e+01
1.038508366969722374e+01
1.038509030183259796e+01
1.038509467385480178e+01
1.038523220729902086e+01
1.038522883565477883e+01
1.038522424132636246e+01
1.038521777592064588e+01
1.038520964321832807e+01
1.038520189955188400e+01
1.038518463376928480e+01
1.038517629728627156e+01
1.038516877592604004e+01
1.038516084700441766e+01
1.038514372942596076e+01
1.038513515211121607e+01
1.038512709351096852e+01
1.038512016496730794e+01
1.038511093925943918e+01
1.038510612262480848e+01
1.038509976837219995e+01
1.038509524814585383e+01
1.038509426629340915e+01
1.038509239521611072e+01
1.038509109842986433e+01
1.038509045003674025e+01
1.038509576686035274e+01
1.038509673018727852e+01
1.038509867536664899e+01
1.038523448593771015e+01
1.038523163300796881e+01
1.038522803905751246e+01
1.038521516382263599e+01
1.038520769803895760e+01
1.038520004700010269e+01
1.038518413358030479e+01
1.038517707535801904e+01
1.038517042469712592e+01
1.038516160655064802e+01
1.038514739747848736e+01
1.038513843112786716e+01
1.038513079861453114e+01
1.038512299937153216e+01
1.038511766402240255e+01
1.038511118009117062e+01
1.038510564096134559e+01
1.038510132451569490e+01
1.038510065759705370e+01
1.038509930523425417e+01
1.038509798992248889e+01
1.038510223226606755e+01
1.038510204701088924e+01
1.038510304738885104e+01
1.038510975362629907e+01
1.038523330030457004e+01
1.038523015096654234e+01
1.038522431542843272e+01
1.038521951731932091e+01
1.038520654945685351e+01
1.038519938008146148e+01
1.038519237743572887e+01
1.038518565267276372e+01
1.038517475966829195e+01
1.038516775702256112e+01
1.038515995777956213e+01
1.038515112110756711e+01
1.038513961676100728e+01
1.038513259558975754e+01
1.038512681562820106e+01
1.038512001676316565e+01
1.038511584852165726e+01
1.038511284738777363e+01
1.038510919786076414e+01
1.038510680806896680e+01
1.038511060580011858e+01
1.038510943869249559e+01
1.038510853094212294e+01
1.038510836421246353e+01
1.038511540390923038e+01
1.038523528253497652e+01
1.038522607535262487e+01
1.038522203678974343e+01
1.038521714605304069e+01
1.038521151429562650e+01
1.038520028783183413e+01
1.038519389652818958e+01
1.038518730144384961e+01
1.038517729766423336e+01
1.038517109161576712e+01
1.038516281070930525e+01
1.038515378878213191e+01
1.038514243263971437e+01
1.038513546704501778e+01
1.038512874228205440e+01
1.038512331430533564e+01
1.038512196194253612e+01
1.038511953509970276e+01
1.038511614492994362e+01
1.038512266591221156e+01
1.038511784927758086e+01
1.038511634871063904e+01
1.038511495929680351e+01
1.038511944247211360e+01
1.038511983150798734e+01
1.038523254075834146e+01
1.038522815021062051e+01
1.038521957289587405e+01
1.038521329274533578e+01
1.038521005077972070e+01
1.038520625304856893e+01
1.038520121410772390e+01
1.038519137705776707e+01
1.038518530068792600e+01
1.038517948367533350e+01
1.038516521902662149e+01
1.038515860541676261e+01
1.038515191770483348e+01
1.038514511883979807e+01
1.038513800504095919e+01
1.038513542999398354e+01
1.038513261411527644e+01
1.038512989086415850e+01
1.038513316988080959e+01
1.038512957593035502e+01
1.038512572262265010e+01
1.038512301789705106e+01
1.038512514833159806e+01
1.038512518538263407e+01
1.038512585230127527e+01
1.038523085493621956e+01
1.038522622355676717e+01
1.038522214794284970e+01
1.038521334832189069e+01
1.038521047686662868e+01
1.038520704964583530e+01
1.038520245531741715e+01
1.038519385947715357e+01
1.038518800541352682e+01
1.038518107686986625e+01
1.038516868329845089e+01
1.038516205116307489e+01
1.038515534492562864e+01
1.038514836080541315e+01
1.038514576723292038e+01
1.038514328481353388e+01
1.038514056156241594e+01
1.038513776420922596e+01
1.038513713434162078e+01
1.038513270674286559e+01
1.038512874228205440e+01
1.038513129880351116e+01
1.038513074303797623e+01
1.038512996496622875e+01
1.038513402205462910e+01
1.040857902873475460e+01
1.040901250247437204e+01
1.042532195192752908e+01
1.044727476972564517e+01
1.045931515962194958e+01
1.046045959597238273e+01
1.045820684608315077e+01
1.045886198253053223e+01
1.045880287247512896e+01
1.045769455893633193e+01
1.045788830856237084e+01
1.045815922964963285e+01
1.045876182382554020e+01
1.045960250016904602e+01
1.046012792288373383e+01
1.046057781608318749e+01
1.046119354582696559e+01
1.046191436011367948e+01
1.046252844791147218e+01
1.046321642327851720e+01
1.046377632685886105e+01
1.046463670655416500e+01
1.046538215003062788e+01
1.046624252972593183e+01
1.046753802510683862e+01
1.043756594312577590e+01
1.043131341282097324e+01
1.044436688338903707e+01
1.044824680174781939e+01
1.045357491646396575e+01
1.045578169186566519e+01
1.045652385145016439e+01
1.045721839460114388e+01
1.045763873277289235e+01
1.045692120237814571e+01
1.045708703892247016e+01
1.045728407244047631e+01
1.045795070250974135e+01
1.045887183420643041e+01
1.045952861259979194e+01
1.046010986147791577e+01
1.046071902343775939e+01
1.046150223167184379e+01
1.046229693352781176e+01
1.046306043841009448e+01
1.046370243928960697e+01
1.046457267066080910e+01
1.046522944905417241e+01
1.046602250896415676e+01
1.046679750746832482e+01
1.045434006329223564e+01
1.045693269600002928e+01
1.045288037331298625e+01
1.045157338431019944e+01
1.045510356817451658e+01
1.045546972212881620e+01
1.045592946700417158e+01
1.045604440322300910e+01
1.045652220950417899e+01
1.045648608669254287e+01
1.045641876690722327e+01
1.045698688021748168e+01
1.045741214422718457e+01
1.045776352066763160e+01
1.045826759808453943e+01
1.045926590124244804e+01
1.045966817800838200e+01
1.046011150342390117e+01
1.046095710560535608e+01
1.046242664726050009e+01
1.046321642327851720e+01
1.046382886913032806e+01
1.046432145292534877e+01
1.046585338852786684e+01
1.046672690379103621e+01
1.046844437928967686e+01
1.046284534348627027e+01
1.045830372089617200e+01
1.045577348213574886e+01
1.045690970875626213e+01
1.045692777016208019e+01
1.045673402053603951e+01
1.045723973989892563e+01
1.045689328929642947e+01
1.045668147826456718e+01
1.045645324777287755e+01
1.045748603179643688e+01
1.045782263072303486e+01
1.045798025753744298e+01
1.045818057494741637e+01
1.045942681194881985e+01
1.045953353843774103e+01
1.045983729844467369e+01
1.046054661910950401e+01
1.046228215601396094e+01
1.046315567127713386e+01
1.046374841377714127e+01
1.046444295692812076e+01
1.046520810375638710e+01
1.046670720043923630e+01
1.048149128207380976e+01
1.046762340629797627e+01
1.046280265289069966e+01
1.046327881722588771e+01
1.046039884397099762e+01
1.045900154793911874e+01
1.045907707745435644e+01
1.045861404868703382e+01
1.045799175115932655e+01
1.045770276866624826e+01
1.045782098877705302e+01
1.045775531093771527e+01
1.045817236521750004e+01
1.045917723615934491e+01
1.045929053043220058e+01
1.045971743638788354e+01
1.045996537023137662e+01
1.046023136548068955e+01
1.046070424592390857e+01
1.046133311123555210e+01
1.046223125568847756e+01
1.046394380534916557e+01
1.046473686525915170e+01
1.046563829360404085e+01
1.046630656561928596e+01
1.048350266590347779e+01
1.047781496501696807e+01
1.047070205501685791e+01
1.046680571719824115e+01
1.046388633723974948e+01
1.046120503944884916e+01
1.046119026193499835e+01
1.045977983033525405e+01
1.045908036134632368e+01
1.045927903681031346e+01
1.045892601842388281e+01
1.045872570101390941e+01
1.045906722577845471e+01
1.045998671552916193e+01
1.046018539099315525e+01
1.046058274192113657e+01
1.046059751943498739e+01
1.046074036873554469e+01
1.046099322841698687e+01
1.046143491188652419e+01
1.046249889288377055e+01
1.046342002458045961e+01
1.046423114589626380e+01
1.046634104648493668e+01
1.046663495481596762e+01
1.048375716753090714e+01
1.048074091275939423e+01
1.047745702079258479e+01
1.047370681616649080e+01
1.047045904701131569e+01
1.046764803548772704e+01
1.046553485100708691e+01
1.046343480209431043e+01
1.046284041764831763e+01
1.046169433935190263e+01
1.046096038949732332e+01
1.046151536723971276e+01
1.046134132096547198e+01
1.046117712636712938e+01
1.046104577068845920e+01
1.046248739926188698e+01
1.046213273892947271e+01
1.046164672291838293e+01
1.046145625718430949e+01
1.046238395666493304e+01
1.046309820316771244e+01
1.046399798956661975e+01
1.046490270180347615e+01
1.046673839741292333e+01
1.046681885276610657e+01
1.048385240039794475e+01
1.048162756359043257e+01
1.047886581044634546e+01
1.047630601665821715e+01
1.047296958241993892e+01
1.047067906777309076e+01
1.046819316155421653e+01
1.046618670356249581e+01
1.046515391953893648e+01
1.046396515064695087e+01
1.046273369115940000e+01
1.046322955884638617e+01
1.046273861699734908e+01
1.046260561937269173e+01
1.046235932747518049e+01
1.046393395367326562e+01
1.046329031084777128e+01
1.046274354283529817e+01
1.046339375344472522e+01
1.046312283235746499e+01
1.046341674068849237e+01
1.046639194681042362e+01
1.046679914941430667e+01
1.046701424433813266e+01
1.046713739028689005e+01
1.048576690941459333e+01
1.048413809899905580e+01
1.048103646303640701e+01
1.047924181607654504e+01
1.047703996651280001e+01
1.047502037295321209e+01
1.047260014457367383e+01
1.047088923685896766e+01
1.046898129562625179e+01
1.046761027073011086e+01
1.046704379936583429e+01
1.046594041166498812e+01
1.046504883499599714e+01
1.046615550658881233e+01
1.046590593079933385e+01
1.046577129122869643e+01
1.046549544430348355e+01
1.046537394030071155e+01
1.046462685487826327e+01
1.046451684449737485e+01
1.046479925920652221e+01
1.046768744219132685e+01
1.046771535527304664e+01
1.046773505862484654e+01
1.046767759051542868e+01
1.048586871006556542e+01
1.048434991003091810e+01
1.048182295516245865e+01
1.048001845652669495e+01
1.047819753843109858e+01
1.047617630292552882e+01
1.047413043823020651e+01
1.047237027213599880e+01
1.047096148248223813e+01
1.046957568007224459e+01
1.046928998147112999e+01
1.046797314079244146e+01
1.046716366142262444e+01
1.046831959139494117e+01
1.046776625559853358e+01
1.046754295094478771e+01
1.046848706988524746e+01
1.046755444456667128e+01
1.046658569643646430e+01
1.046751175397110423e+01
1.046800762165809218e+01
1.046868081951128637e+01
1.046876620070242403e+01
1.046933595595866784e+01
1.046922266168581217e+01
1.048622172845199607e+01
1.048501161426222872e+01
1.048380806785639230e+01
1.048228598392977773e+01
1.048017279944913582e+01
1.047851279205991482e+01
1.047701533732304746e+01
1.047528472625654139e+01
1.047362964470526947e+01
1.047254760230220505e+01
1.047206487018308430e+01
1.047106164118722482e+01
1.047063801912350556e+01
1.046978749110410334e+01
1.046956090255839378e+01
1.047039665306394696e+01
1.046966434515534949e+01
1.046855767356253253e+01
1.046777446532844991e+01
1.046886143356946164e+01
1.046942462104177096e+01
1.046978092332016885e+01
1.046975301023845262e+01
1.047002721521768009e+01
1.047016185478831751e+01
1.048641547807804031e+01
1.048541389102816268e+01
1.048418571543257549e+01
1.048298381097272447e+01
1.048113005395745922e+01
1.047980828744081805e+01
1.047824679681060367e+01
1.047675919374963804e+01
1.047489230116650916e+01
1.047403192147120343e+01
1.047338006891579099e+01
1.047408117985070497e+01
1.047191709504457791e+01
1.047125703275925090e+01
1.047246222111106917e+01
1.047212069634651854e+01
1.047161005114568155e+01
1.046970046796698206e+01
1.047000586991989479e+01
1.046993362429662433e+01
1.047028500073707669e+01
1.047150332465675859e+01
1.047126688443514908e+01
1.047090073048084946e+01
1.047085311404733154e+01
1.048755334664453898e+01
1.048677834814037091e+01
1.048540568129824457e+01
1.048442708149213765e+01
1.048326294178990103e+01
1.048218254133282201e+01
1.048049790475385024e+01
1.047914494126352558e+01
1.047754896976765693e+01
1.047633064584796969e+01
1.047619600627733227e+01
1.047552937620806723e+01
1.047435702677591784e+01
1.047326184880498623e+01
1.047385459130499541e+01
1.047342440145734166e+01
1.047264283516924444e+01
1.047196635342408122e+01
1.047133256227448683e+01
1.047138017870800475e+01
1.047156243471216186e+01
1.047222906478142512e+01
1.047181036855565495e+01
1.047164124811936681e+01
1.047181693633958943e+01
1.048773396070271424e+01
1.048703120782181486e+01
1.048575869968467700e+01
1.048486219717773693e+01
1.048397883023866584e+01
1.048293291064723753e+01
1.048123349655441494e+01
1.047984441025245417e+01
1.047862937022473417e+01
1.047837486859730660e+01
1.047773450966377951e+01
1.047662291223301523e+01
1.047559997988535407e+01
1.047555728928978702e+01
1.047532741685210844e+01
1.047510082830639888e+01
1.047457212169974383e+01
1.047384802352106270e+01
1.047305988944902921e+01
1.047388086244072980e+01
1.047352127627036644e+01
1.047324871323712081e+01
1.047282344922741792e+01
1.047359187994765151e+01
1.047379548124959392e+01
1.048762559226780766e+01
1.048707061452541645e+01
1.048650742705311067e+01
1.048583094530794924e+01
1.048448783349352276e+01
1.048364058936608600e+01
1.048272438350734781e+01
1.048154875018322763e+01
1.047987724917212304e+01
1.047895283358346674e+01
1.047854891487154738e+01
1.047818111897126592e+01
1.047696772088952955e+01
1.047647349514852699e+01
1.047649812433827599e+01
1.047587911070253419e+01
1.047530771350030854e+01
1.047459839283547822e+01
1.047418954828560800e+01
1.047461809618727635e+01
1.047431433618034724e+01
1.047392683692826409e+01
1.047358531216371702e+01
1.047444076602107010e+01
1.047450808580639148e+01
1.048753528523872092e+01
1.048702792392985117e+01
1.048646966229548916e+01
1.048587691979548175e+01
1.048461262138826200e+01
1.048388031347966454e+01
1.048291320729543763e+01
1.048221866414445813e+01
1.048132872942145255e+01
1.047956527943527760e+01
1.047902836309870267e+01
1.047896925304329940e+01
1.047823694513470194e+01
1.047747179830643560e+01
1.047739462684521605e+01
1.047657365385351369e+01
1.047622227741306489e+01
1.047568207718452271e+01
1.047586597513466522e+01
1.047552773426208539e+01
1.047526666485072333e+01
1.047517307392967112e+01
1.047512545749615143e+01
1.047513695111803500e+01
1.047515008668590042e+01
1.048802786903374162e+01
1.048760753086198960e+01
1.048678163203233815e+01
1.048618396369437811e+01
1.048552554335503473e+01
1.048483756798798794e+01
1.048360446655445166e+01
1.048276379021094584e+01
1.048181638737852417e+01
1.048095272379125298e+01
1.048021384809872103e+01
1.047953900829953966e+01
1.047882476179676026e+01
1.047846845951836237e+01
1.047764420263469454e+01
1.047703832456681816e+01
1.047651618574409405e+01
1.047612047676209279e+01
1.047623377103494846e+01
1.047595628216375374e+01
1.047567058356263914e+01
1.047578387783549658e+01
1.047579865534934562e+01
1.047582821037704726e+01
1.047569521275239168e+01
1.048822982838970042e+01
1.048783083551573370e+01
1.048718062490630665e+01
1.048655996932457946e+01
1.048593110401293593e+01
1.048521521556417113e+01
1.048483756798798794e+01
1.048325309011400286e+01
1.048243868490623321e+01
1.048231061311952850e+01
1.048153068877741312e+01
1.048093302043945307e+01
1.048025982258625710e+01
1.047971141262779859e+01
1.047887073628429810e+01
1.047809409583414464e+01
1.047755882144355510e+01
1.047723535808482609e+01
1.047691682056404616e+01
1.047664754142276777e+01
1.047661962834104799e+01
1.047647185320254160e+01
1.047640617536320384e+01
1.047687741386044280e+01
1.047692338834797710e+01
1.048881436115979326e+01
1.048840715855590844e+01
1.048796383314038927e+01
1.048745318793955228e+01
1.048634159050878623e+01
1.048564868930378857e+01
1.048501489815419596e+01
1.048435483586886718e+01
1.048320875757245041e+01
1.048253884361121990e+01
1.048193460748932893e+01
1.048133365525940164e+01
1.048050939837573381e+01
1.047987889111810489e+01
1.047920897715687616e+01
1.047851935984384575e+01
1.047811708307791534e+01
1.047771152242001236e+01
1.047743074965685040e+01
1.047742418187291591e+01
1.047729775203219482e+01
1.047711713797401956e+01
1.047707280543246888e+01
1.047746687246848651e+01
1.047755717949757326e+01
1.048881764505175873e+01
1.048847776223319528e+01
1.048805414016947601e+01
1.048752707550880459e+01
1.048691462965699372e+01
1.048623322207387965e+01
1.048494429447691090e+01
1.048444842678991940e+01
1.048390658461539893e+01
1.048330891627743888e+01
1.048239106847271351e+01
1.048172608034943387e+01
1.048118095428294616e+01
1.048061448291867315e+01
1.048004472766242934e+01
1.047967364787018063e+01
1.047918434796712539e+01
1.047863429606268681e+01
1.047847010146434421e+01
1.047817126729536419e+01
1.047806125691447576e+01
1.047790691399203844e+01
1.047806946664439565e+01
1.047797423377735804e+01
1.047800050491309243e+01
1.048902945608361748e+01
1.048871256050882295e+01
1.048839402298803947e+01
1.048736616480242922e+01
1.048681611289798887e+01
1.048623322207387965e+01
1.048518073469852041e+01
1.048463889252399639e+01
1.048410526007938692e+01
1.048358640514863360e+01
1.048270632210152975e+01
1.048208895041176980e+01
1.048148143039790803e+01
1.048096093352116931e+01
1.048059642151285509e+01
1.048017279944913582e+01
1.047960632808486281e+01
1.047916957045327457e+01
1.047896596915133216e+01
1.047873445476767529e+01
1.047858503768318350e+01
1.047881983595881117e+01
1.047851279205991482e+01
1.047844711422057884e+01
1.047888551379814892e+01
1.048884884202544221e+01
1.048852045282876411e+01
1.048792771032875493e+01
1.048761738253789133e+01
1.048682268068192336e+01
1.048633830661681898e+01
1.048578989665836048e+01
1.048529238702539068e+01
1.048453052408909159e+01
1.048404122418603635e+01
1.048352893703921218e+01
1.048305769854197678e+01
1.048235166176911370e+01
1.048180489375664060e+01
1.048130738412366725e+01
1.048093302043945307e+01
1.048036162323722742e+01
1.048016294777323409e+01
1.047985261998237050e+01
1.047952751467765609e+01
1.047959976030092832e+01
1.047932391337571545e+01
1.047911702818180579e+01
1.047894790774551410e+01
1.047934033283554989e+01
1.048897034602821421e+01
1.048800816568194172e+01
1.048772082513484527e+01
1.048747289129135218e+01
1.048719047658220660e+01
1.048639084888828776e+01
1.048588677147138348e+01
1.048539090378439376e+01
1.048472427371513227e+01
1.048424154159600974e+01
1.048382941315417760e+01
1.048340086525250925e+01
1.048279170329266563e+01
1.048214313462922043e+01
1.048168174780788320e+01
1.048120722541868055e+01
1.048100362411673814e+01
1.048072941913751066e+01
1.048047163361811585e+01
1.048076554194914323e+01
1.048011533133971440e+01
1.047974260960148563e+01
1.047953079856962333e+01
1.047979022603499999e+01
1.047975574516935104e+01
1.048848268807114437e+01
1.048810504049496117e+01
1.048754513691462265e+01
1.048740064566807995e+01
1.048723316717777365e+01
1.048692776522485914e+01
1.048648279786335813e+01
1.048587856174146360e+01
1.048547792692151504e+01
1.048504281123591220e+01
1.048455351133285873e+01
1.048419392516249182e+01
1.048374895780099081e+01
1.048309874719156198e+01
1.048249122717770376e+01
1.048218089938684017e+01
1.048191162024556178e+01
1.048161935386051624e+01
1.048157173742699655e+01
1.048123842239236403e+01
1.048085913287019899e+01
1.048043058496853064e+01
1.048031729069567497e+01
1.048023355145051916e+01
1.048012518301561613e+01
1.048828401260715459e+01
1.048796711703235651e+01
1.048769291205312904e+01
1.048747124934537034e+01
1.048727585777334426e+01
1.048699015917222965e+01
1.048662728910989728e+01
1.048618067980241086e+01
1.048579810638828036e+01
1.048538597794644467e+01
1.048486876496167142e+01
1.048450425295335542e+01
1.048396241077883317e+01
1.048337623606275670e+01
1.048300351432452437e+01
1.048277692577881481e+01
1.048245346242008225e+01
1.048219239300872374e+01
1.048178026456688805e+01
1.048139112336882306e+01
1.048102168552255620e+01
1.048111527644361018e+01
1.048087555233003165e+01
1.048065388962227296e+01
1.048113662174139371e+01
