2.531695217900745831e+01
2.537729294367686350e+01
2.542827794440891154e+01
2.554616307468371872e+01
2.576295589768337635e+01
2.586014828482866079e+01
2.593919606767965647e+01
2.600581176211714052e+01
2.606464865768252537e+01
2.615917130649735256e+01
2.619789886398204359e+01
2.623297986413893312e+01
2.626496779880058341e+01
2.632229566669211351e+01
2.634750400772546186e+01
2.637104759067485205e+01
2.639328978649718849e+01
2.643768826686562079e+01
2.645640005429102359e+01
2.647401939288958062e+01
2.649057457368579804e+01
2.652617934712198533e+01
2.654005323958233120e+01
2.655357154760628191e+01
2.658587808073192704e+01
2.532856995959533464e+01
2.539112952572645554e+01
2.557895548668886931e+01
2.562123330819778744e+01
2.569898787976825361e+01
2.578320857262903232e+01
2.595771981063486322e+01
2.601520996259124985e+01
2.606824732790921928e+01
2.616690358090943036e+01
2.620269743701854992e+01
2.623583375367933357e+01
2.626659349450667236e+01
2.632700196946063542e+01
2.635150926409785654e+01
2.637475695926806196e+01
2.639696216911799809e+01
2.644321072675840156e+01
2.646199168444095307e+01
2.647973859220045156e+01
2.649624406904077745e+01
2.653319188748872648e+01
2.654707499399833637e+01
2.656044587723406281e+01
2.658174240014107426e+01
2.550893468194691138e+01
2.570411024228242525e+01
2.570839860356284490e+01
2.574334379382459659e+01
2.589420490332545910e+01
2.592926695628245426e+01
2.596555804661348077e+01
2.600360765771287674e+01
2.612476851227643948e+01
2.615548374016155719e+01
2.618649109234095107e+01
2.626500751005515966e+01
2.628887994372054138e+01
2.631284088416899891e+01
2.633645623288238014e+01
2.639218137530331276e+01
2.641198963459114779e+01
2.643122921833143835e+01
2.645011464516409916e+01
2.649400648259834412e+01
2.651048327908814528e+01
2.652623852467782228e+01
2.654112336705039255e+01
2.657785575843103842e+01
2.659082913979498741e+01
2.587355044392174719e+01
2.585744532401071538e+01
2.585050344631755692e+01
2.585336680945790278e+01
2.599685752308715436e+01
2.601751295580592682e+01
2.604218233984498809e+01
2.615302371878336629e+01
2.617308984167525665e+01
2.619463488436171872e+01
2.621736581412108080e+01
2.629158485116861499e+01
2.631099158554907902e+01
2.633098529380027486e+01
2.635146163654743390e+01
2.640667844895473593e+01
2.642439589771165487e+01
2.644205546666615447e+01
2.645959447432817058e+01
2.650366280622719373e+01
2.651956093446813867e+01
2.653505792712773470e+01
2.655945179811626389e+01
2.657354384292608884e+01
2.660002644804006877e+01
2.622694505119692820e+01
2.600178496303801623e+01
2.598417847219829113e+01
2.609545784291507076e+01
2.609197026038091138e+01
2.609465219759349353e+01
2.619114146193718184e+01
2.620003327902778523e+01
2.621154798555047805e+01
2.622483983560307763e+01
2.629728860721381878e+01
2.630962167704158006e+01
2.632334671718493624e+01
2.638225317233349898e+01
2.639595498269068585e+01
2.641019562026681200e+01
2.642480637711760494e+01
2.647177895138962711e+01
2.648562027023919185e+01
2.650005557082794283e+01
2.651498323906328736e+01
2.655608815103347808e+01
2.656992350021732108e+01
2.658363102068954475e+01
2.659677920943882867e+01
2.643832559356895118e+01
2.626501373927156280e+01
2.623866817691846975e+01
2.620382622294108188e+01
2.619052230378169810e+01
2.618577888526543518e+01
2.626221150031717855e+01
2.626413853436680768e+01
2.626945724697304385e+01
2.633372433216322506e+01
2.634021919869173090e+01
2.634867471108337611e+01
2.635868350454041575e+01
2.641243761907086451e+01
2.642306920439295581e+01
2.643460727047716219e+01
2.644635154957940770e+01
2.649101321434091005e+01
2.650244278823941357e+01
2.651490096149661824e+01
2.654361570248867963e+01
2.655597394873273842e+01
2.656873787269510601e+01
2.660697423051127686e+01
2.661893912769449599e+01
2.658051498495881404e+01
2.656493805068869918e+01
2.646144922351244588e+01
2.637311997310724010e+01
2.638474940103203892e+01
2.635498127359100451e+01
2.633821468876307748e+01
2.632961201113388938e+01
2.638118823587910811e+01
2.637948194968579330e+01
2.638027928938549849e+01
2.642700191634931173e+01
2.643098524068895117e+01
2.643669470684919176e+01
2.644359888480557430e+01
2.648807367307495397e+01
2.649560959739496724e+01
2.650368460848460828e+01
2.651225030014139961e+01
2.655108414363098390e+01
2.656090800722602907e+01
2.657169636116095290e+01
2.658311814853895427e+01
2.662062854309338178e+01
2.663158378811779414e+01
2.673885128391975030e+01
2.665670336281738528e+01
2.657390954983913645e+01
2.649928172046509545e+01
2.649112378293207826e+01
2.644707076452338157e+01
2.641677990200578208e+01
2.639766152843468205e+01
2.643749568025846486e+01
2.642973407661915175e+01
2.642616875865528669e+01
2.646609829535525549e+01
2.646713455145911809e+01
2.647046523560510423e+01
2.647534452890417711e+01
2.651160038522992224e+01
2.652201498618060782e+01
2.652824290483113501e+01
2.655895917091898895e+01
2.656469394327086775e+01
2.657169026171989046e+01
2.660840863736362749e+01
2.661704233129949415e+01
2.662623561650898196e+01
2.663578604345896395e+01
2.683959198845913008e+01
2.678733418361904484e+01
2.672443363277747963e+01
2.667328255205182685e+01
2.662435024034405728e+01
2.658108950039673601e+01
2.658458655653084080e+01
2.655398137813552495e+01
2.652411111750053507e+01
2.650062229974535910e+01
2.652789692377003306e+01
2.651532325045867111e+01
2.650784364863697462e+01
2.654337003776674919e+01
2.654260111886688733e+01
2.654381166325471852e+01
2.654633164084079766e+01
2.658218441495506923e+01
2.658490917803042919e+01
2.658857623986222762e+01
2.659382124007434811e+01
2.662922408307877475e+01
2.663620975994977513e+01
2.664389791074566105e+01
2.665213085842620799e+01
2.686435169613605467e+01
2.682352696912870016e+01
2.677326433039266007e+01
2.673157166589968980e+01
2.669031764206183155e+01
2.665060028804562009e+01
2.664601298926548267e+01
2.662007660856492564e+01
2.659536232225761410e+01
2.656988080412988751e+01
2.658557804014180093e+01
2.656822993200750105e+01
2.655535972204024020e+01
2.659190251164659102e+01
2.658166193942918909e+01
2.657976397505611388e+01
2.661282644954744114e+01
2.661230864593386514e+01
2.661226594984642801e+01
2.663971239642357602e+01
2.664249257356986078e+01
2.664643346137274804e+01
2.665123086643117745e+01
2.668151900366660101e+01
2.668717046024908157e+01
2.690268343882841151e+01
2.687502169495930104e+01
2.684337896270670498e+01
2.680987616048082245e+01
2.677884895267413867e+01
2.674973580138291140e+01
2.672103170196887589e+01
2.669396147410745712e+01
2.668955261642222254e+01
2.667076724637805185e+01
2.665319371847512997e+01
2.663569507094440070e+01
2.664134497022277870e+01
2.662918177631736683e+01
2.662110014668529701e+01
2.664241133420592789e+01
2.663987604312952229e+01
2.663864162007880765e+01
2.663816417659651137e+01
2.666047839773352024e+01
2.666343234406240725e+01
2.666716234693495124e+01
2.667163855802255412e+01
2.669883959942845308e+01
2.670393886193179256e+01
2.691646532057145436e+01
2.689451836365159920e+01
2.686821757379140863e+01
2.683930816978672595e+01
2.681062120071780086e+01
2.678472738632933670e+01
2.675963895771176482e+01
2.673481566011738764e+01
2.672507952465336345e+01
2.670599164828757566e+01
2.668889725094638976e+01
2.670588146902242954e+01
2.667680205932005677e+01
2.666370629980883677e+01
2.668536217063715199e+01
2.667617783992624325e+01
2.666951439522880918e+01
2.666159537409995295e+01
2.667993872933012511e+01
2.667836494376073730e+01
2.667925040091748912e+01
2.670303173229296689e+01
2.670647752716708112e+01
2.671049031050930012e+01
2.671496743002429142e+01
2.694101492197008696e+01
2.692652836012134543e+01
2.690250759324034036e+01
2.688324452016319199e+01
2.686215667600571422e+01
2.683860958912209327e+01
2.681883520119845343e+01
2.679797900602599725e+01
2.677671103369416983e+01
2.675620964430605042e+01
2.675088444293272971e+01
2.673631378666253511e+01
2.672179711693451054e+01
2.670774673000938648e+01
2.671444106123815843e+01
2.670528281537094273e+01
2.669694293280879549e+01
2.670716845108655235e+01
2.670072964750568545e+01
2.669791248438700038e+01
2.669801124342207288e+01
2.671980091262772916e+01
2.672259653303968108e+01
2.672612694143661827e+01
2.673020980346337794e+01
2.694440582187464273e+01
2.693248504830761547e+01
2.691165948011581222e+01
2.689590929576446143e+01
2.687870186410061635e+01
2.685972922823830089e+01
2.683888484262194041e+01
2.682078248020139455e+01
2.680221980464366283e+01
2.680355116987466602e+01
2.679025322038100398e+01
2.676314068575817373e+01
2.674861584018361782e+01
2.675817483230615323e+01
2.674787975444521848e+01
2.673864481135102977e+01
2.674403191556236337e+01
2.673718354100293482e+01
2.672969576333471053e+01
2.673748942148343843e+01
2.673496892479599296e+01
2.673445319758788230e+01
2.673530517270646456e+01
2.675335899914919580e+01
2.675688707158997914e+01
2.694652219814788197e+01
2.693756640181379325e+01
2.692830122106497726e+01
2.691769948407148760e+01
2.689658607417168312e+01
2.688229404556022217e+01
2.686720480702440028e+01
2.685155532833825021e+01
2.683115269798520330e+01
2.681709426498889215e+01
2.680585273556058112e+01
2.679514224683070722e+01
2.678403607308383982e+01
2.677419832352722651e+01
2.676597601742470189e+01
2.675816380140210526e+01
2.675935617724209337e+01
2.675403785396188638e+01
2.674829892879906623e+01
2.675407107644937099e+01
2.675138407799846263e+01
2.675003804815384356e+01
2.674993254080100158e+01
2.676503981810932586e+01
2.676795794644389304e+01
2.694664717180198465e+01
2.693841850670771620e+01
2.693027108097738065e+01
2.692143727346453730e+01
2.690127031513210909e+01
2.688834235513776960e+01
2.687465845377774798e+01
2.686696147825862369e+01
2.685373633273168181e+01
2.682703907920245001e+01
2.681635493486695054e+01
2.681448980365533430e+01
2.680310422359768197e+01
2.679193433015801773e+01
2.678240830097228553e+01
2.677590993050955248e+01
2.677084986015942292e+01
2.676675856273545051e+01
2.676765440191953971e+01
2.676658907613912675e+01
2.676616977200993475e+01
2.677521680040927166e+01
2.677489482778639385e+01
2.677513582059602015e+01
2.677635194532354745e+01
2.695387371170727064e+01
2.694648028071249612e+01
2.693315624637514105e+01
2.692578474741312533e+01
2.691583772701875787e+01
2.690461540434102616e+01
2.688422665994954741e+01
2.687237843079856248e+01
2.685998410700949535e+01
2.684724458081137755e+01
2.683230756875142475e+01
2.682175449751109397e+01
2.681027392190328129e+01
2.679958017419249217e+01
2.678907343274916286e+01
2.678234769588768671e+01
2.677671959886672326e+01
2.677260234637439851e+01
2.677460400124553530e+01
2.677369388677384876e+01
2.677370271149708714e+01
2.678354409476327191e+01
2.678509387189443558e+01
2.678620215331297061e+01
2.678723308862782204e+01
2.695302368321881659e+01
2.694620424856059770e+01
2.693424609969514805e+01
2.692680348384585187e+01
2.691753830309703588e+01
2.690714602350512763e+01
2.689894746629014577e+01
2.687706137400556727e+01
2.686556859951563325e+01
2.685975336645186573e+01
2.684903496142614543e+01
2.683890924038619019e+01
2.682427564307524648e+01
2.681421935184312844e+01
2.680452578269120067e+01
2.679614722707720986e+01
2.679124885680289836e+01
2.678722335547719169e+01
2.678419816248568353e+01
2.678217094187222713e+01
2.678849736000714188e+01
2.678941422279659790e+01
2.679139498383770857e+01
2.680440768713020816e+01
2.680680632477175251e+01
2.695863439034398468e+01
2.694637736886648938e+01
2.694104814445757512e+01
2.693521474284596096e+01
2.692036506959100706e+01
2.691138435639130222e+01
2.690181757774826110e+01
2.689180346350221384e+01
2.687530979621798366e+01
2.686492712000136862e+01
2.685461828595420641e+01
2.684465673072156378e+01
2.683039714594554326e+01
2.682052656322746742e+01
2.681136195836850433e+01
2.680327656525152591e+01
2.679939835893870281e+01
2.679540582054979936e+01
2.679234623709272967e+01
2.679569314315643069e+01
2.679558361276799516e+01
2.679649995645608485e+01
2.679873261143552909e+01
2.680767945327103874e+01
2.681402624613460617e+01
2.695201792432026267e+01
2.694683807132969733e+01
2.694167002789523480e+01
2.693579042626195985e+01
2.692924819173371631e+01
2.692154576565024016e+01
2.690437311377798224e+01
2.689771070728327729e+01
2.688852936140522942e+01
2.687884928888884417e+01
2.686336164005384930e+01
2.685417471383610888e+01
2.684509381407257322e+01
2.683568899505603511e+01
2.682418869359627678e+01
2.681724714034147183e+01
2.681154507137571130e+01
2.680652860554041084e+01
2.680536568870299874e+01
2.680280612963768405e+01
2.680155522511856958e+01
2.680142181606725060e+01
2.680963374014243428e+01
2.681256796061937564e+01
2.681601271729075719e+01
2.695739049369332108e+01
2.695218221990291596e+01
2.694710800404053685e+01
2.693611123090676429e+01
2.692957834020312546e+01
2.692246003293286094e+01
2.690815736274337766e+01
2.689980372399500297e+01
2.689092825859745872e+01
2.688181945713544962e+01
2.686729889414716865e+01
2.685857046421182304e+01
2.684967683026643570e+01
2.684056984565921056e+01
2.683010865536083500e+01
2.682345001235104220e+01
2.681789939120910304e+01
2.681300400576765242e+01
2.681050154785270934e+01
2.680832638334965523e+01
2.680697542204205064e+01
2.681184147825626596e+01
2.681419988554186773e+01
2.681714760265435160e+01
2.682572523364258288e+01
2.695745940439979194e+01
2.695241477731532953e+01
2.694710865291724389e+01
2.694146044071830914e+01
2.692968994699702989e+01
2.692353833624745008e+01
2.691687385334727978e+01
2.690960993814357138e+01
2.689565182148643174e+01
2.688756811544889658e+01
2.687923718738532841e+01
2.687072444406797089e+01
2.685807563083373850e+01
2.685031792045467469e+01
2.684265676292987024e+01
2.683546020112853014e+01
2.682892289806327568e+01
2.682425955093287229e+01
2.681946058857034032e+01
2.681589669813523358e+01
2.681747567471829186e+01
2.681714474759683142e+01
2.681751979833448729e+01
2.681911136312569610e+01
2.683105951928982691e+01
2.696214766839581145e+01
2.695216301315233665e+01
2.694666923361008415e+01
2.694100479949342741e+01
2.693542757440643243e+01
2.692390157742900669e+01
2.691770272845502987e+01
2.691089159941868303e+01
2.689772173818732881e+01
2.689009445202672310e+01
2.688215233088703471e+01
2.687386422868624436e+01
2.686227555021875446e+01
2.685492286868128886e+01
2.684747519159366647e+01
2.684008552408380410e+01
2.683377377056250523e+01
2.682918076166733101e+01
2.682450638363287609e+01
2.682614479732245627e+01
2.682289807782258606e+01
2.682240000006095215e+01
2.682300566158089339e+01
2.683045281956715300e+01
2.683332903046633078e+01
2.696094958244078299e+01
2.695650270058041897e+01
2.694633960424204133e+01
2.694068204821849832e+01
2.693525250747041255e+01
2.692984450942905283e+01
2.692427000962423023e+01
2.691294996611416224e+01
2.690633557649590557e+01
2.689934509793726392e+01
2.688662659534450938e+01
2.687968049995274455e+01
2.687301965076214216e+01
2.686623992735849953e+01
2.685532244695853521e+01
2.684837414538596079e+01
2.684263560954916628e+01
2.683789660339452254e+01
2.683412429376056707e+01
2.683155214648710540e+01
2.682971128326439825e+01
2.682813619994159282e+01
2.683408834599090298e+01
2.683641560719448549e+01
2.683936462206038698e+01
2.696002571178287610e+01
2.695578556204191401e+01
2.695113649019910440e+01
2.694065752067890784e+01
2.693516659619417197e+01
2.692981401222374060e+01
2.692444546588627574e+01
2.691380713224641497e+01
2.690739882587085674e+01
2.690070163958456462e+01
2.688849354341090958e+01
2.688227873206989926e+01
2.687625650733604132e+01
2.686986104871931502e+01
2.685904777791877862e+01
2.685254473554374144e+01
2.684643828661309328e+01
2.684159468153299954e+01
2.683901903032531067e+01
2.683666542472735372e+01
2.683467038839864927e+01
2.683820261365036686e+01
2.683838365025210848e+01
2.683988203634794090e+01
2.685187885826523058e+01
2.593767822245695953e+01
2.593777501459322110e+01
2.594671637023845534e+01
2.597677815583442751e+01
2.600419643099678879e+01
2.601520278200350944e+01
2.602459799486645409e+01
2.603196851107696119e+01
2.603818597107048660e+01
2.604776672389687420e+01
2.605176445614725722e+01
2.605541333159800388e+01
2.605874882623089661e+01
2.606513828396969501e+01
2.606778015467603637e+01
2.607029433885523773e+01
2.607283846252531490e+01
2.607810524722892254e+01
2.608031422993571269e+01
2.608244793951530838e+01
2.608438648296783668e+01
2.608849612178173771e+01
2.609028296152533244e+01
2.609215192266884031e+01
2.609623009801005011e+01
2.597329436233805566e+01
2.596598945450929818e+01
2.598573211808874106e+01
2.599064584057453331e+01
2.599868835560252478e+01
2.600741004566616965e+01
2.602680767204597245e+01
2.603295960082138549e+01
2.603851034770651296e+01
2.604841267998711274e+01
2.605214114972868344e+01
2.605562805870687271e+01
2.605899416801245749e+01
2.606570072971456398e+01
2.606839742518448588e+01
2.607095267970909802e+01
2.607342247550652559e+01
2.607884287371906495e+01
2.608099236326227910e+01
2.608314088826004351e+01
2.608503745469443302e+01
2.608945835232619359e+01
2.609115147683352021e+01
2.609286173166810130e+01
2.609573522831965775e+01
2.600446739110559591e+01
2.601487070829476522e+01
2.600694488397574489e+01
2.600632599303093428e+01
2.602177565770575640e+01
2.602444698563024872e+01
2.602779550162676259e+01
2.603152993225923595e+01
2.604380739984645388e+01
2.604698189255223895e+01
2.605006394322175467e+01
2.605809833677702869e+01
2.606085550924688476e+01
2.606365323120760635e+01
2.606644844535015082e+01
2.607270176714363785e+01
2.607496055897765075e+01
2.607726698006615962e+01
2.607953219577289161e+01
2.608489886880366626e+01
2.608692489652883140e+01
2.608882171374503756e+01
2.609055752903413961e+01
2.609524815215652538e+01
2.609691176157297576e+01
2.604093386461308057e+01
2.603182500600438232e+01
2.602490732459340350e+01
2.602105234507014586e+01
2.603271510783982023e+01
2.603373426585694261e+01
2.603558661752774128e+01
2.604644307817098081e+01
2.604849977844156683e+01
2.605075328456649331e+01
2.605299857276415665e+01
2.606088834237412044e+01
2.606305476933550125e+01
2.606535762160583047e+01
2.606779699563965735e+01
2.607413388565123924e+01
2.607613138212188630e+01
2.607823521008333145e+01
2.608042839353559472e+01
2.608594246840258180e+01
2.608797966556409520e+01
2.608984337958033706e+01
2.609275302739548863e+01
2.609456864917541807e+01
2.609797525009914310e+01
2.607272391310725368e+01
2.604500906915429326e+01
2.603905398481503752e+01
2.604684382751601746e+01
2.604421864344602611e+01
2.604297835373822423e+01
2.605162617891103949e+01
2.605194447891070908e+01
2.605272788272807460e+01
2.605394336432680902e+01
2.606153451066435878e+01
2.606290275697202574e+01
2.606446948744311953e+01
2.607108781252713925e+01
2.607269794754364511e+01
2.607444551099636953e+01
2.607612077212189661e+01
2.608136186133462076e+01
2.608315946540547614e+01
2.608509125703983145e+01
2.608717637281947788e+01
2.609227384121416904e+01
2.609405724717595021e+01
2.609582743886501532e+01
2.609749652689963995e+01
2.609046450827059971e+01
2.607143989090858938e+01
2.606303424380825007e+01
2.605757750152302421e+01
2.605444035601719932e+01
2.605268133376448603e+01
2.605951492610282472e+01
2.605912154588505203e+01
2.605921464381222918e+01
2.606603295775058271e+01
2.606652423933189056e+01
2.606744615187638558e+01
2.606861167002062629e+01
2.607466552381432123e+01
2.607588195066760051e+01
2.607724896235708556e+01
2.607853653408301753e+01
2.608352630133236971e+01
2.608503510120352331e+01
2.608669973303815581e+01
2.609032401257983480e+01
2.609204528252349675e+01
2.609378117497623606e+01
2.609872780775290479e+01
2.610010660618783263e+01
2.610340446425712457e+01
2.610016145024232159e+01
2.608798657170954272e+01
2.607698249703009097e+01
2.607557804168610005e+01
2.607126914707240317e+01
2.606868086651146399e+01
2.606711025856764508e+01
2.607220139954415927e+01
2.607169605489013975e+01
2.607148020890854667e+01
2.607667687115768373e+01
2.607712935872084614e+01
2.607772905521113316e+01
2.607843118642858116e+01
2.608371639395035402e+01
2.608438438025874717e+01
2.608510070958527649e+01
2.608604173942065785e+01
2.609084322739747819e+01
2.609231753512321461e+01
2.609390618006701601e+01
2.609553257731986875e+01
2.610029791413308686e+01
2.610153980498633786e+01
2.611933422178599429e+01
2.610970385274147532e+01
2.609987903133352205e+01
2.609076116387029032e+01
2.608797625107319007e+01
2.608198142746125114e+01
2.607774655206565839e+01
2.607497765072308837e+01
2.607895699873712658e+01
2.607769732166570975e+01
2.607695138079375852e+01
2.608145505571634359e+01
2.608153692633444010e+01
2.608188173204317195e+01
2.608236792082448474e+01
2.608687148000161216e+01
2.608770922630982980e+01
2.608817975087297825e+01
2.609180956690556030e+01
2.609244661059580750e+01
2.609338679163119323e+01
2.609860214677121704e+01
2.609976320871546207e+01
2.610094757407786403e+01
2.610206432480397609e+01
2.613111016431918543e+01
2.612466900694407457e+01
2.611662548878881296e+01
2.611025188817726672e+01
2.610406346100189268e+01
2.609844018029865964e+01
2.609789062088104927e+01
2.609382413583073657e+01
2.608985699896214072e+01
2.608667210845636575e+01
2.608949955770796691e+01
2.608769637856439161e+01
2.608666857822000651e+01
2.609107668597905061e+01
2.609089430972469614e+01
2.609095822050644742e+01
2.609109877406993760e+01
2.609495136152047223e+01
2.609507619299306924e+01
2.609547181095629398e+01
2.609628816364635284e+01
2.610125786835027029e+01
2.610215651605842524e+01
2.610306787647565585e+01
2.610402742558374811e+01
2.613391770535262637e+01
2.612880002008522951e+01
2.612226576478294149e+01
2.611697395977027014e+01
2.611170962501211434e+01
2.610663590372648812e+01
2.610528064020062544e+01
2.610182818478604005e+01
2.609859246273486377e+01
2.609527863179285845e+01
2.609673874140952066e+01
2.609438158523015616e+01
2.609265230955923087e+01
2.609719365962723003e+01
2.609588257228313779e+01
2.609555485831984356e+01
2.609951198320663224e+01
2.609909931207979028e+01
2.609880126753464680e+01
2.610225625005832129e+01
2.610280966765774480e+01
2.610345903823888492e+01
2.610408024409278482e+01
2.610772192403444691e+01
2.610838464392466562e+01
2.613843914720246531e+01
2.613492420853339482e+01
2.613087093775579817e+01
2.612660475321478515e+01
2.612227610471020256e+01
2.611850131749595150e+01
2.611473170024532919e+01
2.611113199732180590e+01
2.611016610150463180e+01
2.610777182961621534e+01
2.610542188823684384e+01
2.610305128629385507e+01
2.610345703198434464e+01
2.610186115294964182e+01
2.610085910596886549e+01
2.610345575878434587e+01
2.610287056905768210e+01
2.610241252571270465e+01
2.610212264122209547e+01
2.610514184210986244e+01
2.610568709965474810e+01
2.610620056578148507e+01
2.610668287709007629e+01
2.610993964552304902e+01
2.611055097443150075e+01
2.614011319300072245e+01
2.613725898725823882e+01
2.613388915480719987e+01
2.613014376693837448e+01
2.612624090737880067e+01
2.612282184452781664e+01
2.611950500420399734e+01
2.611616686671656495e+01
2.611465957153631479e+01
2.611223078821157273e+01
2.610996794528665532e+01
2.611194250486641621e+01
2.610792818243423241e+01
2.610624071016326297e+01
2.610909015105120545e+01
2.610791981017969476e+01
2.610689058230803994e+01
2.610535276890964340e+01
2.610762579743454737e+01
2.610748219590742636e+01
2.610775460283441518e+01
2.611088013521297668e+01
2.611112827417635529e+01
2.611151517264868005e+01
2.611201750792088561e+01
2.614322095845203009e+01
2.614129796347221557e+01
2.613807887018465692e+01
2.613552886278731080e+01
2.613279269811743433e+01
2.612971014588428176e+01
2.612684884108725925e+01
2.612402092885384164e+01
2.612123188780219962e+01
2.611857427571405665e+01
2.611782181451484064e+01
2.611570498448068278e+01
2.611366076542826420e+01
2.611177612077568000e+01
2.611278812186553466e+01
2.611154879670318962e+01
2.611034014408626547e+01
2.611124801284895725e+01
2.611043206526798954e+01
2.611016534915917475e+01
2.611033047934082418e+01
2.611292472079266602e+01
2.611314070181062519e+01
2.611350707475569521e+01
2.611406107108239283e+01
2.614357620054256870e+01
2.614201587465328558e+01
2.613916338580170873e+01
2.613708924654932275e+01
2.613480531866079204e+01
2.613231916417247191e+01
2.612929946172107165e+01
2.612688505012358675e+01
2.612443593418068133e+01
2.612454332667147838e+01
2.612288535020047675e+01
2.611903484616812321e+01
2.611693090246122395e+01
2.611812211609634460e+01
2.611695850775210204e+01
2.611576395678970997e+01
2.611620498555288705e+01
2.611519130615394246e+01
2.611420287855497335e+01
2.611532194419017117e+01
2.611501234439049313e+01
2.611486758540882391e+01
2.611486353431791940e+01
2.611719659615185662e+01
2.611769754247860575e+01
2.614372965972422946e+01
2.614253341116183549e+01
2.614127493012678372e+01
2.613986121514643912e+01
2.613694489267674825e+01
2.613503908589691349e+01
2.613297555664451721e+01
2.613086304777398894e+01
2.612804364283147152e+01
2.612622771239699659e+01
2.612474958507126388e+01
2.612324834723646205e+01
2.612131099982029880e+01
2.612021546909416614e+01
2.611919432411341191e+01
2.611816893513266180e+01
2.611805839822368469e+01
2.611730746100628409e+01
2.611656424015251332e+01
2.611740210220618508e+01
2.611705467293382199e+01
2.611685373882493977e+01
2.611673774258869685e+01
2.611875640118659447e+01
2.611916060360435665e+01
2.614370211230607310e+01
2.614256798047089347e+01
2.614145977561750200e+01
2.614024809432785190e+01
2.613749323676708514e+01
2.613574426507799586e+01
2.613389031226174453e+01
2.613273332069931243e+01
2.613092738295573980e+01
2.612736778583217401e+01
2.612596724654272151e+01
2.612538626223423677e+01
2.612377207612682639e+01
2.612238909156463151e+01
2.612105101623875214e+01
2.612017007758512221e+01
2.611949447136764491e+01
2.611892666275005226e+01
2.611903673667721293e+01
2.611889226705918077e+01
2.611886624362284337e+01
2.612001727429437281e+01
2.611997365754896450e+01
2.612004802400343095e+01
2.612021398369416758e+01
2.614466723648688884e+01
2.614364229119704675e+01
2.614175652767173830e+01
2.614070376489101477e+01
2.613936397267422862e+01
2.613787020042123643e+01
2.613505694927871303e+01
2.613339461306226141e+01
2.613169450524585002e+01
2.612993366964768427e+01
2.612779284172264127e+01
2.612625317639697187e+01
2.612473133587128160e+01
2.612338430956359403e+01
2.612180316878342268e+01
2.612091524682071153e+01
2.612019976629418139e+01
2.611962501294932792e+01
2.611992624049446832e+01
2.611976801645826995e+01
2.611982108574912331e+01
2.612108795832962116e+01
2.612136233292933696e+01
2.612152476238371079e+01
2.612168333365627504e+01
2.614456360572335925e+01
2.614362876826978876e+01
2.614192987578064731e+01
2.614086169956357608e+01
2.613957316329219083e+01
2.613818176789364145e+01
2.613707188473116005e+01
2.613401510515252468e+01
2.613238596859058660e+01
2.613160661586412203e+01
2.613014442282928229e+01
2.612866006453991830e+01
2.612660436739660597e+01
2.612520994332533064e+01
2.612384868032674845e+01
2.612268543850977665e+01
2.612206110752860866e+01
2.612154542294732806e+01
2.612117906929316291e+01
2.612088225936619779e+01
2.612178819903798299e+01
2.612191656074693924e+01
2.612223383832842671e+01
2.612395640076299941e+01
2.612432217568989046e+01
2.614530323846804549e+01
2.614370809248788774e+01
2.614296566256138732e+01
2.614212527339862646e+01
2.613999299134630050e+01
2.613872943680216210e+01
2.613740800953080878e+01
2.613606692482311544e+01
2.613374686506189448e+01
2.613236908904514877e+01
2.613093814728300046e+01
2.612950294222995140e+01
2.612735754235945862e+01
2.612599425381542062e+01
2.612470488803494462e+01
2.612366950636329577e+01
2.612315897245473906e+01
2.612267534936433222e+01
2.612224875020114112e+01
2.612277269129150525e+01
2.612276208129151556e+01
2.612293595025496984e+01
2.612320235770923915e+01
2.612441899676251822e+01
2.612537590301606727e+01
2.614438859859626874e+01
2.614373866857876294e+01
2.614303825425222172e+01
2.614218054185311502e+01
2.614111732339967631e+01
2.614000309978265335e+01
2.613761033258514388e+01
2.613657572254985695e+01
2.613535580404203884e+01
2.613410017806152652e+01
2.613176210059123505e+01
2.613047738391984609e+01
2.612920370164844286e+01
2.612794421748611740e+01
2.612650581014216300e+01
2.612561451227036358e+01
2.612482483890754992e+01
2.612419101679911648e+01
2.612411746056283235e+01
2.612379414492680496e+01
2.612363810076332982e+01
2.612361977439971383e+01
2.612471927905311375e+01
2.612513355132540838e+01
2.612568309145211032e+01
2.614500912926834886e+01
2.614435354701448588e+01
2.614370793816061322e+01
2.614196901703515152e+01
2.614100601485433728e+01
2.613995454456452094e+01
2.613790013991211580e+01
2.613678063058600998e+01
2.613562701493266616e+01
2.613436915120670179e+01
2.613225432742708421e+01
2.613101874470109820e+01
2.612980930115690370e+01
2.612856814335819777e+01
2.612731072332314142e+01
2.612642395881497492e+01
2.612573378796114909e+01
2.612513636779813453e+01
2.612488294312566950e+01
2.612456580058054456e+01
2.612437115530802245e+01
2.612501041745280972e+01
2.612535788530699321e+01
2.612582690517923112e+01
2.612713143361423818e+01
2.614497702919565469e+01
2.614432690626906108e+01
2.614350274076082670e+01
2.614268984114349337e+01
2.614091841483624634e+01
2.613998079949176656e+01
2.613905111271091641e+01
2.613806376540285470e+01
2.613623867178657179e+01
2.613510791586047688e+01
2.613397544304347520e+01
2.613277496977199732e+01
2.613110628684646386e+01
2.613005358193846916e+01
2.612900498599410426e+01
2.612800336341333107e+01
2.612737656319579926e+01
2.612676855232370698e+01
2.612611819790620160e+01
2.612557604619767559e+01
2.612581870654287641e+01
2.612585126959739057e+01
2.612589025652462027e+01
2.612606221568807996e+01
2.612787388283164702e+01
2.614555924812232135e+01
2.614411804359654923e+01
2.614335742234279891e+01
2.614254745494364229e+01
2.614171019090814951e+01
2.614003662738261724e+01
2.613917139152897562e+01
2.613827224225718382e+01
2.613653361049535562e+01
2.613552629709640485e+01
2.613442658024300513e+01
2.613328228209874382e+01
2.613164164815499646e+01
2.613062785301059776e+01
2.612958022161168969e+01
2.612863701190357801e+01
2.612800461732241786e+01
2.612734587135946995e+01
2.612668237983288577e+01
2.612701759795981005e+01
2.612677771550551498e+01
2.612675850176007941e+01
2.612670587616013407e+01
2.612781685890443484e+01
2.612822617341309694e+01
2.614531539174075903e+01
2.614468112594141758e+01
2.614324414612473291e+01
2.614237960474381595e+01
2.614162509870823925e+01
2.614089480276354394e+01
2.614012744898252549e+01
2.613863595305680576e+01
2.613771110829413047e+01
2.613677850858601204e+01
2.613502814795146989e+01
2.613404116717067893e+01
2.613308806122621775e+01
2.613214699280901598e+01
2.613074334768320384e+01
2.612987089702956567e+01
2.612919108539391289e+01
2.612857462510364570e+01
2.612823718852217780e+01
2.612801032743150387e+01
2.612789635674071320e+01
2.612771903470453694e+01
2.612831423641300788e+01
2.612865194306720085e+01
2.612902271433954127e+01
2.614517231106817974e+01
2.614455091230519201e+01
2.614387301046953382e+01
2.614237175334382357e+01
2.614164332861730955e+01
2.614092246592715085e+01
2.614018152140064899e+01
2.613877430745666075e+01
2.613790561853029359e+01
2.613699059284033410e+01
2.613529326291483201e+01
2.613437628884305752e+01
2.613353395129848167e+01
2.613265050482667462e+01
2.613131077048261375e+01
2.613047597568348124e+01
2.612980241430236461e+01
2.612915732630303722e+01
2.612909646348492032e+01
2.612883948928518763e+01
2.612861285968542191e+01
2.612885989906698470e+01
2.612885461335789827e+01
2.612910244366673140e+01
2.613068240770144968e+01
2.704447967371089945e+01
2.704407051045424026e+01
2.704647680341543392e+01
2.705272479525509510e+01
2.705694634310922808e+01
2.705830907125582740e+01
2.705926615538582070e+01
2.706014327003238407e+01
2.706081313283373291e+01
2.706179495744678221e+01
2.706224666205424256e+01
2.706267718531151800e+01
2.706308157010275295e+01
2.706386715328747172e+01
2.706418985146976297e+01
2.706450481738386671e+01
2.706483605609746590e+01
2.706552869596159283e+01
2.706580476117785850e+01
2.706608962362702542e+01
2.706634287015322826e+01
2.706690677416953861e+01
2.706716231366535652e+01
2.706744988535698582e+01
2.706805340814180028e+01
2.705228804178083024e+01
2.705041150805542216e+01
2.705391538070243840e+01
2.705475626573528558e+01
2.705604427984318505e+01
2.705717133164679211e+01
2.705944974211951148e+01
2.706018745045753704e+01
2.706080312494063023e+01
2.706182126935984300e+01
2.706222056868442749e+01
2.706263239435285328e+01
2.706307326199045349e+01
2.706389529680107486e+01
2.706424241632390348e+01
2.706456856957085222e+01
2.706489406371911954e+01
2.706559955600749134e+01
2.706589028443490008e+01
2.706619050041435059e+01
2.706644414239976371e+01
2.706704415461687319e+01
2.706728579406844304e+01
2.706754913521125872e+01
2.706796725353760280e+01
2.705833357238199355e+01
2.705956671479037468e+01
2.705775177903995043e+01
2.705704158980625706e+01
2.705898095298049810e+01
2.705920078320366429e+01
2.705953363844349724e+01
2.705994245307164192e+01
2.706128733351979676e+01
2.706164755176164149e+01
2.706196273275005026e+01
2.706284887357957913e+01
2.706319041851515550e+01
2.706355053962666801e+01
2.706393268157194854e+01
2.706470601592805281e+01
2.706499285567325686e+01
2.706530748510013851e+01
2.706562631541386921e+01
2.706637906854647824e+01
2.706667610350756803e+01
2.706693566003638907e+01
2.706717637674980637e+01
2.706784933384600578e+01
2.706811454821664853e+01
2.706345737776283045e+01
2.706190252582017308e+01
2.706034697662049382e+01
2.705932441970906766e+01
2.706029276401965689e+01
2.706029697531332090e+01
2.706041965786010906e+01
2.706156583393223869e+01
2.706177790760463253e+01
2.706202866343161517e+01
2.706225512279992174e+01
2.706318531223486445e+01
2.706344126453459253e+01
2.706372573846243057e+01
2.706405071920751837e+01
2.706485925637097623e+01
2.706509945968121045e+01
2.706537450156005420e+01
2.706569022717211226e+01
2.706648489898072185e+01
2.706678701940846210e+01
2.706704334288481562e+01
2.706742897111521273e+01
2.706770409277968525e+01
2.706822806235391710e+01
2.706764126333085230e+01
2.706327218837866511e+01
2.706207215006868338e+01
2.706256986323289837e+01
2.706193510263963020e+01
2.706155361979302754e+01
2.706237740988749962e+01
2.706231978731823418e+01
2.706232218088712216e+01
2.706241733045381892e+01
2.706326690865135021e+01
2.706343054897764233e+01
2.706364432243084295e+01
2.706446885140962166e+01
2.706466636247014534e+01
2.706490032168763094e+01
2.706511332156711802e+01
2.706574670152209805e+01
2.706600896382444787e+01
2.706629739234436016e+01
2.706662391329899364e+01
2.706734750998739969e+01
2.706761029263081042e+01
2.706788886242205905e+01
2.706813785602731315e+01
2.706943268313418827e+01
2.706678770625866548e+01
2.706485081990788188e+01
2.706384767171808647e+01
2.706319674239353645e+01
2.706276929261747100e+01
2.706340501757617290e+01
2.706324156457266383e+01
2.706316579597607586e+01
2.706392969481424871e+01
2.706394113884868347e+01
2.706402978762104183e+01
2.706420026175995375e+01
2.706496273139467590e+01
2.706510853442934206e+01
2.706528896095831271e+01
2.706542880782228266e+01
2.706602814359601439e+01
2.706624067863748451e+01
2.706648580090523026e+01
2.706699803505402713e+01
2.706727572373441149e+01
2.706754310272387443e+01
2.706829440930833286e+01
2.706847842619063371e+01
2.707064159152481864e+01
2.706991195888008406e+01
2.706823975615206024e+01
2.706660842448003024e+01
2.706595543460487363e+01
2.706518721346694178e+01
2.706471244734358805e+01
2.706439065108580166e+01
2.706491069381947767e+01
2.706476956344755180e+01
2.706467488912569053e+01
2.706529605494146651e+01
2.706534795375904423e+01
2.706541742275983609e+01
2.706548842156335155e+01
2.706620805325286128e+01
2.706624104634516570e+01
2.706627710598080228e+01
2.706637186702617370e+01
2.706702786447267428e+01
2.706727340995115227e+01
2.706753165175155829e+01
2.706779778539140935e+01
2.706850457853243697e+01
2.706866350803764121e+01
2.707222610290803999e+01
2.707096531651347604e+01
2.706962257640155656e+01
2.706833651877605362e+01
2.706761997097457595e+01
2.706667308899834623e+01
2.706593951910624085e+01
2.706545572679992162e+01
2.706584800152015902e+01
2.706560723277263492e+01
2.706542656688677440e+01
2.706597828798433980e+01
2.706596209497047312e+01
2.706600672288893961e+01
2.706604753150400455e+01
2.706668474463814533e+01
2.706672504678791213e+01
2.706673003512423037e+01
2.706719675677475934e+01
2.706725253733666392e+01
2.706739703951867426e+01
2.706825260163842728e+01
2.706843019057413358e+01
2.706859273124631571e+01
2.706874374462949007e+01
2.707369947290924017e+01
2.707283467647009800e+01
2.707162985449128101e+01
2.707073290097447327e+01
2.706982392757912237e+01
2.706897959441950263e+01
2.706869375372913922e+01
2.706806998620805160e+01
2.706745051670414171e+01
2.706695068401733550e+01
2.706724217908057639e+01
2.706693177829206221e+01
2.706673548136068419e+01
2.706735508962221104e+01
2.706729902460719117e+01
2.706728874960567666e+01
2.706728269630464823e+01
2.706771866579837749e+01
2.706767220627937220e+01
2.706771522460948631e+01
2.706784348868140455e+01
2.706866300157234306e+01
2.706877699442338425e+01
2.706889535120147272e+01
2.706900842825224629e+01
2.707403717772777796e+01
2.707330967501246022e+01
2.707233225248479869e+01
2.707155940031141128e+01
2.707079538352926562e+01
2.707003983789961765e+01
2.706968996056915699e+01
2.706913808683821543e+01
2.706865308734063191e+01
2.706815955424962183e+01
2.706828942790989245e+01
2.706789857892416862e+01
2.706762348501121807e+01
2.706824723518760223e+01
2.706804309151300103e+01
2.706797048312112963e+01
2.706850633728522837e+01
2.706839440498479377e+01
2.706827880948327802e+01
2.706878054314943327e+01
2.706888624523287845e+01
2.706901146704405292e+01
2.706908430438598856e+01
2.706956565455825370e+01
2.706963259470148131e+01
2.707460061690607134e+01
2.707408025502987670e+01
2.707350826144451261e+01
2.707287795150180187e+01
2.707218142295546670e+01
2.707160105534794070e+01
2.707104192112470287e+01
2.707047805179779942e+01
2.707023876081889213e+01
2.706988822092081293e+01
2.706955422786851884e+01
2.706917534325829422e+01
2.706917680715114827e+01
2.706890953569883962e+01
2.706877155165587112e+01
2.706913111079903445e+01
2.706900124060770452e+01
2.706886186205068867e+01
2.706877029589944073e+01
2.706922670092116689e+01
2.706934311509262159e+01
2.706942511043725830e+01
2.706947832398325460e+01
2.706988536251390798e+01
2.706996777066245485e+01
2.707480559659531139e+01
2.707439506484166003e+01
2.707389744533884013e+01
2.707335500018794860e+01
2.707272562339020894e+01
2.707221282033518150e+01
2.707169503241277653e+01
2.707118518142604557e+01
2.707086883834259794e+01
2.707053599350958351e+01
2.707020325621372336e+01
2.707046395749288337e+01
2.706979899977328685e+01
2.706955614272363064e+01
2.706998829638290260e+01
2.706980903888685219e+01
2.706964413239730760e+01
2.706929850104991786e+01
2.706960222412812911e+01
2.706957779931865460e+01
2.706965058809542413e+01
2.707012007796040365e+01
2.707013142833344688e+01
2.707014711488201542e+01
2.707020541389466217e+01
2.707525447054739232e+01
2.707496867495325787e+01
2.707445337079219172e+01
2.707407666120760226e+01
2.707365787337575824e+01
2.707321212147005340e+01
2.707271530676140969e+01
2.707228141516299047e+01
2.707183593730357529e+01
2.707144202871240068e+01
2.707133111281151017e+01
2.707100723172053236e+01
2.707064263567588469e+01
2.707034873316799306e+01
2.707051028519215308e+01
2.707033169026372477e+01
2.707012064339769353e+01
2.707017006886075450e+01
2.707003169282751998e+01
2.707001978395506825e+01
2.707005341880135063e+01
2.707041854212494414e+01
2.707041347400299358e+01
2.707044805933895404e+01
2.707052247157983871e+01
2.707530807261471750e+01
2.707505983176953634e+01
2.707460797799763697e+01
2.707428224449247978e+01
2.707394081750087267e+01
2.707355697924372961e+01
2.707304802324362569e+01
2.707266281128607943e+01
2.707229473589418944e+01
2.707229014648601861e+01
2.707204075048367642e+01
2.707146260993589593e+01
2.707111488334849270e+01
2.707127336882932767e+01
2.707111658659824016e+01
2.707094809322430251e+01
2.707094654607687900e+01
2.707078066134613437e+01
2.707061115504160043e+01
2.707080680675005979e+01
2.707074607254123677e+01
2.707071750234796426e+01
2.707068835284163910e+01
2.707104421409431794e+01
2.707111060961389981e+01
2.707531530882442894e+01
2.707512044456544231e+01
2.707492034220642552e+01
2.707468772546888403e+01
2.707421099245631169e+01
2.707390630848160384e+01
2.707358537252104469e+01
2.707324320664513095e+01
2.707279984137043272e+01
2.707251720598101485e+01
2.707231823102763357e+01
2.707208611381751240e+01
2.707172454615784574e+01
2.707158000928642849e+01
2.707145491235711177e+01
2.707127713956755954e+01
2.707121801147815177e+01
2.707108246610029667e+01
2.707097575802412948e+01
2.707110295019345969e+01
2.707104738123691945e+01
2.707099925662651430e+01
2.707097766594135990e+01
2.707129211498333987e+01
2.707134693117981072e+01
2.707529963615162316e+01
2.707511639978091722e+01
2.707492577803606082e+01
2.707472708753579482e+01
2.707427594489668010e+01
2.707400446561964458e+01
2.707370122125520950e+01
2.707350925703041256e+01
2.707322891461061332e+01
2.707268270565937129e+01
2.707247117661061964e+01
2.707234470251195546e+01
2.707208977701858998e+01
2.707188318427205687e+01
2.707169938246406105e+01
2.707153713665181627e+01
2.707143703343820107e+01
2.707132844519632897e+01
2.707138194666437769e+01
2.707134052404686031e+01
2.707132376906464444e+01
2.707146817064738542e+01
2.707146335922702818e+01
2.707148236902051153e+01
2.707151570900686011e+01
2.707545801756424453e+01
2.707529182756674402e+01
2.707496163647315157e+01
2.707477678704514901e+01
2.707455808075867765e+01
2.707432756619902747e+01
2.707388515488294090e+01
2.707362149806654728e+01
2.707333949402428530e+01
2.707306601663756851e+01
2.707271893874202462e+01
2.707247542953157193e+01
2.707223377273530218e+01
2.707206164391180891e+01
2.707178446863460763e+01
2.707165278071849812e+01
2.707153226972841153e+01
2.707144385684400234e+01
2.707149945355206455e+01
2.707147414763172222e+01
2.707146896503473954e+01
2.707164118058174296e+01
2.707166876906487829e+01
2.707170775301728582e+01
2.707172515669135748e+01
2.707544738179292310e+01
2.707529416910152520e+01
2.707500565732704345e+01
2.707481619767722592e+01
2.707460159167832714e+01
2.707437293993968197e+01
2.707421558880236390e+01
2.707372791128278067e+01
2.707346587793049864e+01
2.707335578416848421e+01
2.707311369375466015e+01
2.707287841633981884e+01
2.707257297266715668e+01
2.707235756534302240e+01
2.707211632828854420e+01
2.707193155170828902e+01
2.707183429302581956e+01
2.707175944716738059e+01
2.707169579557966799e+01
2.707163727108589413e+01
2.707176978807876466e+01
2.707178568276375330e+01
2.707180887263044156e+01
2.707210130777653845e+01
2.707215551343949400e+01
2.707556094102641708e+01
2.707532936843993809e+01
2.707520423335227377e+01
2.707505516257573319e+01
2.707469624518654783e+01
2.707448913556789094e+01
2.707427537599045309e+01
2.707406035371870345e+01
2.707370349688012467e+01
2.707348301449615846e+01
2.707326142898914156e+01
2.707302154135248173e+01
2.707270514623492730e+01
2.707247871808708695e+01
2.707226504523315924e+01
2.707209460925259137e+01
2.707202491477067241e+01
2.707194208341139685e+01
2.707188243498092461e+01
2.707194695033480158e+01
2.707194417865140679e+01
2.707195713861280595e+01
2.707199352085989830e+01
2.707220817195502249e+01
2.707235591412738529e+01
2.707543058518342605e+01
2.707532981940219230e+01
2.707520773004421599e+01
2.707506033476589735e+01
2.707485696119606899e+01
2.707466627354134303e+01
2.707427424511587688e+01
2.707410200528629218e+01
2.707393030661140898e+01
2.707372997877126863e+01
2.707335386931337240e+01
2.707315036045486778e+01
2.707297198406968519e+01
2.707278251401304914e+01
2.707257533848452269e+01
2.707242707597109899e+01
2.707230868797254786e+01
2.707220083861498239e+01
2.707219693605701494e+01
2.707213590351931742e+01
2.707211040333831065e+01
2.707210530399589743e+01
2.707230318276410586e+01
2.707236078798867140e+01
2.707243859285328469e+01
2.707550496967278875e+01
2.707540888002323598e+01
2.707530520380099404e+01
2.707498675853965153e+01
2.707480974544805008e+01
2.707462725143059146e+01
2.707429284904333144e+01
2.707413879339941332e+01
2.707395860969627321e+01
2.707376179589277143e+01
2.707342901696962656e+01
2.707324514578282404e+01
2.707306058774581814e+01
2.707288664466648598e+01
2.707270435184757318e+01
2.707256478943671496e+01
2.707244621411538077e+01
2.707236729225195404e+01
2.707232237641143158e+01
2.707228988284654747e+01
2.707225133251169069e+01
2.707237736605492273e+01
2.707244409806172669e+01
2.707250397197332248e+01
2.707269611311408042e+01
2.707548710462964081e+01
2.707538266177156316e+01
2.707524046296598996e+01
2.707510285009964690e+01
2.707478212574445209e+01
2.707462609974237466e+01
2.707447434400595299e+01
2.707432882889333925e+01
2.707405718657610194e+01
2.707389358440815386e+01
2.707371209638341725e+01
2.707353111829292303e+01
2.707327586325021684e+01
2.707312449603512050e+01
2.707296443565533650e+01
2.707280465279078996e+01
2.707270392516790025e+01
2.707261655643455711e+01
2.707250035386846676e+01
2.707244716460505529e+01
2.707253738480741845e+01
2.707254063867353011e+01
2.707254748983085335e+01
2.707258121486959013e+01
2.707282563294243261e+01
2.707556394165987612e+01
2.707532827919264662e+01
2.707520488551307380e+01
2.707506577059552910e+01
2.707491978023807988e+01
2.707464992789410019e+01
2.707450709427242685e+01
2.707436491628049779e+01
2.707411630078975051e+01
2.707396355987424741e+01
2.707379376564765749e+01
2.707360359833399599e+01
2.707335391787853851e+01
2.707319075626602611e+01
2.707303196551843527e+01
2.707287376449071914e+01
2.707279575148967865e+01
2.707268501944262695e+01
2.707261621647839789e+01
2.707275320840440358e+01
2.707270139977927670e+01
2.707268286523062883e+01
2.707268703489701167e+01
2.707285266986404082e+01
2.707290291052810005e+01
2.707551277131978651e+01
2.707540656623997677e+01
2.707516946416247450e+01
2.707502343217774055e+01
2.707491864242562229e+01
2.707480995358447728e+01
2.707467830729564895e+01
2.707443732347381982e+01
2.707430340156007986e+01
2.707416256604809135e+01
2.707388361467339521e+01
2.707371021621771234e+01
2.707356580422815284e+01
2.707340700307373993e+01
2.707321092468561119e+01
2.707308700372709254e+01
2.707299168071337192e+01
2.707289276040844328e+01
2.707296664537038211e+01
2.707291925270640576e+01
2.707286660459769578e+01
2.707282391234798524e+01
2.707293616725987917e+01
2.707298114207238626e+01
2.707302751833682208e+01
2.707548409358935970e+01
2.707537530761787892e+01
2.707526075279848854e+01
2.707502091372699837e+01
2.707492377992637955e+01
2.707482097093924267e+01
2.707469554792952238e+01
2.707448663446184867e+01
2.707435218180022574e+01
2.707421528006666733e+01
2.707392554722515854e+01
2.707376941715486751e+01
2.707362289604953531e+01
2.707348222010880434e+01
2.707331711588965462e+01
2.707320910696083160e+01
2.707311412390327376e+01
2.707305072901715093e+01
2.707310463288229130e+01
2.707302152400778184e+01
2.707294608842947170e+01
2.707298476017724198e+01
2.707301961609055141e+01
2.707306892360963957e+01
2.707324221452817170e+01
2.755615106115951463e+01
2.755575583445654075e+01
2.756013388121569108e+01
2.756835431073373854e+01
2.757299600708753218e+01
2.757403141782582878e+01
2.757427538440222392e+01
2.757489941911552478e+01
2.757529206985302395e+01
2.757570872990976696e+01
2.757600422051355693e+01
2.757633602468193956e+01
2.757666941877772970e+01
2.757729113700925794e+01
2.757756048109168034e+01
2.757783657175035330e+01
2.757814226242256694e+01
2.757873782941484109e+01
2.757901128749341169e+01
2.757928853875191066e+01
2.757950955753329936e+01
2.758004141891784755e+01
2.758032194910676438e+01
2.758065254077857276e+01
2.758126699818433636e+01
2.756648248023119052e+01
2.756409432905888579e+01
2.756882959051764814e+01
2.756998758607454292e+01
2.757163995469791473e+01
2.757264872825475521e+01
2.757414894035329667e+01
2.757471551593926051e+01
2.757513562948817665e+01
2.757561566018277333e+01
2.757585463523632185e+01
2.757616106189867011e+01
2.757655796816888127e+01
2.757722307679322782e+01
2.757753703320081229e+01
2.757783069326503522e+01
2.757811286527810068e+01
2.757872220849599643e+01
2.757902916827940487e+01
2.757934273782037948e+01
2.757960148553200241e+01
2.758014478778885703e+01
2.758039932714662612e+01
2.758070033767643636e+01
2.758109774404250913e+01
2.757411092363204830e+01
2.757529958072671761e+01
2.757320385825052611e+01
2.757212366534318804e+01
2.757380812974152207e+01
2.757397192528984320e+01
2.757413941494250054e+01
2.757440855143796554e+01
2.757524255092695853e+01
2.757547459540672818e+01
2.757562846924187028e+01
2.757624153958930080e+01
2.757650766135593656e+01
2.757681695177477721e+01
2.757715850309457295e+01
2.757779295018114496e+01
2.757803622794625653e+01
2.757830560033599454e+01
2.757865596938376385e+01
2.757938703876509834e+01
2.757970242469198752e+01
2.757995845961945491e+01
2.758019041917728487e+01
2.758087604116772695e+01
2.758118862938852089e+01
2.757931276037599844e+01
2.757740435682516278e+01
2.757569757211059169e+01
2.757438106975500602e+01
2.757491047783910432e+01
2.757475885915322422e+01
2.757481744113730926e+01
2.757548391794844989e+01
2.757558966463374261e+01
2.757570419602181389e+01
2.757581730732635350e+01
2.757653320398796382e+01
2.757673773847745835e+01
2.757694203235479691e+01
2.757720573384617779e+01
2.757791598791674659e+01
2.757808108088357812e+01
2.757829936329138221e+01
2.757862880379913406e+01
2.757943378829238412e+01
2.757975045276623760e+01
2.758000474679396419e+01
2.758037150105802837e+01
2.758066519414744988e+01
2.758125181602884268e+01
2.758403963815225168e+01
2.757879164633458657e+01
2.757717062806027286e+01
2.757733625414816458e+01
2.757654620648036214e+01
2.757591223118233970e+01
2.757639848005000971e+01
2.757618019292431910e+01
2.757609461048159361e+01
2.757606316577482630e+01
2.757664006409423152e+01
2.757671463499223208e+01
2.757693852696587911e+01
2.757761848749373712e+01
2.757775401347222299e+01
2.757795650511730656e+01
2.757813610558200423e+01
2.757860023228462865e+01
2.757885854123290059e+01
2.757914716731330884e+01
2.757951247790441229e+01
2.758025233198852533e+01
2.758053935870575302e+01
2.758086195356166215e+01
2.758113214686347803e+01
2.758527794155589774e+01
2.758264343655714157e+01
2.757989446622071483e+01
2.757863221483033911e+01
2.757766248649378582e+01
2.757707815278685359e+01
2.757731263641341712e+01
2.757703964540551311e+01
2.757681041750337769e+01
2.757734214206925216e+01
2.757725362038386763e+01
2.757729090583286791e+01
2.757743989193864564e+01
2.757808973820344534e+01
2.757819453659375597e+01
2.757835970976464068e+01
2.757843073281275181e+01
2.757886309871027919e+01
2.757905232366137227e+01
2.757928461347118798e+01
2.757979526796047409e+01
2.758011604171258924e+01
2.758042292600983103e+01
2.758124480525101063e+01
2.758141656930791541e+01
2.758598776158099852e+01
2.758494080617691679e+01
2.758326401777826931e+01
2.758159049887426306e+01
2.758040473856128116e+01
2.757944244561225133e+01
2.757871379178828875e+01
2.757828007185762687e+01
2.757849535840814781e+01
2.757827827906114138e+01
2.757806234616030849e+01
2.757854630685351438e+01
2.757854660879818809e+01
2.757859881691897996e+01
2.757859858574259349e+01
2.757929498338348395e+01
2.757922655517239008e+01
2.757917359690780401e+01
2.757919237409203816e+01
2.757978818169647539e+01
2.758007167471747323e+01
2.758037690303691036e+01
2.758068879772853776e+01
2.758144474923792799e+01
2.758156609325263986e+01
2.758684259053441679e+01
2.758564325686488772e+01
2.758436543645240846e+01
2.758304163552797661e+01
2.758199253820388108e+01
2.758090606107307607e+01
2.758001625371666421e+01
2.757929942291372782e+01
2.757948047176927275e+01
2.757910161141105121e+01
2.757883172005390904e+01
2.757922066253341598e+01
2.757917164842109869e+01
2.757917422910445993e+01
2.757917543216525758e+01
2.757981719197433179e+01
2.757973957804019349e+01
2.757964404557697691e+01
2.758004883543383556e+01
2.758004600470254175e+01
2.758017949727238260e+01
2.758122207447873464e+01
2.758139472549811444e+01
2.758154679710100154e+01
2.758166389501877802e+01
2.758807218943933748e+01
2.758721494964643739e+01
2.758595116966116478e+01
2.758501192358274068e+01
2.758409118105119262e+01
2.758314935900729026e+01
2.758260776462497788e+01
2.758185939475756498e+01
2.758120261791898997e+01
2.758059321808646658e+01
2.758075021044391661e+01
2.758031800495449559e+01
2.758006428650880082e+01
2.758061986942157873e+01
2.758054674219653890e+01
2.758048225341982373e+01
2.758045476230109472e+01
2.758071622279686963e+01
2.758057773398629919e+01
2.758056487774834764e+01
2.758070820710942783e+01
2.758168709286171350e+01
2.758177453886920460e+01
2.758185254910572581e+01
2.758192892695386789e+01
2.758827308172124049e+01
2.758758731819423460e+01
2.758649170251924332e+01
2.758571312874894232e+01
2.758486626830411481e+01
2.758408778889152657e+01
2.758346705669806553e+01
2.758286513471404078e+01
2.758228431583179585e+01
2.758179711395125722e+01
2.758178334716140867e+01
2.758134105483281928e+01
2.758097395616311331e+01
2.758156311154901275e+01
2.758131713515340167e+01
2.758124467786809930e+01
2.758174155141388439e+01
2.758150180262711615e+01
2.758130140572319178e+01
2.758176925483746089e+01
2.758192846460108782e+01
2.758209448699135891e+01
2.758215932960948535e+01
2.758256040649046525e+01
2.758259679554122457e+01
2.758870825004274607e+01
2.758820068105056222e+01
2.758759326272994628e+01
2.758696655297557498e+01
2.758609317801430905e+01
2.758547444148641148e+01
2.758482687867818939e+01
2.758422518787055111e+01
2.758376758600355672e+01
2.758343146025206849e+01
2.758307597701643132e+01
2.758268388770730439e+01
2.758256219456906422e+01
2.758228276364746989e+01
2.758210294616003821e+01
2.758248529775352154e+01
2.758223815132230783e+01
2.758199646348460732e+01
2.758179305185185370e+01
2.758229222300786887e+01
2.758243694886305519e+01
2.758256005264905397e+01
2.758257359298039901e+01
2.758291208711040099e+01
2.758296542280582742e+01
2.758889471974871554e+01
2.758843451832681737e+01
2.758794589636275063e+01
2.758735963775853861e+01
2.758663773994659252e+01
2.758604533393759084e+01
2.758548753361863604e+01
2.758487983222488893e+01
2.758442401843649350e+01
2.758404235565429019e+01
2.758376519875350041e+01
2.758400720740741718e+01
2.758319258899200221e+01
2.758290197668180355e+01
2.758337147705599435e+01
2.758322894973544592e+01
2.758299681089796707e+01
2.758244700739491151e+01
2.758269888586526619e+01
2.758269346029695512e+01
2.758278021277528325e+01
2.758330573803962693e+01
2.758326222026389729e+01
2.758323352136648410e+01
2.758324735420672980e+01
2.758935492117061017e+01
2.758901656385928902e+01
2.758844629416899252e+01
2.758800975294280988e+01
2.758756672934196885e+01
2.758707183730809120e+01
2.758647769983511822e+01
2.758596361072519443e+01
2.758546758639879926e+01
2.758497446357197802e+01
2.758493062969792220e+01
2.758454455569279062e+01
2.758413397227255359e+01
2.758372113842094109e+01
2.758396097212964904e+01
2.758373445229378618e+01
2.758349918078034335e+01
2.758337896434026248e+01
2.758322096707320270e+01
2.758319898644472090e+01
2.758327230238518268e+01
2.758360599842564298e+01
2.758355716831085758e+01
2.758354431679079255e+01
2.758363172033731558e+01
2.758938999393131652e+01
2.758911982421893327e+01
2.758857513490374203e+01
2.758822179358811510e+01
2.758781954667153613e+01
2.758740828859367511e+01
2.758675712132094304e+01
2.758634710876485130e+01
2.758588612417396391e+01
2.758582956144486431e+01
2.758559886628034619e+01
2.758504174533689834e+01
2.758458873869037120e+01
2.758471062526191275e+01
2.758460581271794609e+01
2.758439979681240573e+01
2.758433452958458432e+01
2.758408254260286441e+01
2.758387759293944441e+01
2.758410799559506543e+01
2.758403410879046191e+01
2.758396338296913441e+01
2.758389919141920288e+01
2.758424609753902601e+01
2.758432840105133721e+01
2.758938834267139839e+01
2.758916460167008466e+01
2.758891205325999252e+01
2.758864218077439290e+01
2.758805641754815596e+01
2.758771885755948361e+01
2.758733106624403320e+01
2.758695628213887119e+01
2.758639368373037470e+01
2.758608904514662541e+01
2.758585706199936638e+01
2.758566819560757111e+01
2.758519375088938830e+01
2.758508215874397607e+01
2.758496349448822116e+01
2.758476217759662674e+01
2.758459822164019926e+01
2.758442181518397263e+01
2.758426777150495113e+01
2.758444779657934731e+01
2.758435514674416211e+01
2.758427709404667283e+01
2.758419553124238277e+01
2.758456001620352893e+01
2.758458949826993489e+01
2.758936990989280247e+01
2.758914184730838315e+01
2.758890764203706070e+01
2.758864901227257604e+01
2.758811991085103443e+01
2.758779977401346173e+01
2.758746060522583576e+01
2.758723538280847976e+01
2.758689199623123045e+01
2.758624649985685195e+01
2.758604908465655470e+01
2.758592917016114399e+01
2.758561052889326959e+01
2.758541605293562782e+01
2.758523151756271119e+01
2.758503670191731416e+01
2.758489830274656640e+01
2.758475528004804289e+01
2.758481722116659540e+01
2.758475524702284432e+01
2.758467841625769879e+01
2.758481230041203602e+01
2.758479850531487187e+01
2.758483194568719910e+01
2.758484048977781455e+01
2.758956234300602617e+01
2.758935858696763432e+01
2.758895271199711274e+01
2.758870197525504864e+01
2.758844089690799706e+01
2.758816371641777820e+01
2.758768950287598543e+01
2.758736762042078183e+01
2.758705254587433586e+01
2.758670620118288497e+01
2.758637171253766240e+01
2.758607739668735803e+01
2.758582681091762723e+01
2.758564612062138011e+01
2.758534347298530420e+01
2.758514491605671992e+01
2.758502904950705670e+01
2.758489136273701803e+01
2.758500536100402911e+01
2.758490698365586269e+01
2.758487366594855672e+01
2.758503154998636475e+01
2.758507867222660437e+01
2.758510184176222779e+01
2.758510750794269484e+01
2.758955376117232561e+01
2.758937993539946021e+01
2.758902382468505365e+01
2.758878037235817615e+01
2.758851680768547254e+01
2.758825156344553520e+01
2.758809814724528664e+01
2.758753160940240790e+01
2.758722186606656379e+01
2.758711853965652239e+01
2.758686066947160143e+01
2.758656467405406332e+01
2.758628590835431993e+01
2.758603442146846163e+01
2.758575485372818648e+01
2.758548775535925301e+01
2.758539594058980171e+01
2.758529406728849054e+01
2.758525076181760838e+01
2.758514650126624090e+01
2.758522646942524048e+01
2.758522645998946743e+01
2.758526132516321283e+01
2.758550250346928578e+01
2.758556288296773928e+01
2.758970681409539338e+01
2.758945566689729034e+01
2.758929083341416089e+01
2.758909533367537037e+01
2.758865743369817025e+01
2.758842438430879085e+01
2.758816829276669935e+01
2.758792206632315924e+01
2.758748878043796182e+01
2.758726542158537498e+01
2.758700139927777784e+01
2.758675289881343318e+01
2.758638640403306752e+01
2.758616316312761896e+01
2.758587828776617101e+01
2.758569725778216863e+01
2.758558507590106856e+01
2.758550744309538771e+01
2.758541610955025547e+01
2.758545309777246857e+01
2.758543247117712127e+01
2.758543976031019795e+01
2.758545363561141528e+01
2.758564737086103236e+01
2.758577431972370420e+01
2.758957926134338123e+01
2.758945322303260639e+01
2.758929674492467754e+01
2.758909858901635914e+01
2.758884904589931963e+01
2.758862672498153756e+01
2.758815665846108800e+01
2.758795069917017528e+01
2.758775131189374363e+01
2.758753871925583567e+01
2.758709100607682174e+01
2.758686854834036239e+01
2.758664838821413312e+01
2.758646370658676616e+01
2.758622640166467832e+01
2.758609331011510335e+01
2.758592115919158516e+01
2.758580182027820626e+01
2.758576445934303578e+01
2.758570016399962554e+01
2.758565904290972526e+01
2.758563404755241777e+01
2.758579905087942308e+01
2.758583567582445539e+01
2.758588948802631435e+01
2.758966764621008494e+01
2.758954679757334816e+01
2.758941445144968085e+01
2.758900893503845708e+01
2.758879261998890087e+01
2.758857641345070988e+01
2.758816901460317794e+01
2.758798293648170485e+01
2.758780042036377367e+01
2.758756994693987252e+01
2.758720567428357384e+01
2.758696334481344437e+01
2.758676339139075395e+01
2.758655719148768171e+01
2.758640769113238278e+01
2.758623405407493934e+01
2.758608653523154430e+01
2.758596370036501710e+01
2.758593038737559766e+01
2.758588321795650344e+01
2.758584228558202156e+01
2.758596780020750572e+01
2.758598035921867009e+01
2.758600960539080305e+01
2.758621031367517062e+01
2.758962882273041473e+01
2.758949471683546051e+01
2.758930102404681151e+01
2.758914185202626967e+01
2.758875674990554572e+01
2.758857847988455347e+01
2.758839786979235953e+01
2.758822021781436362e+01
2.758793576706261064e+01
2.758774932094607024e+01
2.758755054699475195e+01
2.758731381765469592e+01
2.758702632858468817e+01
2.758682908794615329e+01
2.758666388646795653e+01
2.758647947847794768e+01
2.758636445171189777e+01
2.758627502419250277e+01
2.758616792347407198e+01
2.758609524444815264e+01
2.758619727343968364e+01
2.758617015975179498e+01
2.758615231199099682e+01
2.758615586455876922e+01
2.758636734849358874e+01
2.758971673109068590e+01
2.758937538735785111e+01
2.758923223255853330e+01
2.758907667915615747e+01
2.758891132670562740e+01
2.758861322711116060e+01
2.758844455326924816e+01
2.758827459144459482e+01
2.758801088523532741e+01
2.758784415988012029e+01
2.758763321378424749e+01
2.758740909063421043e+01
2.758710562680394673e+01
2.758691276436314155e+01
2.758672365735918675e+01
2.758657902114382665e+01
2.758652395398442891e+01
2.758644640610068421e+01
2.758634767019322354e+01
2.758651957106880914e+01
2.758639226836472957e+01
2.758635598782533549e+01
2.758632448650394409e+01
2.758647152884090303e+01
2.758649185349157662e+01
2.758963241775915520e+01
2.758946916476766731e+01
2.758916688040877574e+01
2.758899028051924418e+01
2.758888755328066011e+01
2.758878234443431055e+01
2.758864831874340950e+01
2.758839658652750515e+01
2.758823206442481890e+01
2.758808034666334663e+01
2.758773177041205926e+01
2.758755431658525481e+01
2.758736963495788430e+01
2.758717869741435891e+01
2.758697432333297073e+01
2.758689264258154239e+01
2.758680986728068163e+01
2.758673141828081299e+01
2.758679548716571972e+01
2.758670493207169017e+01
2.758660063377724114e+01
2.758653392287645900e+01
2.758662001956870569e+01
2.758663063481104771e+01
2.758665981021489699e+01
2.758958390846058606e+01
2.758941840031983261e+01
2.758926976333757963e+01
2.758900001823488779e+01
2.758891381774916240e+01
2.758880836829065331e+01
2.758868952475524949e+01
2.758846784546989284e+01
2.758831356117871536e+01
2.758813534777234722e+01
2.758782860029378625e+01
2.758764846199013832e+01
2.758746106286072930e+01
2.758726781355331426e+01
2.758717580063267150e+01
2.758709718650680998e+01
2.758702353087859294e+01
2.758693329660077964e+01
2.758691454772385754e+01
2.758679410954315614e+01
2.758669094354122109e+01
2.758677575225072687e+01
2.758676871788346929e+01
2.758676456614423955e+01
2.758690753222813896e+01
2.754650792250793501e+01
2.754583647145155467e+01
2.752431212453727838e+01
2.749528295709250258e+01
2.747960722642503129e+01
2.747818884074110812e+01
2.748106336397244931e+01
2.748028845305738344e+01
2.748045592782181501e+01
2.748195525930594840e+01
2.748178167732601196e+01
2.748148149659828832e+01
2.748074653453183203e+01
2.747964141070719180e+01
2.747898229501678102e+01
2.747842113664435360e+01
2.747768948013348478e+01
2.747679399706282410e+01
2.747601009664903060e+01
2.747516135494059597e+01
2.747446351990700464e+01
2.747336164117047019e+01
2.747240290911548044e+01
2.747130562590744418e+01
2.746962378341212840e+01
2.750825038963180091e+01
2.751639368628612914e+01
2.749878067833099493e+01
2.749375889440895193e+01
2.748689027239385041e+01
2.748409361112122795e+01
2.748314477557717339e+01
2.748234331943828224e+01
2.748187106841763239e+01
2.748288059315601828e+01
2.748273607587825040e+01
2.748252222255647936e+01
2.748169742597021781e+01
2.748052758178589627e+01
2.747970639309261998e+01
2.747900769135847909e+01
2.747828260564713077e+01
2.747730726519090538e+01
2.747630771758675650e+01
2.747535454853995063e+01
2.747452755496857435e+01
2.747340521806789226e+01
2.747258360610225836e+01
2.747154531899910523e+01
2.747054945991125052e+01
2.748553570005740454e+01
2.748159007603696935e+01
2.748710606067498929e+01
2.748910967078847634e+01
2.748453228253452352e+01
2.748421331657626965e+01
2.748373590566397340e+01
2.748368716887490137e+01
2.748321294258322567e+01
2.748330156775342914e+01
2.748345384502449207e+01
2.748275141446240255e+01
2.748226944833325902e+01
2.748187334602605247e+01
2.748124843477362944e+01
2.748001449506025651e+01
2.747956199674981548e+01
2.747902206246294909e+01
2.747798361411318524e+01
2.747610698570819565e+01
2.747511114677617172e+01
2.747431865998018097e+01
2.747369876752861728e+01
2.747171706679880643e+01
2.747061488572486709e+01
2.746579447866784207e+01
2.747348166911874046e+01
2.747974489072170456e+01
2.748326296934521196e+01
2.748209768037773415e+01
2.748222012702521511e+01
2.748263364396672870e+01
2.748209129098065517e+01
2.748261034383100920e+01
2.748298298475588552e+01
2.748333268834992538e+01
2.748202580469955691e+01
2.748166106485876625e+01
2.748154589446474105e+01
2.748132184229463704e+01
2.747977389495639144e+01
2.747967773150698889e+01
2.747934905044024489e+01
2.747846951062854259e+01
2.747625674350091884e+01
2.747513597875472158e+01
2.747439396214890550e+01
2.747349644333974439e+01
2.747251753530218465e+01
2.747060257051472831e+01
2.744875230388197451e+01
2.746727605286861262e+01
2.747376562440593162e+01
2.747348624449141141e+01
2.747739842999527582e+01
2.747939196219538616e+01
2.747951622286727513e+01
2.748017606416744840e+01
2.748106124761063995e+01
2.748145926472139067e+01
2.748138690530337058e+01
2.748152636346862465e+01
2.748107412718393050e+01
2.747986243950328600e+01
2.747979278096605427e+01
2.747931240714722279e+01
2.747907557618296082e+01
2.747877140460154166e+01
2.747818630110693761e+01
2.747741826332879356e+01
2.747628286545237941e+01
2.747407189219333290e+01
2.747310042165584321e+01
2.747196246398943487e+01
2.747110545839203155e+01
2.744651589396957547e+01
2.745405473753562475e+01
2.746378633349333853e+01
2.746898673835200455e+01
2.747293181816511520e+01
2.747652862544789087e+01
2.747670597656742686e+01
2.747861858312315420e+01
2.747958497439230285e+01
2.747935441189016004e+01
2.747990202554701611e+01
2.748019261210120945e+01
2.747984329146787630e+01
2.747876551910012921e+01
2.747858562834642626e+01
2.747817324013120910e+01
2.747823804111419577e+01
2.747805325249458974e+01
2.747777236089306285e+01
2.747724095252091203e+01
2.747584381107837714e+01
2.747472117184029372e+01
2.747368443673580174e+01
2.747098454358738451e+01
2.747060845601613721e+01
2.744650255081226931e+01
2.745070284370363822e+01
2.745503727362199697e+01
2.745999306736727519e+01
2.746441211144631467e+01
2.746813283675191997e+01
2.747094608626995438e+01
2.747376415303057939e+01
2.747456891472505802e+01
2.747612038933298351e+01
2.747710871014163203e+01
2.747649419929580716e+01
2.747680101129053298e+01
2.747710542474187179e+01
2.747735973080792249e+01
2.747564771503996894e+01
2.747620333056003972e+01
2.747685498859455677e+01
2.747711669184902306e+01
2.747591721859938474e+01
2.747500496588087415e+01
2.747391884900085302e+01
2.747278865132773973e+01
2.747045533220034841e+01
2.747031821211099967e+01
2.744674300982534731e+01
2.744966786215606902e+01
2.745332882543537778e+01
2.745668317827822591e+01
2.746114632330618477e+01
2.746415327031924392e+01
2.746746309894081506e+01
2.747010619296946032e+01
2.747148170720989668e+01
2.747308681647279016e+01
2.747471968030911427e+01
2.747419417759419957e+01
2.747492408054814206e+01
2.747521087780690863e+01
2.747562040389472671e+01
2.747364309713514530e+01
2.747464014541677813e+01
2.747536666219182777e+01
2.747449181868775625e+01
2.747489287932834046e+01
2.747453729023289171e+01
2.747078022397166563e+01
2.747031732525462289e+01
2.747003778409348485e+01
2.746987055119897647e+01
2.744421931891434241e+01
2.744639056503887176e+01
2.745051366111380275e+01
2.745288469179303448e+01
2.745581329310753560e+01
2.745847922368788474e+01
2.746167239038424768e+01
2.746391071510018733e+01
2.746640185435099824e+01
2.746821025528245031e+01
2.746902938808139538e+01
2.747052343873892255e+01
2.747175540318127673e+01
2.747051281661822841e+01
2.747093945500295575e+01
2.747121069196347065e+01
2.747170960914290916e+01
2.747184392757234406e+01
2.747280654970189318e+01
2.747304962897244351e+01
2.747269528953825457e+01
2.746909759539910567e+01
2.746908278086644728e+01
2.746905595346104789e+01
2.746913488367858491e+01
2.744404593849267471e+01
2.744610483603892348e+01
2.744937862604226808e+01
2.745179674073278164e+01
2.745422404648028802e+01
2.745692448383602624e+01
2.745963945354284874e+01
2.746197218815126462e+01
2.746380163176583977e+01
2.746563161958773591e+01
2.746607627728157297e+01
2.746782211452680755e+01
2.746898929814199874e+01
2.746755684369100692e+01
2.746846883438377063e+01
2.746890365603415773e+01
2.746771831201906622e+01
2.746896670346021807e+01
2.747021819889868510e+01
2.746905869465348360e+01
2.746852107828669531e+01
2.746773629101652503e+01
2.746768471225588115e+01
2.746684741905703930e+01
2.746698268481032912e+01
2.744345871863626485e+01
2.744508132315677429e+01
2.744668943563785390e+01
2.744870134995196054e+01
2.745159080865091994e+01
2.745383798177480017e+01
2.745583129226081809e+01
2.745811645911811283e+01
2.746036002434900780e+01
2.746179526030408979e+01
2.746247489462612990e+01
2.746378724050554254e+01
2.746450438482115430e+01
2.746568148510310436e+01
2.746605596020821594e+01
2.746516215007117623e+01
2.746615871461296265e+01
2.746758578745821566e+01
2.746863078645167278e+01
2.746729643040945490e+01
2.746666295293066185e+01
2.746629871698554126e+01
2.746634253575288653e+01
2.746585809045705062e+01
2.746569511044198464e+01
2.744316958330159650e+01
2.744451687938458662e+01
2.744616683536199275e+01
2.744777367802598889e+01
2.745045510843710446e+01
2.745220237674603680e+01
2.745427844705667297e+01
2.745624611933107317e+01
2.745878133937497623e+01
2.745990164053715787e+01
2.746081469948873632e+01
2.745999641323451357e+01
2.746289214039559212e+01
2.746378320934019257e+01
2.746229909550525150e+01
2.746280964259672075e+01
2.746354887769844666e+01
2.746603794089910267e+01
2.746556315024428230e+01
2.746578006725171761e+01
2.746542336958579966e+01
2.746390168528980524e+01
2.746421990548246583e+01
2.746466051185512924e+01
2.746470636636097495e+01
2.744166503145833502e+01
2.744277198946321050e+01
2.744487039242988047e+01
2.744620519190029029e+01
2.744778077287700313e+01
2.744923854304638766e+01
2.745156900004637990e+01
2.745330562607879088e+01
2.745536615624700616e+01
2.745694671571292744e+01
2.745726779803298712e+01
2.745817737002654013e+01
2.745972007684983041e+01
2.746113102503368353e+01
2.746050808905228280e+01
2.746113306077218752e+01
2.746217731400005491e+01
2.746299564056593212e+01
2.746383456638674048e+01
2.746385363379884481e+01
2.746374205114197764e+01
2.746285989107279946e+01
2.746338057654511999e+01
2.746359134602539953e+01
2.746339656011572927e+01
2.744151142390270692e+01
2.744254378519279669e+01
2.744451661735883974e+01
2.744578062956571785e+01
2.744699388940085072e+01
2.744839917379738736e+01
2.745069002459782581e+01
2.745244930577949916e+01
2.745402015013692676e+01
2.745447456325091196e+01
2.745534783460049510e+01
2.745686879328672703e+01
2.745817870031110530e+01
2.745827554905861945e+01
2.745861727094526472e+01
2.745892922267580971e+01
2.745968946014900425e+01
2.746057710260305740e+01
2.746157056314752865e+01
2.746064849454139178e+01
2.746112733651738935e+01
2.746144055806501783e+01
2.746199822947941982e+01
2.746095841053343278e+01
2.746072770694050291e+01
2.744174948437240147e+01
2.744259854857406467e+01
2.744346347541137732e+01
2.744447435059015561e+01
2.744646530284444452e+01
2.744761539431855368e+01
2.744882268802896874e+01
2.745032869109175522e+01
2.745257396956792206e+01
2.745379883915925845e+01
2.745439520976101377e+01
2.745491930156805438e+01
2.745647172349983833e+01
2.745713872011850754e+01
2.745717665338444036e+01
2.745798532530930558e+01
2.745872736207094889e+01
2.745965211140204332e+01
2.746016415002469202e+01
2.745967131990493115e+01
2.746005544965105116e+01
2.746052314545486084e+01
2.746093406229472578e+01
2.745985098894454524e+01
2.745976159785292836e+01
2.744190129805944878e+01
2.744267929281600615e+01
2.744354492510725407e+01
2.744444927674168255e+01
2.744632683231469983e+01
2.744734591091496512e+01
2.744861429693624544e+01
2.744956460385565222e+01
2.745071828306692296e+01
2.745303862184189114e+01
2.745380329359696958e+01
2.745390266182282701e+01
2.745483950464996781e+01
2.745582748280956409e+01
2.745598078802779085e+01
2.745702548468385018e+01
2.745750610037260131e+01
2.745821735918680417e+01
2.745807884834540857e+01
2.745852935122900007e+01
2.745883213205837592e+01
2.745885766949086104e+01
2.745894911647680559e+01
2.745891495235047230e+01
2.745889953314301124e+01
2.744119731549870167e+01
2.744187870337766810e+01
2.744330827554543362e+01
2.744421397762025450e+01
2.744516071695832693e+01
2.744611614345772566e+01
2.744784182487621393e+01
2.744892852627521052e+01
2.745015893871890356e+01
2.745126315553133978e+01
2.745230535286488305e+01
2.745314224294719097e+01
2.745409013116739061e+01
2.745457935339416267e+01
2.745561316590377743e+01
2.745639722756418521e+01
2.745708317065999537e+01
2.745762074671512920e+01
2.745755745741914922e+01
2.745792022198891758e+01
2.745828216016979084e+01
2.745808296013406391e+01
2.745807880803375411e+01
2.745803535207128832e+01
2.745814985732303271e+01
2.744104449402031420e+01
2.744167952349776485e+01
2.744294127825204654e+01
2.744385603029307674e+01
2.744476644883135208e+01
2.744576152184196260e+01
2.744629885602717678e+01
2.744833723494179978e+01
2.744936161452449497e+01
2.744955869819841610e+01
2.745058731050473000e+01
2.745136728053230968e+01
2.745227098718028103e+01
2.745294749734917517e+01
2.745401347855827368e+01
2.745499633713787802e+01
2.745573718470574320e+01
2.745619165828720654e+01
2.745661869978846781e+01
2.745697600212918843e+01
2.745701826889787256e+01
2.745721017252432006e+01
2.745730776703742393e+01
2.745659610510668358e+01
2.745649687797161675e+01
2.744026964357273002e+01
2.744119354635909858e+01
2.744189591645370641e+01
2.744270122235550602e+01
2.744435686227605231e+01
2.744527487956101552e+01
2.744612059789543679e+01
2.744695359790318534e+01
2.744839903270660031e+01
2.744926446343958304e+01
2.745004949257967297e+01
2.745083681948401733e+01
2.745191124598452248e+01
2.745270288623578736e+01
2.745356898211105090e+01
2.745444414810835099e+01
2.745499571230724811e+01
2.745554435391126447e+01
2.745591211712606849e+01
2.745597564829197168e+01
2.745617960510281108e+01
2.745639964626339236e+01
2.745647045368275130e+01
2.745586843944951028e+01
2.745566496637851372e+01
2.744062206820337835e+01
2.744120848182671679e+01
2.744189696455669747e+01
2.744266994051239550e+01
2.744359847913892025e+01
2.744449873914051707e+01
2.744618747492857835e+01
2.744678793716316179e+01
2.744746567683748850e+01
2.744825070597757843e+01
2.744941085520923707e+01
2.745028168770378585e+01
2.745097837385524997e+01
2.745169477240527556e+01
2.745243187098936488e+01
2.745297128122473396e+01
2.745361062404910868e+01
2.745432843350700480e+01
2.745458338455950908e+01
2.745501383239549043e+01
2.745518350414503672e+01
2.745541271620679069e+01
2.745509526193554350e+01
2.745515883341310115e+01
2.745509016251137879e+01
2.744026065407400239e+01
2.744079540831339159e+01
2.744138962224168310e+01
2.744295470203266163e+01
2.744372630739214003e+01
2.744452780384268564e+01
2.744584081486437910e+01
2.744650031351550012e+01
2.744720266345428072e+01
2.744787304625184277e+01
2.744897252644499730e+01
2.744974233793589491e+01
2.745054026680510617e+01
2.745120385708905530e+01
2.745175010014969175e+01
2.745228497532404077e+01
2.745304882069022412e+01
2.745360895111548771e+01
2.745394146178931294e+01
2.745427574617589173e+01
2.745450826379322962e+01
2.745411976023270384e+01
2.745444400701756393e+01
2.745449911304788770e+01
2.745382804495221407e+01
2.744051691525524461e+01
2.744110772284881605e+01
2.744205530873161436e+01
2.744258042848581880e+01
2.744374122270393102e+01
2.744431145119839499e+01
2.744500708924687160e+01
2.744563927675275039e+01
2.744658625796074602e+01
2.744718385806792682e+01
2.744785307182753797e+01
2.744844561282220852e+01
2.744936117109630658e+01
2.745007120040508042e+01
2.745075438215262409e+01
2.745126692467094287e+01
2.745206066112818988e+01
2.745233758203184848e+01
2.745277504409553870e+01
2.745322484152519493e+01
2.745309221618520823e+01
2.745341918400667680e+01
2.745366282764037891e+01
2.745382508204568239e+01
2.745320801140986333e+01
2.744019224519802691e+01
2.744179241628336996e+01
2.744231396845624005e+01
2.744273718035042009e+01
2.744316063411452333e+01
2.744419362023523945e+01
2.744484239598653019e+01
2.744545404470495598e+01
2.744628392055955857e+01
2.744690028574144236e+01
2.744742093090211199e+01
2.744798118226233541e+01
2.744881196512914201e+01
2.744967912926322029e+01
2.745028717008866082e+01
2.745090798970825574e+01
2.745121982050383735e+01
2.745161507626632158e+01
2.745199600123599026e+01
2.745160068500602435e+01
2.745241026394309358e+01
2.745282585693476207e+01
2.745306286930146555e+01
2.745261927986644679e+01
2.745265678986002200e+01
2.744083787664034446e+01
2.744150614307610070e+01
2.744248787292940150e+01
2.744275870677338602e+01
2.744302712191815630e+01
2.744348302656332095e+01
2.744403293798442434e+01
2.744480528910949246e+01
2.744531730757631394e+01
2.744586109162608523e+01
2.744643809247833488e+01
2.744693987178517247e+01
2.744756119530043392e+01
2.744841320225280157e+01
2.744919337383864999e+01
2.744963146073296656e+01
2.745002923597379407e+01
2.745044537317278710e+01
2.745052319481985137e+01
2.745097748699887319e+01
2.745145771972691762e+01
2.745196008355272710e+01
2.745193744855929197e+01
2.745203260421735791e+01
2.745210375428577265e+01
2.744109222301804962e+01
2.744168240578099116e+01
2.744217525605657571e+01
2.744262594034261227e+01
2.744293942391598762e+01
2.744335888682639180e+01
2.744384822998812368e+01
2.744442388039998448e+01
2.744487918037034291e+01
2.744537906502946356e+01
2.744605138278639345e+01
2.744654929217449180e+01
2.744728088821788248e+01
2.744804493514233101e+01
2.744853855133933607e+01
2.744886229422852608e+01
2.744931775544549879e+01
2.744967384843661407e+01
2.745020179000656668e+01
2.745073164638005636e+01
2.745117848090318091e+01
2.745097051308281877e+01
2.745123886776011091e+01
2.745144481999779984e+01
2.745073219058737735e+01
