1.635272336442171097e+09
1.635272337418193102e+09
1.635272338417968035e+09
1.635272339418062925e+09
1.635272340417803049e+09
1.635272341417988062e+09
1.635272342418052912e+09
1.635272343418087006e+09
1.635272344418067932e+09
1.635272345418040991e+09
1.635272346418046951e+09
1.635272347418152094e+09
1.635272348418056965e+09
1.635272349418076038e+09
1.635272350418101072e+09
1.635272351418098927e+09
1.635272352418087006e+09
1.635272353418056011e+09
1.635272354418049097e+09
1.635272355418059111e+09
1.635272356417970896e+09
