0.000000000000000000e+00
-1.000192626953125000e+03
-1.000269775390625000e+03
-1.000254638671875000e+03
-9.995040893554687500e+02
-9.999609375000000000e+02
-1.000219543457031250e+03
-9.993601074218750000e+02
-1.001211791992187500e+03
-1.000147155761718750e+03
-9.998931274414062500e+02
-9.990511474609375000e+02
-1.000437744140625000e+03
-9.994471435546875000e+02
-1.000426147460937500e+03
-1.000679626464843750e+03
-9.994825439453125000e+02
-1.000894897460937500e+03
-9.995637207031250000e+02
-1.000653686523437500e+03
-9.996238403320312500e+02
