0.000000000000000000e+00
3.637866592407226562e+01
3.537091827392578125e+01
3.496968078613281250e+01
3.648868560791015625e+01
3.601446914672851562e+01
3.580517578125000000e+01
3.504992675781250000e+01
3.581031417846679688e+01
3.634106063842773438e+01
3.505289840698242188e+01
3.473635864257812500e+01
3.580217742919921875e+01
3.612061691284179688e+01
3.566993713378906250e+01
3.550368881225585938e+01
3.634282684326171875e+01
3.455414199829101562e+01
3.628557586669921875e+01
3.531865310668945312e+01
3.538627624511718750e+01
