1.635175247071058989e+09
1.635175249065810919e+09
1.635175250066560984e+09
1.635175251065917969e+09
1.635175252066533089e+09
1.635175253066035032e+09
1.635175254065684080e+09
1.635175255065639019e+09
1.635175256065373898e+09
1.635175257065593958e+09
1.635175258065609932e+09
1.635175259065638065e+09
1.635175260065651894e+09
1.635175261065642118e+09
1.635175262065866947e+09
1.635175263065622091e+09
1.635175264189526081e+09
1.635175265065227985e+09
1.635175266065982103e+09
1.635175267065680981e+09
1.635175268066694021e+09
1.635175269066226006e+09
1.635175270065274954e+09
1.635175271065762997e+09
1.635175272065318108e+09
1.635175273066085100e+09
1.635175274066175938e+09
1.635175275064969063e+09
1.635175276065675974e+09
1.635175277065452099e+09
1.635175278065006018e+09
1.635175279066564083e+09
1.635175280065854073e+09
1.635175281065896034e+09
1.635175282066171885e+09
1.635175283065295935e+09
1.635175284064845085e+09
1.635175285066453934e+09
1.635175286065232038e+09
1.635175287065712929e+09
1.635175288065584898e+09
1.635175289065380096e+09
1.635175290065956116e+09
1.635175291064641953e+09
1.635175292065805912e+09
1.635175293065445900e+09
1.635175294065850973e+09
1.635175295066092014e+09
1.635175296065787077e+09
1.635175297065861940e+09
1.635175298065759897e+09
1.635175299066274881e+09
1.635175300065144062e+09
1.635175301065906048e+09
1.635175302066018105e+09
1.635175303065308094e+09
1.635175304065366030e+09
1.635175305066000938e+09
1.635175306065960884e+09
1.635175307065876961e+09
1.635175308065928936e+09
1.635175309065917969e+09
1.635175310064574957e+09
1.635175311065742970e+09
1.635175312065973997e+09
1.635175313065901995e+09
1.635175314066085100e+09
1.635175315066143990e+09
1.635175316066155910e+09
1.635175317064963102e+09
1.635175318065105915e+09
1.635175319065932035e+09
1.635175320065779924e+09
1.635175321065710068e+09
1.635175322067518950e+09
1.635175323065896988e+09
1.635175324065994024e+09
1.635175325065898895e+09
1.635175326066448927e+09
1.635175327065455914e+09
1.635175328065735102e+09
1.635175329065879107e+09
1.635175330066267014e+09
1.635175331065114975e+09
1.635175332065697908e+09
1.635175333068185091e+09
1.635175334065860987e+09
1.635175335066067934e+09
1.635175336065926075e+09
1.635175337066051006e+09
1.635175338065731049e+09
1.635175339065730095e+09
1.635175340065646887e+09
1.635175341065869093e+09
1.635175342065220118e+09
1.635175343065959930e+09
1.635175344066167116e+09
1.635175345065838099e+09
1.635175346065715075e+09
1.635175347065362930e+09
1.635175348065931082e+09
1.635175349066734076e+09
1.635175350065979004e+09
1.635175351066087008e+09
1.635175352064918995e+09
1.635175353067239046e+09
1.635175354065172911e+09
1.635175355065999031e+09
1.635175356065475941e+09
1.635175357065753937e+09
1.635175358065922976e+09
1.635175359066143036e+09
1.635175360065908909e+09
1.635175361065069914e+09
1.635175362065783024e+09
1.635175363064774036e+09
1.635175364065789938e+09
1.635175365066082954e+09
1.635175366066211939e+09
1.635175367065068007e+09
1.635175368065864086e+09
1.635175369065048933e+09
1.635175370065960884e+09
1.635175371065905094e+09
1.635175372064809084e+09
1.635175373065957069e+09
1.635175374065805912e+09
1.635175375065944910e+09
1.635175376065888882e+09
1.635175377065854073e+09
1.635175378066015005e+09
1.635175379065977097e+09
1.635175380064939976e+09
1.635175381064894915e+09
1.635175382065993071e+09
1.635175383065743923e+09
1.635175384065848112e+09
1.635175385065922976e+09
1.635175386065983057e+09
1.635175387065895081e+09
1.635175388065713882e+09
1.635175389065610886e+09
1.635175390064758062e+09
1.635175391064867973e+09
1.635175392065630913e+09
1.635175393065850019e+09
1.635175394065042973e+09
1.635175395065481901e+09
1.635175396065735102e+09
1.635175397065757036e+09
1.635175398066174984e+09
1.635175399066502094e+09
1.635175400066207886e+09
1.635175401066020012e+09
1.635175402065915108e+09
1.635175403064882994e+09
1.635175404065757990e+09
1.635175405065431118e+09
1.635175406065902948e+09
1.635175407077791929e+09
1.635175408065992117e+09
1.635175409065800905e+09
1.635175410065035105e+09
1.635175411065345049e+09
1.635175412064917088e+09
1.635175413065871954e+09
1.635175414065848112e+09
1.635175415066248894e+09
1.635175416064734936e+09
1.635175417066080093e+09
1.635175418065423965e+09
1.635175419066128969e+09
1.635175420065625906e+09
1.635175421065773010e+09
1.635175422065845966e+09
1.635175423065510988e+09
1.635175424064791918e+09
1.635175425065813065e+09
1.635175426066034079e+09
1.635175427065952063e+09
1.635175428066071033e+09
1.635175429065812111e+09
1.635175430065642118e+09
1.635175431065983057e+09
1.635175432065651894e+09
1.635175433065793037e+09
1.635175434065663099e+09
1.635175435065972090e+09
1.635175436065929890e+09
1.635175437065697908e+09
1.635175438065285921e+09
1.635175439066025019e+09
1.635175440065856934e+09
1.635175441064897060e+09
1.635175442066203117e+09
1.635175443066195011e+09
1.635175444065860987e+09
1.635175445065099001e+09
1.635175446066076994e+09
1.635175447065820932e+09
1.635175448065843105e+09
1.635175449065907001e+09
1.635175450065697908e+09
1.635175451065222025e+09
1.635175452064996004e+09
1.635175453065803051e+09
1.635175454065947056e+09
1.635175455065870047e+09
1.635175456065761089e+09
1.635175457065742016e+09
1.635175458065231085e+09
1.635175459065392017e+09
1.635175460065664053e+09
1.635175461065807104e+09
1.635175462065766096e+09
1.635175463064723969e+09
1.635175464065546036e+09
1.635175465065788031e+09
1.635175466065988064e+09
1.635175467065746069e+09
1.635175468065257072e+09
1.635175469065748930e+09
1.635175470065640926e+09
1.635175471065941095e+09
1.635175472065908909e+09
1.635175473066046000e+09
1.635175474065434933e+09
1.635175475065897942e+09
1.635175476065804005e+09
1.635175477065383911e+09
1.635175478065032959e+09
1.635175479066175938e+09
1.635175480065766096e+09
1.635175481065779924e+09
1.635175482065043926e+09
1.635175483065141916e+09
1.635175484065990925e+09
1.635175485065789938e+09
1.635175486065435886e+09
1.635175487065963030e+09
1.635175488065773010e+09
1.635175489065818071e+09
1.635175490065741062e+09
1.635175491065794945e+09
1.635175492065821886e+09
1.635175493065778017e+09
1.635175494065728903e+09
1.635175495065818071e+09
1.635175496065257072e+09
1.635175497065723896e+09
1.635175498065803051e+09
1.635175499065890074e+09
1.635175500064841986e+09
1.635175501065625906e+09
1.635175502065879107e+09
1.635175503065825939e+09
1.635175504065902948e+09
1.635175505065845966e+09
1.635175506065840006e+09
1.635175507064584970e+09
1.635175508065963984e+09
1.635175509066128016e+09
1.635175510066023111e+09
1.635175511065953016e+09
1.635175512065932035e+09
1.635175513065809965e+09
1.635175514066417933e+09
1.635175515065062046e+09
1.635175516064937115e+09
1.635175517065951109e+09
1.635175518064671040e+09
1.635175519065727949e+09
1.635175520065083981e+09
1.635175521064656019e+09
1.635175522065937042e+09
1.635175523066293955e+09
1.635175524066252947e+09
1.635175525065494061e+09
1.635175526066042900e+09
1.635175527065887928e+09
1.635175528066001892e+09
1.635175529065768957e+09
1.635175530065610886e+09
1.635175531065756083e+09
1.635175532065469980e+09
1.635175533066093922e+09
1.635175534064773083e+09
1.635175535066041946e+09
1.635175536065956116e+09
1.635175537066062927e+09
1.635175538065994024e+09
1.635175539065850973e+09
1.635175540065679073e+09
1.635175541065742016e+09
1.635175542066004992e+09
1.635175543065809965e+09
1.635175544065753937e+09
1.635175545066001892e+09
1.635175546065910101e+09
1.635175547065771103e+09
1.635175548065901041e+09
1.635175549065876007e+09
1.635175550065202951e+09
1.635175551065815926e+09
1.635175552066067934e+09
1.635175553065697908e+09
1.635175554065864086e+09
1.635175555065116882e+09
1.635175556065732956e+09
1.635175557065711021e+09
1.635175558066741943e+09
1.635175559066802979e+09
1.635175560066812992e+09
1.635175561065937996e+09
1.635175562065673113e+09
1.635175563065473080e+09
1.635175564065285921e+09
1.635175565065671921e+09
1.635175566066060066e+09
1.635175567066380978e+09
1.635175568067287922e+09
1.635175569065479040e+09
1.635175570065851927e+09
1.635175571066035986e+09
1.635175572066076994e+09
1.635175573065809011e+09
1.635175574065871954e+09
1.635175575065814972e+09
1.635175576064737082e+09
1.635175577065742970e+09
1.635175578065406084e+09
1.635175579065702915e+09
1.635175580065440893e+09
1.635175581065520048e+09
1.635175582065673113e+09
1.635175583065897942e+09
1.635175584065677881e+09
1.635175585065668106e+09
1.635175586065996885e+09
1.635175587065506935e+09
1.635175588066037893e+09
1.635175589065267086e+09
1.635175590065838099e+09
1.635175591065660954e+09
1.635175592065335035e+09
1.635175593065860033e+09
1.635175594066138029e+09
1.635175595065829992e+09
1.635175596065795898e+09
1.635175597065700054e+09
1.635175598066405058e+09
1.635175599066092014e+09
1.635175600066020966e+09
1.635175601065818071e+09
1.635175602065875053e+09
1.635175603065798998e+09
1.635175604065114975e+09
1.635175605065303087e+09
1.635175606065085888e+09
1.635175607065080881e+09
1.635175608067027092e+09
1.635175609065752983e+09
1.635175610065833092e+09
1.635175611065300941e+09
1.635175612065424919e+09
1.635175613065778017e+09
1.635175614065774918e+09
1.635175615065692902e+09
1.635175616066101074e+09
1.635175617065644026e+09
1.635175618065663099e+09
1.635175619066118956e+09
1.635175620065980911e+09
1.635175621066093922e+09
1.635175622065748930e+09
1.635175623065283060e+09
1.635175624066359997e+09
1.635175625065968037e+09
1.635175626065984011e+09
1.635175627065797091e+09
1.635175628066165924e+09
1.635175629066190004e+09
1.635175630065629005e+09
1.635175631065406084e+09
1.635175632066139936e+09
1.635175633065982103e+09
1.635175634065251112e+09
1.635175635066220045e+09
1.635175636065584898e+09
1.635175637065865040e+09
1.635175638065980911e+09
1.635175639065857887e+09
1.635175640066030025e+09
1.635175641065705061e+09
1.635175642065867901e+09
1.635175643065766096e+09
1.635175644066262960e+09
1.635175645066049099e+09
1.635175646065943956e+09
1.635175647066178083e+09
1.635175648067276955e+09
1.635175649066004038e+09
1.635175650066045046e+09
1.635175651065123081e+09
1.635175652066493034e+09
1.635175653066355944e+09
1.635175654065424919e+09
1.635175655065315008e+09
1.635175656066006899e+09
1.635175657065325975e+09
1.635175658066314936e+09
1.635175659066009998e+09
1.635175660065915108e+09
1.635175661065653086e+09
1.635175662065598965e+09
1.635175663065013885e+09
1.635175664066273928e+09
1.635175665066104889e+09
1.635175666066144943e+09
1.635175667065824986e+09
1.635175668066101074e+09
1.635175669065475941e+09
1.635175670065993071e+09
1.635175671064650059e+09
1.635175672066315889e+09
1.635175673065812111e+09
1.635175674066349983e+09
1.635175675065862894e+09
1.635175676065970898e+09
1.635175677064752102e+09
1.635175678065047026e+09
1.635175679065829992e+09
1.635175680065709114e+09
1.635175681066374063e+09
1.635175682066241980e+09
1.635175683065748930e+09
1.635175684065558910e+09
1.635175685065799952e+09
1.635175686065642118e+09
1.635175687064810038e+09
1.635175688064811945e+09
1.635175689065908909e+09
1.635175690065903902e+09
1.635175691065808058e+09
1.635175692066073895e+09
1.635175693065669060e+09
1.635175694065948009e+09
1.635175695064671040e+09
1.635175696065763950e+09
1.635175697065979958e+09
1.635175698065710068e+09
1.635175699065685987e+09
1.635175700065757036e+09
1.635175701065712929e+09
1.635175702065562010e+09
1.635175703065813065e+09
1.635175704065867901e+09
1.635175705066015959e+09
1.635175706065921068e+09
1.635175707066414118e+09
1.635175708065830946e+09
1.635175709065956116e+09
1.635175710065742970e+09
1.635175711066370010e+09
1.635175712065916061e+09
1.635175713065855980e+09
1.635175714066024065e+09
1.635175715065881968e+09
1.635175716065345049e+09
1.635175717066080093e+09
1.635175718064799070e+09
1.635175719065795898e+09
1.635175720065865993e+09
1.635175721065967083e+09
1.635175722065625906e+09
1.635175723065104008e+09
1.635175724066061020e+09
1.635175725064846992e+09
1.635175726067265987e+09
1.635175727065972090e+09
1.635175728065525055e+09
1.635175729065516949e+09
1.635175730078517914e+09
1.635175731065881968e+09
1.635175732066088915e+09
1.635175733065792084e+09
1.635175734065920115e+09
1.635175735065340042e+09
1.635175736065726995e+09
1.635175737065761089e+09
1.635175738067941904e+09
1.635175739065996885e+09
1.635175740065990925e+09
1.635175741065999985e+09
1.635175742064857006e+09
1.635175743065892935e+09
1.635175744065640926e+09
1.635175745065912962e+09
1.635175746065646887e+09
1.635175747065993071e+09
1.635175748065747976e+09
1.635175749065779924e+09
1.635175750065721035e+09
1.635175751065794945e+09
1.635175752065794945e+09
1.635175753065651894e+09
1.635175754066015959e+09
1.635175755065908909e+09
1.635175756065875053e+09
1.635175757065710068e+09
1.635175758065812111e+09
1.635175759066421032e+09
1.635175760066104889e+09
1.635175761064934969e+09
1.635175762066529036e+09
1.635175763065938950e+09
1.635175764065108061e+09
1.635175765065838099e+09
1.635175766065814018e+09
1.635175767065994978e+09
1.635175768066164970e+09
1.635175769066102028e+09
1.635175770065344095e+09
1.635175771065960884e+09
1.635175772066049099e+09
1.635175773066035032e+09
1.635175774066016912e+09
1.635175775065804958e+09
1.635175776065277100e+09
1.635175777066611052e+09
1.635175778065730095e+09
1.635175779065900087e+09
1.635175780065146923e+09
1.635175781065623999e+09
1.635175782065640926e+09
1.635175783064821005e+09
1.635175784066346884e+09
1.635175785065452099e+09
1.635175786065813065e+09
1.635175787064796925e+09
1.635175788066570044e+09
1.635175789065665960e+09
1.635175790065773010e+09
1.635175791065723896e+09
1.635175792065866947e+09
1.635175793066606045e+09
1.635175794065900087e+09
1.635175795066023111e+09
1.635175796066034079e+09
1.635175797065632105e+09
1.635175798065459013e+09
1.635175799066899061e+09
1.635175800065598965e+09
1.635175801065941095e+09
1.635175802064913034e+09
1.635175803065922022e+09
1.635175804065704107e+09
1.635175805064639091e+09
1.635175806064647913e+09
1.635175807065058947e+09
1.635175808065913916e+09
1.635175809065694094e+09
1.635175810065910101e+09
1.635175811064703941e+09
1.635175812065983057e+09
1.635175813065824986e+09
1.635175814065006018e+09
1.635175815065574884e+09
1.635175816065613985e+09
1.635175817065980911e+09
1.635175818065843105e+09
1.635175819065884113e+09
1.635175820065598965e+09
1.635175821065850973e+09
1.635175822065917015e+09
1.635175823066299915e+09
1.635175824065145969e+09
1.635175825065881968e+09
1.635175826064887047e+09
1.635175827065949917e+09
1.635175828064836025e+09
1.635175829065999985e+09
1.635175830065320969e+09
1.635175831066231012e+09
1.635175832065052032e+09
1.635175833065658092e+09
1.635175834065116882e+09
1.635175835065599918e+09
1.635175836065643072e+09
1.635175837065005064e+09
1.635175838065795898e+09
1.635175839065716028e+09
1.635175840065706968e+09
1.635175841065673113e+09
1.635175842065680981e+09
1.635175843065814018e+09
1.635175844065588951e+09
1.635175845065642118e+09
1.635175846064801931e+09
1.635175847065407038e+09
1.635175848065745115e+09
1.635175848066344023e+09
1.635175849067436934e+09
1.635175850064990044e+09
1.635175851065957069e+09
1.635175852065145016e+09
1.635175853065736055e+09
1.635175854065983057e+09
1.635175855066339970e+09
1.635175856065699100e+09
1.635175857065664053e+09
1.635175858065850019e+09
1.635175859066565037e+09
1.635175860065661907e+09
1.635175861064815044e+09
1.635175862065933943e+09
1.635175863065732002e+09
1.635175864066351891e+09
1.635175865065573931e+09
1.635175866065243006e+09
1.635175867065665007e+09
1.635175868065947056e+09
1.635175869066376925e+09
1.635175870068633080e+09
1.635175871065646887e+09
1.635175872065731049e+09
1.635175873065316916e+09
1.635175874064990997e+09
1.635175875065783024e+09
1.635175876066036940e+09
1.635175877064969063e+09
1.635175878066457987e+09
1.635175879065686941e+09
1.635175880065629959e+09
1.635175881065908909e+09
1.635175882065968037e+09
1.635175883065628052e+09
1.635175884065665960e+09
1.635175885066466093e+09
1.635175886065999985e+09
1.635175887066756010e+09
1.635175888174146891e+09
1.635175889065645933e+09
1.635175890065685987e+09
1.635175891066634893e+09
1.635175892065752983e+09
1.635175893065330982e+09
1.635175894065975904e+09
1.635175895065587044e+09
1.635175896065748930e+09
1.635175897065500021e+09
1.635175898065676928e+09
1.635175899065640926e+09
1.635175900066091061e+09
1.635175901065983057e+09
1.635175902065871954e+09
1.635175903065684080e+09
1.635175904065861940e+09
1.635175905066430092e+09
1.635175906065593958e+09
1.635175907065207005e+09
1.635175908065303087e+09
1.635175909065646887e+09
1.635175910065644026e+09
1.635175911065432072e+09
1.635175912066019058e+09
1.635175913065428972e+09
1.635175914065572023e+09
1.635175915065350056e+09
1.635175916065466881e+09
1.635175917065929890e+09
1.635175918066061974e+09
1.635175919065821886e+09
1.635175920064829111e+09
1.635175921065593958e+09
1.635175922065924883e+09
1.635175923065752029e+09
1.635175924065704107e+09
1.635175925065709114e+09
1.635175926065790892e+09
1.635175927065675020e+09
1.635175928065824986e+09
1.635175929066385031e+09
1.635175930065766096e+09
1.635175931065681934e+09
1.635175932066579103e+09
1.635175933065720081e+09
1.635175934065670967e+09
1.635175935066273928e+09
1.635175936065274000e+09
1.635175937066163063e+09
1.635175939065675974e+09
1.635175940065732002e+09
1.635175941065717936e+09
1.635175942066375971e+09
1.635175943065771103e+09
1.635175944066015005e+09
1.635175945066670895e+09
1.635175946066118002e+09
1.635175947065905094e+09
1.635175948065902948e+09
1.635175949065973997e+09
1.635175950065660954e+09
1.635175951065735102e+09
1.635175952065726042e+09
1.635175953065629959e+09
1.635175954065607071e+09
1.635175955065818071e+09
1.635175956066159010e+09
1.635175957065702915e+09
1.635175958065160990e+09
1.635175959065691948e+09
1.635175960065892935e+09
1.635175961065891027e+09
1.635175962065344095e+09
1.635175963066129923e+09
1.635175964065725088e+09
1.635175965065666914e+09
1.635175966066212893e+09
1.635175967066066027e+09
1.635175968066054106e+09
1.635175969065596104e+09
1.635175970065459013e+09
1.635175971065632105e+09
1.635175972065795898e+09
1.635175973065110922e+09
1.635175974066000938e+09
1.635175975066550016e+09
1.635175976065005064e+09
1.635175977066401005e+09
1.635175978064929008e+09
1.635175979065598011e+09
1.635175980065865040e+09
1.635175981065731049e+09
1.635175982064948082e+09
1.635175983065469027e+09
1.635175984066013098e+09
1.635175985065715075e+09
1.635175986066067934e+09
1.635175987065082073e+09
1.635175988064771891e+09
1.635175989066505909e+09
1.635175990067358971e+09
1.635175991065860033e+09
1.635175992065656900e+09
1.635175993066072941e+09
1.635175994065915108e+09
1.635175995065149069e+09
1.635175996065515041e+09
1.635175997066112041e+09
1.635175998065922022e+09
1.635175999065901995e+09
1.635176000066204071e+09
1.635176001066601992e+09
1.635176002065957069e+09
1.635176003065783024e+09
1.635176004065713882e+09
1.635176005065805912e+09
1.635176006065747023e+09
1.635176007065649986e+09
1.635176008065848112e+09
1.635176009064937115e+09
1.635176010065802097e+09
1.635176011066009045e+09
1.635176012066286087e+09
1.635176013064898968e+09
1.635176014065860987e+09
1.635176015064671040e+09
1.635176016065592051e+09
1.635176017065865993e+09
1.635176018065877914e+09
1.635176019065525055e+09
1.635176020066047907e+09
1.635176021065720081e+09
1.635176022065248013e+09
1.635176023065702915e+09
1.635176024066032887e+09
1.635176025065713882e+09
1.635176026065668106e+09
1.635176027065754890e+09
1.635176028065846920e+09
1.635176029064735889e+09
1.635176030065624952e+09
1.635176031065759897e+09
1.635176032065742016e+09
1.635176033065921068e+09
1.635176034065268040e+09
1.635176035065782070e+09
1.635176036065143108e+09
1.635176037065917015e+09
1.635176038065593958e+09
1.635176039065601110e+09
1.635176040066020966e+09
1.635176041065743923e+09
1.635176042066135883e+09
1.635176043066028118e+09
1.635176044066631079e+09
1.635176045066009045e+09
1.635176046066332102e+09
1.635176047065629005e+09
1.635176048065776110e+09
1.635176049065623045e+09
1.635176050066000938e+09
1.635176051064619064e+09
1.635176052065968037e+09
1.635176053065923929e+09
1.635176054065835953e+09
1.635176055065849066e+09
1.635176056066234112e+09
1.635176057066479921e+09
1.635176058065905094e+09
1.635176059065959930e+09
1.635176060065876007e+09
1.635176061066116095e+09
1.635176062066030025e+09
1.635176063065850019e+09
1.635176064065505028e+09
1.635176065065661907e+09
1.635176066065859079e+09
1.635176067065722942e+09
1.635176068066021919e+09
1.635176069066447973e+09
1.635176070065912008e+09
1.635176071065680027e+09
1.635176072065999031e+09
1.635176073066008091e+09
1.635176074065951109e+09
1.635176075065447092e+09
1.635176076066174030e+09
1.635176077065310955e+09
1.635176078065625906e+09
1.635176079066101074e+09
1.635176080066020966e+09
1.635176081066011906e+09
1.635176082065052032e+09
1.635176083066087961e+09
1.635176084065928936e+09
1.635176085065282106e+09
1.635176086064870119e+09
1.635176087065677881e+09
1.635176088065855026e+09
1.635176089067373991e+09
1.635176090064817905e+09
1.635176091065429926e+09
1.635176092065891981e+09
1.635176093064703941e+09
1.635176094066309929e+09
1.635176095065115929e+09
1.635176096065778971e+09
1.635176097068486929e+09
1.635176098066370010e+09
1.635176099110321045e+09
1.635176100078799963e+09
1.635176101068212032e+09
1.635176102066911936e+09
1.635176103065701962e+09
1.635176104065857887e+09
1.635176105066160917e+09
1.635176106065608978e+09
1.635176107064955950e+09
1.635176108064961910e+09
1.635176109065514088e+09
1.635176110066277027e+09
1.635176111066039085e+09
1.635176112065821886e+09
1.635176113066025972e+09
1.635176114065679073e+09
1.635176115064766884e+09
1.635176116065712929e+09
1.635176117065944910e+09
1.635176118065695047e+09
1.635176119065877914e+09
1.635176120065777063e+09
1.635176121065896988e+09
1.635176122065954924e+09
1.635176123065725088e+09
1.635176124065150976e+09
1.635176125066003084e+09
1.635176126065378904e+09
1.635176127065779924e+09
1.635176128065926075e+09
1.635176129065408945e+09
1.635176130065082073e+09
1.635176131066478014e+09
1.635176132065718889e+09
1.635176133065452099e+09
1.635176134066056013e+09
1.635176135065812111e+09
1.635176136065658092e+09
1.635176137066068888e+09
1.635176138065757036e+09
1.635176139064989090e+09
1.635176140065836906e+09
1.635176141065758944e+09
1.635176142065933943e+09
1.635176143065994978e+09
1.635176144065977097e+09
1.635176145065874100e+09
1.635176146065587044e+09
1.635176147065026045e+09
1.635176148066468954e+09
1.635176149065876961e+09
1.635176150065469027e+09
1.635176151064855099e+09
1.635176152065745115e+09
1.635176153065078020e+09
1.635176154065638065e+09
1.635176155065886021e+09
1.635176156065742016e+09
1.635176157065571070e+09
1.635176158065716028e+09
1.635176159065813065e+09
1.635176160064647913e+09
1.635176161065570116e+09
1.635176162065220118e+09
1.635176163065165997e+09
1.635176164066114902e+09
1.635176165065999985e+09
1.635176166065764904e+09
1.635176167064934969e+09
1.635176168065004110e+09
1.635176169065793037e+09
1.635176170065366983e+09
1.635176171065768957e+09
1.635176172065903902e+09
1.635176173066179037e+09
1.635176174066113949e+09
1.635176175064846039e+09
1.635176176065815926e+09
1.635176177065799952e+09
1.635176178066066027e+09
1.635176179065732956e+09
1.635176180065164089e+09
1.635176181066028118e+09
1.635176182064899921e+09
1.635176183065685987e+09
1.635176184065334082e+09
1.635176185065689087e+09
1.635176186065943003e+09
1.635176187065630913e+09
1.635176188065109968e+09
1.635176189065150976e+09
1.635176190065777063e+09
1.635176191065864086e+09
1.635176192065486908e+09
1.635176193065203905e+09
1.635176194065608025e+09
1.635176195065642118e+09
1.635176196064620972e+09
1.635176197065855980e+09
1.635176198065802097e+09
1.635176199065248013e+09
1.635176200065573931e+09
1.635176201065987110e+09
1.635176202065918922e+09
1.635176203065509081e+09
1.635176204065891981e+09
1.635176205065742970e+09
1.635176206065795898e+09
1.635176207065845966e+09
1.635176208065568924e+09
1.635176209064815998e+09
1.635176210065859079e+09
1.635176211065886974e+09
1.635176212065911055e+09
1.635176213065742970e+09
1.635176214065635920e+09
1.635176215066097021e+09
1.635176216065167904e+09
1.635176217064728022e+09
1.635176218064729929e+09
1.635176219065556049e+09
1.635176220065625906e+09
1.635176221065763950e+09
1.635176222065736055e+09
1.635176223065643072e+09
1.635176224065648079e+09
1.635176225065763950e+09
1.635176226065912008e+09
1.635176227065850973e+09
1.635176228065069914e+09
1.635176229065882921e+09
1.635176230065808058e+09
1.635176231065145016e+09
1.635176232065623999e+09
1.635176233065895081e+09
1.635176234066050053e+09
1.635176235066219091e+09
1.635176236065594912e+09
1.635176237065030098e+09
1.635176238066010952e+09
1.635176239065953970e+09
1.635176240065754890e+09
1.635176241066030979e+09
1.635176242065887928e+09
1.635176243064902067e+09
1.635176244065781116e+09
1.635176245066108942e+09
1.635176246065438986e+09
1.635176247065622091e+09
1.635176248065771103e+09
1.635176249066874981e+09
1.635176250065748930e+09
1.635176251065606117e+09
1.635176252065829992e+09
1.635176253065785885e+09
1.635176254067162991e+09
1.635176255065674067e+09
1.635176256065660000e+09
1.635176257066183090e+09
1.635176258065726995e+09
1.635176259065913916e+09
1.635176260065762043e+09
1.635176261065042973e+09
1.635176262066096067e+09
1.635176263066030979e+09
1.635176264065654039e+09
1.635176265065777063e+09
1.635176266066150904e+09
1.635176267065639973e+09
1.635176268066231966e+09
1.635176269065452099e+09
1.635176270065673113e+09
1.635176271064763069e+09
1.635176272065646887e+09
1.635176273065582991e+09
1.635176274065129995e+09
1.635176275066132069e+09
1.635176276065768957e+09
1.635176277065813065e+09
1.635176278064990044e+09
1.635176279065763950e+09
1.635176280065677881e+09
1.635176281065243006e+09
1.635176282065731049e+09
1.635176283065434933e+09
1.635176284065592051e+09
1.635176285065767050e+09
1.635176286066152096e+09
1.635176287065685987e+09
1.635176288066153049e+09
1.635176289065656900e+09
1.635176290065316916e+09
1.635176291065378904e+09
1.635176292065967083e+09
1.635176293065666914e+09
1.635176294065840006e+09
1.635176295066303015e+09
1.635176296065619946e+09
1.635176297065720081e+09
1.635176298065908909e+09
1.635176299065964937e+09
1.635176300066062927e+09
1.635176301064980030e+09
1.635176302064703941e+09
1.635176303065603018e+09
1.635176304065280914e+09
1.635176305065814018e+09
1.635176306065803051e+09
1.635176307064768076e+09
1.635176308067095041e+09
1.635176309065818071e+09
1.635176310065651894e+09
1.635176311065970898e+09
1.635176312065669060e+09
1.635176313065655947e+09
1.635176314067892075e+09
1.635176315072797060e+09
1.635176316067373991e+09
1.635176317065579891e+09
1.635176318091500044e+09
1.635176319091820955e+09
1.635176320065768957e+09
1.635176321067146063e+09
1.635176322066802025e+09
1.635176323064925909e+09
1.635176324065982103e+09
1.635176325065643072e+09
1.635176326066540956e+09
1.635176327065735102e+09
1.635176328065592051e+09
1.635176329066206932e+09
1.635176330065867901e+09
1.635176331065984964e+09
1.635176332065644979e+09
1.635176333066046953e+09
1.635176334065742970e+09
1.635176335065571070e+09
1.635176336064748049e+09
1.635176337065793037e+09
1.635176338066168070e+09
1.635176339065046072e+09
1.635176340064583063e+09
1.635176341065759897e+09
1.635176342065715075e+09
1.635176343065649986e+09
1.635176344066004992e+09
1.635176345065509081e+09
1.635176346066323996e+09
1.635176347065828085e+09
1.635176348064755917e+09
1.635176349065001011e+09
1.635176350066371918e+09
1.635176351065491915e+09
1.635176352065558910e+09
1.635176353066222906e+09
1.635176354065160036e+09
1.635176355065709114e+09
1.635176356066309929e+09
1.635176357066062927e+09
1.635176358065093040e+09
1.635176359065470934e+09
1.635176360066143036e+09
1.635176361065084934e+09
1.635176362065767050e+09
1.635176363064810991e+09
1.635176364065201044e+09
1.635176365065716982e+09
1.635176366065978050e+09
1.635176367065649033e+09
1.635176368065289974e+09
1.635176369065721989e+09
1.635176370065874100e+09
1.635176371064826965e+09
1.635176372065795898e+09
1.635176373065593004e+09
1.635176374065723896e+09
1.635176375065906048e+09
1.635176376065412998e+09
1.635176377065140963e+09
1.635176378065831900e+09
1.635176379065922022e+09
1.635176380065787077e+09
1.635176381065087080e+09
1.635176382065953016e+09
1.635176383066144943e+09
1.635176384065620899e+09
1.635176385065946102e+09
1.635176386065737963e+09
1.635176387065797091e+09
1.635176388065604925e+09
1.635176389065989971e+09
1.635176390064960003e+09
1.635176391066145897e+09
1.635176392065798998e+09
1.635176393065933943e+09
1.635176394066231966e+09
1.635176395065959930e+09
1.635176396065913916e+09
1.635176397066231012e+09
1.635176398065609932e+09
1.635176399065743923e+09
1.635176400065005064e+09
1.635176401065865993e+09
1.635176402065694094e+09
1.635176403065669060e+09
1.635176404065839052e+09
1.635176405065752983e+09
1.635176406065654039e+09
1.635176407065690994e+09
1.635176408065702915e+09
1.635176409065568924e+09
1.635176410065821886e+09
1.635176411065663099e+09
1.635176412065473080e+09
1.635176413065156937e+09
1.635176414065969944e+09
1.635176415065716028e+09
1.635176416065936089e+09
1.635176417066063881e+09
1.635176418065896988e+09
1.635176419065339088e+09
1.635176420065699100e+09
1.635176421065622091e+09
1.635176422065685034e+09
1.635176423064958096e+09
1.635176424065767050e+09
1.635176425065654993e+09
1.635176426065860033e+09
1.635176427066196918e+09
1.635176428065691948e+09
1.635176429065871000e+09
1.635176430065990925e+09
1.635176431065671921e+09
1.635176432066190958e+09
1.635176433065354109e+09
1.635176434066126108e+09
1.635176435066014051e+09
1.635176436065689087e+09
1.635176437065378904e+09
1.635176438066174030e+09
1.635176439065946102e+09
1.635176440065778971e+09
1.635176441065728903e+09
1.635176442065870047e+09
1.635176443065594912e+09
1.635176444065747976e+09
1.635176445066454887e+09
1.635176446065670967e+09
1.635176447065948009e+09
1.635176448064651012e+09
1.635176449065733910e+09
1.635176450065983057e+09
1.635176451066102982e+09
1.635176452065781116e+09
1.635176453065630913e+09
1.635176454065748930e+09
1.635176455065206051e+09
1.635176456065617085e+09
1.635176457066474915e+09
1.635176458066054106e+09
1.635176459065772057e+09
1.635176460065932035e+09
1.635176461065325022e+09
1.635176462065895081e+09
1.635176463064807892e+09
1.635176464065643072e+09
1.635176465065727949e+09
1.635176466065885067e+09
1.635176467065502882e+09
1.635176468065819025e+09
1.635176469066099882e+09
1.635176470065876007e+09
1.635176471065572023e+09
1.635176472065795898e+09
1.635176473065746069e+09
1.635176474065644026e+09
1.635176475065726042e+09
1.635176476065644979e+09
1.635176477065769911e+09
1.635176478065916061e+09
1.635176479065352917e+09
1.635176480065885067e+09
1.635176481064968109e+09
1.635176482065217018e+09
1.635176483065937042e+09
1.635176484065475941e+09
1.635176485066018105e+09
1.635176486065237999e+09
1.635176487065879107e+09
1.635176488065926075e+09
1.635176489066373110e+09
1.635176490065550089e+09
1.635176491065742970e+09
1.635176492066099882e+09
1.635176493066152096e+09
1.635176494065766096e+09
1.635176495065723896e+09
1.635176496065747976e+09
1.635176497065655947e+09
1.635176498065900087e+09
1.635176499064888954e+09
1.635176500065709114e+09
1.635176501065880060e+09
1.635176502065620899e+09
1.635176503064810038e+09
1.635176504066061020e+09
1.635176505065843105e+09
1.635176506065910101e+09
1.635176507066133976e+09
1.635176508065989017e+09
1.635176509065800905e+09
1.635176510065577984e+09
1.635176511065032959e+09
1.635176512065593958e+09
1.635176513065934896e+09
1.635176514065874100e+09
1.635176515065298080e+09
1.635176516067492008e+09
1.635176517066190004e+09
1.635176518066087008e+09
1.635176519065848112e+09
1.635176520065772057e+09
1.635176521065419912e+09
1.635176522064846992e+09
1.635176523065758944e+09
1.635176524065516949e+09
1.635176525066214085e+09
1.635176526065576077e+09
1.635176527065689087e+09
1.635176528065737963e+09
1.635176529065350056e+09
1.635176530065658092e+09
1.635176531065557003e+09
1.635176532065634012e+09
1.635176533065381050e+09
1.635176534065979004e+09
1.635176535065881014e+09
1.635176536066210985e+09
1.635176537065316916e+09
1.635176538065654039e+09
1.635176539064940929e+09
1.635176539066462040e+09
1.635176540065943003e+09
1.635176541065656900e+09
1.635176542065969944e+09
1.635176543065998077e+09
1.635176544064918041e+09
1.635176545065773964e+09
1.635176546065237045e+09
1.635176547065691948e+09
1.635176548065610886e+09
1.635176549065639019e+09
1.635176550065673113e+09
1.635176551065671921e+09
1.635176552065871954e+09
1.635176553066298962e+09
1.635176554065648079e+09
1.635176555065634012e+09
1.635176556065759897e+09
1.635176557065867901e+09
1.635176558065845013e+09
1.635176559065570116e+09
1.635176560065689087e+09
1.635176561065654993e+09
1.635176562065614939e+09
1.635176563065788984e+09
1.635176564065512896e+09
1.635176565065602064e+09
1.635176566066531897e+09
1.635176567065747023e+09
1.635176568065901041e+09
1.635176569064870119e+09
1.635176570065622091e+09
1.635176571065593958e+09
1.635176572065120935e+09
1.635176573066770077e+09
1.635176574065555096e+09
1.635176575068481922e+09
1.635176576065845966e+09
1.635176577065819979e+09
1.635176578065293074e+09
1.635176579065674067e+09
1.635176580065607071e+09
1.635176581065645933e+09
1.635176582065609932e+09
1.635176583066246033e+09
1.635176584065722942e+09
1.635176585066056967e+09
1.635176586065453053e+09
1.635176587065963030e+09
1.635176588065687895e+09
1.635176589064940929e+09
1.635176590065701962e+09
1.635176591065696955e+09
1.635176592065143108e+09
1.635176593066030979e+09
1.635176594065974951e+09
1.635176595065093994e+09
1.635176596065866947e+09
1.635176597065721035e+09
1.635176598065841913e+09
1.635176599065835953e+09
1.635176600067611933e+09
1.635176601065810919e+09
1.635176602065654993e+09
1.635176603065681934e+09
1.635176604065831900e+09
1.635176605065339088e+09
1.635176606065817118e+09
1.635176607072498083e+09
1.635176608065721989e+09
1.635176609066967964e+09
1.635176610065411091e+09
1.635176611065526962e+09
1.635176612065694094e+09
1.635176613065979958e+09
1.635176614065687895e+09
1.635176615066421032e+09
1.635176616064682007e+09
1.635176617065848112e+09
1.635176618065387011e+09
1.635176619066164970e+09
1.635176620064958096e+09
1.635176621065872908e+09
1.635176622065474987e+09
1.635176623066334009e+09
1.635176624065373898e+09
1.635176625065403938e+09
1.635176626065442085e+09
1.635176627066207886e+09
1.635176628065867901e+09
1.635176630066622019e+09
1.635176631065648079e+09
1.635176632066315889e+09
1.635176633065928936e+09
1.635176634065279961e+09
1.635176635065280914e+09
1.635176636065174103e+09
1.635176637064975023e+09
1.635176638066080093e+09
1.635176639065574884e+09
1.635176640065933943e+09
1.635176641066042900e+09
1.635176642065896034e+09
1.635176643065737963e+09
1.635176644064814091e+09
1.635176645066040039e+09
1.635176646065494061e+09
1.635176647066121101e+09
1.635176648064785957e+09
1.635176649064651012e+09
1.635176650067902088e+09
1.635176651065896988e+09
1.635176652065864086e+09
1.635176653065958023e+09
1.635176654065735102e+09
1.635176655064853907e+09
1.635176656065581083e+09
1.635176657065716028e+09
1.635176658065713882e+09
1.635176659065516949e+09
1.635176660065661907e+09
1.635176661065511942e+09
1.635176662066056013e+09
1.635176663065016031e+09
1.635176664065579891e+09
1.635176665066255093e+09
1.635176666065031052e+09
1.635176667067850113e+09
1.635176668068780899e+09
1.635176669065272093e+09
1.635176670065821886e+09
1.635176671065177917e+09
1.635176672065527916e+09
1.635176673065149069e+09
1.635176674065098047e+09
1.635176675065501928e+09
1.635176676065349102e+09
1.635176677065316916e+09
1.635176678065617085e+09
1.635176679065617085e+09
1.635176680065787077e+09
1.635176681065871954e+09
1.635176682065689087e+09
1.635176683066032887e+09
1.635176684065007925e+09
1.635176685066147089e+09
1.635176686065603018e+09
1.635176687065643072e+09
1.635176688065184116e+09
1.635176689065896988e+09
1.635176690065238953e+09
1.635176691065783024e+09
1.635176692065241098e+09
1.635176693065581083e+09
1.635176694065200090e+09
1.635176695065627098e+09
1.635176696106201887e+09
1.635176697067931890e+09
1.635176698065687895e+09
1.635176699066236973e+09
1.635176700065922022e+09
1.635176701066798925e+09
1.635176702066165924e+09
1.635176703065618992e+09
1.635176704065200090e+09
1.635176705065068960e+09
1.635176706065860033e+09
1.635176707065606117e+09
1.635176708065381050e+09
1.635176709065649033e+09
1.635176710065820932e+09
1.635176711065828085e+09
1.635176712065368891e+09
1.635176713065579891e+09
1.635176714065408945e+09
1.635176715066068888e+09
1.635176716065485001e+09
1.635176717066483021e+09
1.635176718065525055e+09
1.635176719065653086e+09
1.635176720065157890e+09
1.635176721065624952e+09
1.635176722067657948e+09
1.635176723065973043e+09
1.635176724065793991e+09
1.635176725065608025e+09
1.635176726065334082e+09
1.635176727066250086e+09
1.635176728065767050e+09
1.635176729065673113e+09
1.635176730065440893e+09
1.635176731065853119e+09
1.635176732065077066e+09
1.635176733065582037e+09
1.635176734065685987e+09
1.635176735065078974e+09
1.635176736065068007e+09
1.635176737065300941e+09
1.635176738065912008e+09
1.635176739065608978e+09
1.635176740065650940e+09
1.635176741065502882e+09
1.635176742065674067e+09
1.635176743065350056e+09
1.635176744064727068e+09
1.635176745065699100e+09
1.635176746065635920e+09
1.635176747065709114e+09
1.635176748065412045e+09
1.635176749065778017e+09
1.635176750065424919e+09
1.635176751064882994e+09
1.635176752066387892e+09
1.635176753065748930e+09
1.635176754065275908e+09
1.635176755065737963e+09
1.635176756065625906e+09
1.635176757065404892e+09
1.635176758065388918e+09
1.635176759065118074e+09
1.635176760066905022e+09
1.635176761065181017e+09
1.635176762065521002e+09
1.635176763065159082e+09
1.635176764066117048e+09
1.635176765065351963e+09
1.635176766066076994e+09
1.635176767065670967e+09
1.635176768064680099e+09
1.635176769065876007e+09
1.635176770065030098e+09
1.635176771065346956e+09
1.635176772065721035e+09
1.635176773065857887e+09
1.635176774064904928e+09
1.635176775065042973e+09
1.635176776065587997e+09
1.635176777065036058e+09
1.635176778065448046e+09
1.635176779064945936e+09
1.635176780065700054e+09
1.635176781065349102e+09
1.635176782066011906e+09
1.635176783065737009e+09
1.635176784065185070e+09
1.635176785065979958e+09
1.635176786065766096e+09
1.635176787064857960e+09
1.635176788066073895e+09
1.635176789065752983e+09
1.635176790064887047e+09
1.635176791065788984e+09
1.635176792065426111e+09
1.635176793066693068e+09
1.635176794065653086e+09
1.635176795065377951e+09
1.635176796065948009e+09
1.635176797065526962e+09
1.635176798065699100e+09
1.635176799064697981e+09
1.635176800065759897e+09
1.635176801064932108e+09
1.635176802065859079e+09
1.635176803068772078e+09
1.635176804067272902e+09
1.635176805065232038e+09
1.635176806065797091e+09
1.635176807065712929e+09
1.635176808069899082e+09
1.635176809070415974e+09
1.635176810065565109e+09
1.635176811065908909e+09
1.635176812064965963e+09
1.635176813066220999e+09
1.635176814065618992e+09
1.635176815065792084e+09
1.635176816065423965e+09
1.635176817065525055e+09
1.635176818065748930e+09
1.635176819065853119e+09
1.635176820065418005e+09
1.635176821065700054e+09
1.635176822064623117e+09
1.635176823065069914e+09
1.635176824064985037e+09
1.635176825065761089e+09
1.635176826065736055e+09
1.635176827065912008e+09
1.635176828065349102e+09
1.635176829065581083e+09
1.635176830065642118e+09
1.635176831065236092e+09
1.635176832065653086e+09
1.635176833065661907e+09
1.635176834065794945e+09
1.635176835065619946e+09
1.635176836064901114e+09
1.635176837065421104e+09
1.635176838065815926e+09
1.635176839065713882e+09
1.635176840065505028e+09
1.635176841065675974e+09
1.635176842065874100e+09
1.635176843065921068e+09
1.635176844065800905e+09
1.635176845065846920e+09
1.635176846066037893e+09
1.635176847065995932e+09
1.635176848065695047e+09
1.635176849066073895e+09
1.635176850065773010e+09
1.635176851065721035e+09
1.635176852066030025e+09
1.635176853066010952e+09
1.635176854065781116e+09
1.635176855065916061e+09
1.635176856065885067e+09
1.635176857064850092e+09
1.635176858065674067e+09
1.635176859065682888e+09
1.635176860065526962e+09
1.635176861065738916e+09
1.635176862065846920e+09
1.635176863065002918e+09
1.635176864065304995e+09
1.635176865065969944e+09
1.635176866064980030e+09
1.635176867065820932e+09
1.635176868065737963e+09
1.635176869065105915e+09
1.635176870066088915e+09
1.635176871065064907e+09
1.635176872065037966e+09
1.635176873066101074e+09
1.635176874065644026e+09
1.635176875065668106e+09
1.635176876065715075e+09
1.635176877065819025e+09
1.635176878065001965e+09
1.635176879065644026e+09
1.635176880065821886e+09
1.635176881065675020e+09
1.635176882065429926e+09
1.635176883065620899e+09
1.635176884066184044e+09
1.635176885064932108e+09
1.635176886065704107e+09
1.635176887065484047e+09
1.635176888065407991e+09
1.635176889065184116e+09
1.635176890065736055e+09
1.635176891066047907e+09
1.635176892066009998e+09
1.635176893066165924e+09
1.635176894065648079e+09
1.635176895065942049e+09
1.635176896065884113e+09
1.635176897065768957e+09
1.635176898065872908e+09
1.635176899065845013e+09
1.635176900065639019e+09
1.635176901064986944e+09
1.635176902065210104e+09
1.635176903066493034e+09
1.635176904065577030e+09
1.635176905065958023e+09
1.635176906065717936e+09
1.635176907065978050e+09
1.635176908065598965e+09
1.635176909065598011e+09
1.635176910065973043e+09
1.635176911065789938e+09
1.635176912066102028e+09
1.635176913065880060e+09
1.635176914065978050e+09
1.635176915065587044e+09
1.635176916065932989e+09
1.635176917065505028e+09
1.635176918065663099e+09
1.635176919065671921e+09
1.635176920065907955e+09
1.635176921064889908e+09
1.635176922066052914e+09
1.635176923065749884e+09
1.635176924065680981e+09
1.635176925066030979e+09
1.635176926064867020e+09
1.635176927065045118e+09
1.635176928066515923e+09
1.635176929065711975e+09
1.635176930066322088e+09
1.635176931066168070e+09
1.635176932064924002e+09
1.635176933065208912e+09
1.635176934065668106e+09
1.635176935066977978e+09
1.635176936065905094e+09
1.635176937065802097e+09
1.635176938065256119e+09
1.635176939065748930e+09
1.635176940065787077e+09
1.635176941065850019e+09
1.635176942065648079e+09
1.635176943064922094e+09
1.635176944065834045e+09
1.635176945065881968e+09
1.635176946065949917e+09
1.635176947065628052e+09
1.635176948065745115e+09
1.635176949065576077e+09
1.635176950065634012e+09
1.635176951066081047e+09
1.635176952065639973e+09
1.635176953064652920e+09
1.635176954065907001e+09
1.635176955065325975e+09
1.635176956065825939e+09
1.635176957065597057e+09
1.635176958065953016e+09
1.635176959065063953e+09
1.635176960065974951e+09
1.635176961066088915e+09
1.635176962065705061e+09
1.635176963065736055e+09
1.635176964064830065e+09
1.635176965066139936e+09
1.635176966066011906e+09
1.635176967064651966e+09
1.635176968065685034e+09
1.635176969065135956e+09
1.635176970065721989e+09
1.635176971065614939e+09
1.635176972064914942e+09
1.635176973066104889e+09
1.635176974065006018e+09
1.635176975065690994e+09
1.635176976065141916e+09
1.635176977065979958e+09
1.635176978065996885e+09
1.635176979065977097e+09
1.635176980065606117e+09
1.635176981064985991e+09
1.635176982065946102e+09
1.635176983066087008e+09
1.635176984065982103e+09
1.635176985064874887e+09
1.635176986065725088e+09
1.635176987065910101e+09
1.635176988065834999e+09
1.635176989066104889e+09
1.635176990065865993e+09
1.635176991064806938e+09
1.635176992066509962e+09
1.635176993065681934e+09
1.635176994065598965e+09
1.635176995065820932e+09
1.635176996065922976e+09
1.635176997066217899e+09
1.635176998065911055e+09
1.635176999065644979e+09
1.635177000066066980e+09
1.635177001065754890e+09
1.635177002065777063e+09
1.635177003065769911e+09
1.635177004065287113e+09
1.635177005065145016e+09
1.635177006065706968e+09
1.635177007066363096e+09
1.635177008065623999e+09
1.635177009066034079e+09
1.635177010066097021e+09
1.635177011066066980e+09
1.635177012066013098e+09
1.635177013065634966e+09
1.635177014065923929e+09
1.635177015066065073e+09
1.635177016065648079e+09
1.635177017064807892e+09
1.635177018066267967e+09
1.635177019065850019e+09
1.635177020065495968e+09
1.635177021065987110e+09
1.635177022064704895e+09
1.635177023065706015e+09
1.635177024066600084e+09
1.635177025064795017e+09
1.635177026066170931e+09
1.635177027065810919e+09
1.635177028065666914e+09
1.635177029064976931e+09
1.635177030065743923e+09
1.635177031065921068e+09
1.635177032065395117e+09
1.635177033066119909e+09
1.635177034066181898e+09
1.635177035065613985e+09
1.635177036065860033e+09
1.635177037065584898e+09
1.635177038065675974e+09
1.635177039065838099e+09
1.635177040065639973e+09
1.635177041064749956e+09
1.635177042065677881e+09
1.635177043065965891e+09
1.635177044066283941e+09
1.635177045065947056e+09
1.635177046066097975e+09
1.635177047066104889e+09
1.635177048064790964e+09
1.635177049065723896e+09
1.635177050065742970e+09
1.635177051065690994e+09
1.635177052065398932e+09
1.635177053065907001e+09
1.635177054065680027e+09
1.635177055065927982e+09
1.635177056065733910e+09
1.635177057065625906e+09
1.635177058066165924e+09
1.635177059065846920e+09
1.635177060065917015e+09
1.635177061065743923e+09
1.635177062065781116e+09
1.635177063065926075e+09
1.635177064066296101e+09
1.635177065066087961e+09
1.635177066064894915e+09
1.635177067066384077e+09
1.635177068065752983e+09
1.635177069065367937e+09
1.635177070065666914e+09
1.635177071065771103e+09
1.635177072065395117e+09
1.635177073065779924e+09
1.635177074065690994e+09
1.635177075066637039e+09
1.635177076065474033e+09
1.635177077065315008e+09
1.635177078064806938e+09
1.635177079065912962e+09
1.635177080065944910e+09
1.635177081065615892e+09
1.635177082065731049e+09
1.635177083065040112e+09
1.635177084065784931e+09
1.635177085065774918e+09
1.635177086065718889e+09
1.635177087064838886e+09
1.635177088065116882e+09
1.635177089065707922e+09
1.635177090065973043e+09
1.635177091066051006e+09
1.635177092065278053e+09
1.635177093065813065e+09
1.635177094065376997e+09
1.635177095065639973e+09
1.635177096065776110e+09
1.635177097065970898e+09
1.635177098065958977e+09
1.635177099066203117e+09
1.635177100065939903e+09
1.635177101065707922e+09
1.635177102065267086e+09
1.635177103065880060e+09
1.635177104064681053e+09
1.635177105066150904e+09
1.635177106065699100e+09
1.635177107066050053e+09
1.635177108064814091e+09
1.635177109066360950e+09
1.635177110066044092e+09
1.635177111065723896e+09
1.635177112065201044e+09
1.635177113065584898e+09
1.635177114065855026e+09
1.635177115065283060e+09
1.635177116065763950e+09
1.635177117065489054e+09
1.635177118067786932e+09
1.635177119065561056e+09
1.635177120065613031e+09
1.635177121065731049e+09
1.635177122065375090e+09
1.635177123065315962e+09
1.635177124065615892e+09
1.635177125065612078e+09
1.635177126065932989e+09
1.635177127065903902e+09
1.635177128065891027e+09
1.635177129065690994e+09
1.635177130065660000e+09
1.635177131065733910e+09
1.635177132066131115e+09
1.635177133065768957e+09
1.635177134065052986e+09
1.635177135065669060e+09
1.635177136065438032e+09
1.635177137065582991e+09
1.635177138065855026e+09
1.635177139065953970e+09
1.635177140065397024e+09
1.635177141065973997e+09
1.635177142066168070e+09
1.635177143065937042e+09
1.635177144065133095e+09
1.635177145065942049e+09
1.635177146065764904e+09
1.635177147065922976e+09
1.635177148065728903e+09
1.635177149065726042e+09
1.635177150066073895e+09
1.635177151065921068e+09
1.635177152066167116e+09
1.635177153065577030e+09
1.635177154065928936e+09
1.635177155065834999e+09
1.635177156065665960e+09
1.635177157065643072e+09
1.635177158065650940e+09
1.635177159065160036e+09
1.635177160065880060e+09
1.635177161066031933e+09
1.635177162065717936e+09
1.635177163065705061e+09
1.635177164066668987e+09
1.635177165064717054e+09
1.635177166066214085e+09
1.635177167065233946e+09
1.635177168066116095e+09
1.635177169065913916e+09
1.635177170067748070e+09
1.635177171066471100e+09
1.635177172066343069e+09
1.635177173065068960e+09
1.635177174067322969e+09
1.635177175068324089e+09
1.635177176117398977e+09
1.635177177066174030e+09
1.635177178066390991e+09
1.635177179065644026e+09
1.635177180065613031e+09
1.635177181064754963e+09
1.635177182066169024e+09
1.635177183105308056e+09
1.635177184065373898e+09
1.635177185065903902e+09
1.635177186064753056e+09
1.635177187065368891e+09
1.635177188064632893e+09
1.635177189066116095e+09
1.635177190065649986e+09
1.635177191065566063e+09
1.635177192065979004e+09
1.635177193065726042e+09
1.635177194065766096e+09
1.635177195065918922e+09
1.635177196065922022e+09
1.635177197065824986e+09
1.635177198065366030e+09
1.635177199065711021e+09
1.635177200066124916e+09
1.635177201065793037e+09
1.635177202066180944e+09
1.635177203066092014e+09
1.635177204064656973e+09
1.635177205065711975e+09
1.635177206066051960e+09
1.635177207064831972e+09
1.635177208065594912e+09
1.635177209065567970e+09
1.635177210064730883e+09
1.635177211065927029e+09
1.635177212065423012e+09
1.635177213064888000e+09
1.635177214065983057e+09
1.635177215065268993e+09
1.635177216065407991e+09
1.635177217065131903e+09
1.635177218065566063e+09
1.635177219065336943e+09
1.635177220064915895e+09
1.635177221065737009e+09
1.635177222065047979e+09
1.635177223065620899e+09
1.635177224065555096e+09
1.635177225066011906e+09
1.635177226065522909e+09
1.635177227065362930e+09
1.635177228065130949e+09
1.635177229066075087e+09
1.635177229099301100e+09
1.635177230065298080e+09
1.635177231065640926e+09
1.635177232064718962e+09
1.635177233065802097e+09
1.635177234065009117e+09
1.635177235065893888e+09
1.635177236065777063e+09
1.635177237065136909e+09
1.635177238065103054e+09
1.635177239064835072e+09
1.635177240065637112e+09
1.635177241065745115e+09
1.635177242065666914e+09
1.635177243066818953e+09
1.635177244065808058e+09
1.635177245065030098e+09
1.635177246065800905e+09
1.635177247065690041e+09
1.635177248067168951e+09
1.635177249064774990e+09
1.635177250065375090e+09
1.635177251065654993e+09
1.635177252065624952e+09
1.635177253066080093e+09
1.635177254065920115e+09
1.635177255066854954e+09
1.635177256065709114e+09
1.635177257065788984e+09
1.635177258065898895e+09
1.635177259065824032e+09
1.635177260065504074e+09
1.635177261065143108e+09
1.635177262065838099e+09
1.635177263065454960e+09
1.635177264065795898e+09
1.635177265065706015e+09
1.635177266065820932e+09
1.635177267089859962e+09
1.635177268065594912e+09
1.635177269066099882e+09
1.635177270065584898e+09
1.635177271065454960e+09
1.635177272065013885e+09
1.635177273066036940e+09
1.635177274064961910e+09
1.635177275065638065e+09
1.635177276066169977e+09
1.635177277066087008e+09
1.635177278065783024e+09
1.635177279065583944e+09
1.635177280065299034e+09
1.635177281065645933e+09
1.635177282065663099e+09
1.635177283065886021e+09
1.635177284065627098e+09
1.635177285065871954e+09
1.635177286065911055e+09
1.635177287066019058e+09
1.635177288073178053e+09
1.635177289064805031e+09
1.635177290065731049e+09
1.635177291066216946e+09
1.635177292065885067e+09
1.635177293066781998e+09
1.635177294065952063e+09
1.635177295065628052e+09
1.635177296064654112e+09
1.635177297065805912e+09
1.635177298064670086e+09
1.635177299065633059e+09
1.635177300065774918e+09
1.635177301065522909e+09
1.635177302065778017e+09
1.635177303065814018e+09
1.635177304065615892e+09
1.635177305065690041e+09
1.635177306065754890e+09
1.635177307066091061e+09
1.635177308065048933e+09
1.635177309065799952e+09
1.635177310065890074e+09
1.635177311065617085e+09
1.635177312065584898e+09
1.635177313066206932e+09
1.635177314066329002e+09
1.635177315066111088e+09
1.635177316066010952e+09
1.635177317065512896e+09
1.635177318066545963e+09
1.635177320065713882e+09
1.635177321065622091e+09
1.635177322065673113e+09
1.635177323064970970e+09
1.635177324065817118e+09
1.635177325065992117e+09
1.635177326065743923e+09
1.635177327065449953e+09
1.635177328065570116e+09
1.635177329065779924e+09
1.635177330064811945e+09
1.635177331065994978e+09
1.635177332066066980e+09
1.635177333065716982e+09
1.635177334065797091e+09
1.635177335065833092e+09
1.635177336065972090e+09
1.635177337065587044e+09
1.635177338065599918e+09
1.635177339065352917e+09
1.635177340065642118e+09
1.635177341065732002e+09
1.635177342065228939e+09
1.635177343065588951e+09
1.635177344065942049e+09
1.635177345066328049e+09
1.635177346065736055e+09
1.635177347065736055e+09
1.635177348065879107e+09
1.635177349065995932e+09
1.635177350066111088e+09
1.635177351065856934e+09
1.635177352066106081e+09
1.635177353065262079e+09
1.635177354065867901e+09
1.635177355065917015e+09
1.635177356066095114e+09
1.635177357065768003e+09
1.635177358065993071e+09
1.635177359066150904e+09
1.635177360065603018e+09
1.635177361065855026e+09
1.635177362065902948e+09
1.635177363065995932e+09
1.635177364065866947e+09
1.635177365065896988e+09
1.635177366066062927e+09
1.635177367065804958e+09
1.635177368065792084e+09
1.635177369065810919e+09
1.635177370067243099e+09
1.635177371065841913e+09
1.635177372065815926e+09
1.635177373065812111e+09
1.635177374066088915e+09
1.635177375064907074e+09
1.635177376065823078e+09
1.635177377065713882e+09
1.635177378065691948e+09
1.635177379065093994e+09
1.635177380065975904e+09
1.635177381065625906e+09
1.635177382064768076e+09
1.635177383066106081e+09
1.635177384065644979e+09
1.635177385065684080e+09
1.635177386065989017e+09
1.635177387066092968e+09
1.635177388066221952e+09
1.635177389065670967e+09
1.635177390065233946e+09
1.635177391066065073e+09
1.635177392066442013e+09
1.635177393065968990e+09
1.635177394065778017e+09
1.635177395065861940e+09
1.635177396065874100e+09
1.635177397065673113e+09
1.635177398065438032e+09
1.635177399065740108e+09
1.635177400066308022e+09
1.635177401064793110e+09
1.635177402065633059e+09
1.635177403066006899e+09
1.635177404065711021e+09
1.635177405066040993e+09
1.635177406065416098e+09
1.635177407065975904e+09
1.635177408065689087e+09
1.635177409065999985e+09
1.635177410066205978e+09
1.635177411065680981e+09
1.635177412066179037e+09
1.635177413065635920e+09
1.635177414065896988e+09
1.635177415066015959e+09
1.635177416065860033e+09
1.635177417066462040e+09
1.635177418065865040e+09
1.635177419065742970e+09
1.635177420064799070e+09
1.635177421065820932e+09
1.635177422066000938e+09
1.635177423065622091e+09
1.635177424065674067e+09
1.635177425065301895e+09
1.635177426065303087e+09
1.635177427064795971e+09
1.635177428065956116e+09
1.635177429065754890e+09
1.635177430065857887e+09
1.635177431065376997e+09
1.635177432065650940e+09
1.635177433065677881e+09
1.635177434065598965e+09
1.635177435065817118e+09
1.635177436066056013e+09
1.635177437065680027e+09
1.635177438065675974e+09
1.635177439065053940e+09
1.635177440067651987e+09
1.635177441066035986e+09
1.635177442065606117e+09
1.635177443065041065e+09
1.635177444066302061e+09
1.635177445066009045e+09
1.635177446065819979e+09
1.635177447067789078e+09
1.635177448065774918e+09
1.635177449065918922e+09
1.635177450065644979e+09
1.635177451066164017e+09
1.635177452065059900e+09
1.635177453066134930e+09
1.635177454065902948e+09
1.635177455066198111e+09
1.635177456066175938e+09
1.635177457065298080e+09
1.635177458067049980e+09
1.635177459065988064e+09
1.635177460066031933e+09
1.635177461065896988e+09
1.635177462064969063e+09
1.635177463066134930e+09
1.635177464065140009e+09
1.635177465065759897e+09
1.635177466065996885e+09
1.635177467065702915e+09
1.635177468065802097e+09
1.635177469064841032e+09
1.635177470066004038e+09
1.635177471065876961e+09
1.635177472066334009e+09
1.635177473064626932e+09
1.635177474065910101e+09
1.635177475066092968e+09
1.635177476064842939e+09
1.635177477065741062e+09
1.635177478065498114e+09
1.635177479064951897e+09
1.635177480066076994e+09
1.635177481065772057e+09
1.635177482065850973e+09
1.635177483066318989e+09
1.635177484064949036e+09
1.635177485065723896e+09
1.635177486065367937e+09
1.635177487065083027e+09
1.635177488065185070e+09
1.635177489065999031e+09
1.635177490064836025e+09
1.635177491065754890e+09
1.635177492065887928e+09
1.635177493064706087e+09
1.635177494065664053e+09
1.635177495065815926e+09
1.635177496066123962e+09
1.635177497066149950e+09
1.635177498065612078e+09
1.635177499065790892e+09
1.635177500065527916e+09
1.635177501065970898e+09
1.635177502065857887e+09
1.635177503065726995e+09
1.635177504064963102e+09
1.635177505065877914e+09
1.635177506065633059e+09
1.635177507065912008e+09
1.635177508065650940e+09
1.635177509065896988e+09
1.635177510066514969e+09
1.635177511065814018e+09
1.635177512065612078e+09
1.635177513065768957e+09
1.635177514066406965e+09
1.635177515066072941e+09
1.635177516065790892e+09
1.635177517065447092e+09
1.635177518065687895e+09
1.635177519065731049e+09
1.635177520065901041e+09
1.635177521065438986e+09
1.635177522065617085e+09
1.635177523065309048e+09
1.635177524064730883e+09
1.635177525065949917e+09
1.635177526065798998e+09
1.635177527065752029e+09
1.635177528065721035e+09
1.635177529065645933e+09
1.635177530065144062e+09
1.635177531065677881e+09
1.635177532065655947e+09
1.635177533065649986e+09
1.635177534066050053e+09
1.635177535065745115e+09
1.635177536065850019e+09
1.635177537065707922e+09
1.635177538065692902e+09
1.635177539065562963e+09
1.635177540065653086e+09
1.635177541065730095e+09
1.635177542065668106e+09
1.635177543065346003e+09
1.635177544065731049e+09
1.635177545065520048e+09
1.635177546065736055e+09
1.635177547065624952e+09
1.635177548064608097e+09
1.635177549065673113e+09
1.635177550066807985e+09
1.635177551066031933e+09
1.635177552065927029e+09
1.635177553065264940e+09
1.635177554065860033e+09
1.635177555064702034e+09
1.635177556065804958e+09
1.635177557065617085e+09
1.635177558065746069e+09
1.635177559064867973e+09
1.635177560065599918e+09
1.635177561065711021e+09
1.635177562066159010e+09
1.635177563066145897e+09
1.635177564065741062e+09
1.635177565065797091e+09
1.635177566065851927e+09
1.635177567065707922e+09
1.635177568065562010e+09
1.635177569064946890e+09
1.635177570065593004e+09
1.635177571065862894e+09
1.635177572065740108e+09
1.635177573065644979e+09
1.635177574065165043e+09
1.635177575066224098e+09
1.635177576065610886e+09
1.635177577065807104e+09
1.635177578065907955e+09
1.635177579065922976e+09
1.635177580066471100e+09
1.635177581065854073e+09
1.635177582065090895e+09
1.635177583065768003e+09
1.635177584065571070e+09
1.635177585065871000e+09
1.635177586065650940e+09
1.635177587065589905e+09
1.635177588065638065e+09
1.635177589065793037e+09
1.635177590065207005e+09
1.635177591065682888e+09
1.635177592066051006e+09
1.635177593065506935e+09
1.635177594071504116e+09
1.635177595066095114e+09
1.635177596065505028e+09
1.635177597065731049e+09
1.635177598066162109e+09
1.635177599065696001e+09
1.635177600066828966e+09
1.635177601065432072e+09
1.635177602066123009e+09
1.635177603066050053e+09
1.635177604065160990e+09
1.635177605066209078e+09
1.635177606065881968e+09
1.635177607074754953e+09
1.635177608065764904e+09
1.635177609066056967e+09
1.635177610066102982e+09
1.635177611066164970e+09
1.635177612065574884e+09
1.635177613065465927e+09
1.635177614065630913e+09
1.635177615066164017e+09
1.635177616064635992e+09
1.635177617065685987e+09
1.635177618065789938e+09
1.635177619065818071e+09
1.635177620064939022e+09
1.635177621065620899e+09
1.635177622067414045e+09
1.635177623065834999e+09
1.635177624065304995e+09
1.635177625065433025e+09
1.635177626065855980e+09
1.635177627065658092e+09
1.635177628065429926e+09
1.635177629065936089e+09
1.635177630065679073e+09
1.635177631065779924e+09
1.635177632065628052e+09
1.635177633065778017e+09
1.635177634065865993e+09
1.635177635066037893e+09
1.635177636065927982e+09
1.635177637065828085e+09
1.635177638065960884e+09
1.635177639066391945e+09
1.635177640064985037e+09
1.635177641065725088e+09
1.635177642065668106e+09
1.635177643066070080e+09
1.635177644065654993e+09
1.635177645065296888e+09
1.635177646065428019e+09
1.635177647065613985e+09
1.635177648065701962e+09
1.635177649065704107e+09
1.635177650065797091e+09
1.635177651065943003e+09
1.635177652065860987e+09
1.635177653065316916e+09
1.635177654065812111e+09
1.635177655065793991e+09
1.635177656065614939e+09
1.635177657065783024e+09
1.635177658065329075e+09
1.635177659065332890e+09
1.635177660065928936e+09
1.635177661065969944e+09
1.635177662065782070e+09
1.635177663065632105e+09
1.635177664065630913e+09
1.635177665064955950e+09
1.635177666066034079e+09
1.635177667065931082e+09
1.635177668065933943e+09
1.635177669065946102e+09
1.635177670065629959e+09
1.635177671065692902e+09
1.635177672065582991e+09
1.635177673066119909e+09
1.635177674066024065e+09
1.635177675066426039e+09
1.635177676065789938e+09
1.635177677065737009e+09
1.635177678065818071e+09
1.635177679065969944e+09
1.635177680066061020e+09
1.635177681065823078e+09
1.635177682065433979e+09
1.635177683065634012e+09
1.635177684065617085e+09
1.635177685065632105e+09
1.635177686066035032e+09
1.635177687065047026e+09
1.635177688065855980e+09
1.635177689065690041e+09
1.635177690065859079e+09
1.635177691065720081e+09
1.635177692065721035e+09
1.635177693066029072e+09
1.635177694065191031e+09
1.635177695065907955e+09
1.635177696065649986e+09
1.635177697065486908e+09
1.635177698065740108e+09
1.635177699065715075e+09
1.635177700065917015e+09
1.635177701065650940e+09
1.635177702065481901e+09
1.635177703064847946e+09
1.635177704066261053e+09
1.635177705065582037e+09
1.635177706065690041e+09
1.635177707065587044e+09
1.635177708065934896e+09
1.635177709065855980e+09
1.635177710065601110e+09
1.635177711065179110e+09
1.635177712065800905e+09
1.635177713065951109e+09
1.635177714065269947e+09
1.635177715066287994e+09
1.635177716065730095e+09
1.635177717065736055e+09
1.635177718066001892e+09
1.635177719065716982e+09
1.635177720065936089e+09
1.635177721065871954e+09
1.635177722065840006e+09
1.635177723065937996e+09
1.635177724065691948e+09
1.635177725066055059e+09
1.635177726065845966e+09
1.635177727066028118e+09
1.635177728065567017e+09
1.635177729065932989e+09
1.635177730065823078e+09
1.635177731065052032e+09
1.635177732065635920e+09
1.635177733064908981e+09
1.635177734065788031e+09
1.635177735065563917e+09
1.635177736065587044e+09
1.635177737065654993e+09
1.635177738065912008e+09
1.635177739065834999e+09
1.635177740065618992e+09
1.635177741066751003e+09
1.635177742065593958e+09
1.635177743065371990e+09
1.635177744065100908e+09
1.635177745065932035e+09
1.635177746065602064e+09
1.635177747065592051e+09
1.635177748065649033e+09
1.635177749065428019e+09
1.635177750066011906e+09
1.635177751065864086e+09
1.635177752066008091e+09
1.635177753065707922e+09
1.635177754065249920e+09
1.635177755065651894e+09
1.635177756065629959e+09
1.635177757066131115e+09
1.635177758065741062e+09
1.635177759065850019e+09
1.635177760065004110e+09
1.635177761065704107e+09
1.635177762065757990e+09
1.635177763065493107e+09
1.635177764065699100e+09
1.635177765065660000e+09
1.635177766064970016e+09
1.635177767065907001e+09
1.635177768065639019e+09
1.635177769065793991e+09
1.635177770065689087e+09
1.635177771065833092e+09
1.635177772065866947e+09
1.635177773066112995e+09
1.635177774065937042e+09
1.635177775065718889e+09
1.635177776065965891e+09
1.635177777065743923e+09
1.635177778065918922e+09
1.635177779065578938e+09
1.635177780065557957e+09
1.635177781065823078e+09
1.635177782065428019e+09
1.635177783065582037e+09
1.635177784064874887e+09
1.635177785065752983e+09
1.635177786065771103e+09
1.635177787065628052e+09
1.635177788065807104e+09
1.635177789076088905e+09
1.635177790064944029e+09
1.635177791066152096e+09
1.635177792066071987e+09
1.635177793065836906e+09
1.635177794065685987e+09
1.635177795065787077e+09
1.635177796066525936e+09
1.635177797064950943e+09
1.635177798065350056e+09
1.635177799065579891e+09
1.635177800065855026e+09
1.635177801066054106e+09
1.635177802065762043e+09
1.635177803065119028e+09
1.635177804065701008e+09
1.635177805065834999e+09
1.635177806065763950e+09
1.635177807065612078e+09
1.635177808065077066e+09
1.635177809065740108e+09
1.635177810065584898e+09
1.635177811065840006e+09
1.635177812066431046e+09
1.635177813065799952e+09
1.635177814065854073e+09
1.635177815065073013e+09
1.635177816065330982e+09
1.635177817066356897e+09
1.635177818067631006e+09
1.635177819065711975e+09
1.635177820073829889e+09
1.635177821068707943e+09
1.635177822068703890e+09
1.635177823065731049e+09
1.635177824065924883e+09
1.635177825064950943e+09
1.635177826065741062e+09
1.635177827066355944e+09
1.635177828067744970e+09
1.635177829066031933e+09
1.635177830066282988e+09
1.635177831065331936e+09
1.635177832065979004e+09
1.635177833064902067e+09
1.635177834064948082e+09
1.635177835065009117e+09
1.635177836065200090e+09
1.635177837065624952e+09
1.635177838065764904e+09
1.635177839066153049e+09
1.635177840065980911e+09
1.635177841065320969e+09
1.635177842065596104e+09
1.635177843066163063e+09
1.635177844066087961e+09
1.635177845065232992e+09
1.635177846066131115e+09
1.635177847065525055e+09
1.635177848065888882e+09
1.635177849065960884e+09
1.635177850065932035e+09
1.635177851065684080e+09
1.635177852065859079e+09
1.635177853065856934e+09
1.635177854065602064e+09
1.635177855065434933e+09
1.635177856065877914e+09
1.635177857065418005e+09
1.635177858066040993e+09
1.635177859065068960e+09
1.635177860065586090e+09
1.635177861064735889e+09
1.635177862066008091e+09
1.635177863065855980e+09
1.635177864066108942e+09
1.635177865066051006e+09
1.635177866065939903e+09
1.635177867064877033e+09
1.635177868065629959e+09
1.635177869065958977e+09
1.635177870066065073e+09
1.635177871065185070e+09
1.635177872066080093e+09
1.635177873065500975e+09
1.635177874065821886e+09
1.635177875065373898e+09
1.635177876065932035e+09
1.635177877065759897e+09
1.635177878065759897e+09
1.635177879067187071e+09
1.635177880065879107e+09
1.635177881065706015e+09
1.635177882065718889e+09
1.635177883065774918e+09
1.635177884064876080e+09
1.635177885064956903e+09
1.635177886065579891e+09
1.635177887065021038e+09
1.635177888065022945e+09
1.635177889065485954e+09
1.635177890065653086e+09
1.635177891066114902e+09
1.635177892065429926e+09
1.635177893065341949e+09
1.635177894065243959e+09
1.635177895065794945e+09
1.635177896065623999e+09
1.635177897065884113e+09
1.635177898066967010e+09
1.635177899065336943e+09
1.635177900065630913e+09
1.635177901065788031e+09
1.635177902068917036e+09
1.635177903065268993e+09
1.635177904066087961e+09
1.635177905065689087e+09
1.635177906066000938e+09
1.635177907065814972e+09
1.635177908066011906e+09
1.635177909065861940e+09
1.635177910065326929e+09
1.635177911065853119e+09
1.635177912065897942e+09
1.635177913065885067e+09
1.635177914065658092e+09
1.635177915065885067e+09
1.635177916065884113e+09
1.635177917065323114e+09
1.635177918066123962e+09
1.635177919065685034e+09
