1.635180460673763037e+09
1.635180460678817034e+09
1.635180461679403067e+09
1.635180462680243969e+09
1.635180463680033922e+09
1.635180464680088043e+09
1.635180465679989100e+09
1.635180466679421902e+09
1.635180467679971933e+09
1.635180468679922104e+09
1.635180469679910898e+09
1.635180470679371119e+09
1.635180471680331945e+09
1.635180472679431915e+09
1.635180473679122925e+09
1.635180474679497004e+09
1.635180475680536985e+09
1.635180476680071115e+09
1.635180477679584026e+09
1.635180478680008888e+09
1.635180479679671049e+09
1.635180480680246115e+09
