3.594347000122070312e+01
3.594347000122070312e+01
3.572341918945312500e+01
3.568779754638671875e+01
3.571324539184570312e+01
3.562095642089843750e+01
3.501056671142578125e+01
3.597053527832031250e+01
3.519251632690429688e+01
3.642235183715820312e+01
3.557346343994140625e+01
3.566138839721679688e+01
3.605199050903320312e+01
3.558667755126953125e+01
3.540694046020507812e+01
3.539650344848632812e+01
3.477308273315429688e+01
3.573281097412109375e+01
3.521984481811523438e+01
3.421735000610351562e+01
3.582480621337890625e+01
3.620677566528320312e+01
