6.344838875606306061e+01
1.042037553255934235e+01
6.344890005690040624e+01
1.042006905301628983e+01
6.344941135773775898e+01
1.041976256252648092e+01
6.344927435509129765e+01
1.041861868544980751e+01
6.344978565592865039e+01
1.041831216505047486e+01
6.345029695676599601e+01
1.041800563370236254e+01
6.345080825760334875e+01
1.041769909140481154e+01
6.345067125495689453e+01
1.041655516838848428e+01
6.345085840405234023e+01
1.041582992150840070e+01
6.345136970488968586e+01
1.041552333433939914e+01
6.345188100572703860e+01
1.041521673621825173e+01
