1.635271029183861971e+09
1.635271030156739950e+09
1.635271031156778097e+09
1.635271032156766891e+09
1.635271033156775951e+09
1.635271034156783104e+09
1.635271035156773090e+09
1.635271036156779051e+09
1.635271037156781912e+09
1.635271038156672001e+09
1.635271039156785965e+09
1.635271040156820059e+09
1.635271041156765938e+09
1.635271042156764984e+09
1.635271043156775951e+09
1.635271044156774998e+09
1.635271045156800985e+09
1.635271046156611919e+09
1.635271047156699896e+09
1.635271048156795979e+09
1.635271049156786919e+09
1.635271050156987906e+09
1.635271051156776905e+09
1.635271052156774998e+09
1.635271053156778097e+09
1.635271054156797886e+09
1.635271055157077074e+09
1.635271056156781912e+09
1.635271057156786919e+09
1.635271058156789064e+09
1.635271059156805038e+09
1.635271060156815052e+09
1.635271061155976057e+09
1.635271062156790972e+09
1.635271063156557083e+09
1.635271064156721115e+09
1.635271065156768084e+09
1.635271066156553030e+09
1.635271067156725883e+09
1.635271068156766891e+09
1.635271069156847000e+09
1.635271070156794071e+09
1.635271071156785011e+09
1.635271072156738997e+09
1.635271073156761885e+09
1.635271074156776905e+09
1.635271075156805038e+09
1.635271076156760931e+09
1.635271077156760931e+09
1.635271078156788111e+09
1.635271079156789064e+09
1.635271080156836033e+09
1.635271081156804085e+09
1.635271082156763077e+09
1.635271083156758070e+09
1.635271084156759977e+09
1.635271085156816006e+09
1.635271086156630039e+09
1.635271087156727076e+09
1.635271088156784058e+09
1.635271089157041073e+09
1.635271090156933069e+09
1.635271091157041073e+09
1.635271092156696081e+09
1.635271093156785011e+09
1.635271094156778097e+09
1.635271095156774998e+09
1.635271096156769991e+09
1.635271097156765938e+09
1.635271098156678915e+09
1.635271099156804085e+09
1.635271100156860113e+09
1.635271101156800032e+09
1.635271102156785965e+09
1.635271103156846046e+09
1.635271104156766891e+09
1.635271105156781912e+09
1.635271106156769991e+09
1.635271107156770945e+09
1.635271108156783104e+09
1.635271109156649113e+09
