0.000000000000000000e+00
3.534863662719726562e+01
3.531664657592773438e+01
3.484527587890625000e+01
3.573211288452148438e+01
3.487802124023437500e+01
3.544128417968750000e+01
3.500458908081054688e+01
3.573332595825195312e+01
3.575590515136718750e+01
3.484365081787109375e+01
3.561713790893554688e+01
3.570648574829101562e+01
3.524984359741210938e+01
3.558883285522460938e+01
3.551068878173828125e+01
3.621091842651367188e+01
3.504872131347656250e+01
3.606240844726562500e+01
3.592403411865234375e+01
3.595023727416992188e+01
3.471347427368164062e+01
3.574561309814453125e+01
3.627859878540039062e+01
3.420009613037109375e+01
3.602129745483398438e+01
3.586192321777343750e+01
3.520710372924804688e+01
3.567937850952148438e+01
3.533993911743164062e+01
3.549221801757812500e+01
3.542400360107421875e+01
3.572039794921875000e+01
3.501074600219726562e+01
3.592235183715820312e+01
3.597758865356445312e+01
3.521298599243164062e+01
3.601766586303710938e+01
3.658071899414062500e+01
3.570369338989257812e+01
3.551327133178710938e+01
3.512836074829101562e+01
3.506774139404296875e+01
3.553166961669921875e+01
3.519717407226562500e+01
3.508338928222656250e+01
3.562683486938476562e+01
3.519516754150390625e+01
3.644007492065429688e+01
3.481665039062500000e+01
3.435895538330078125e+01
3.431395721435546875e+01
3.579586029052734375e+01
3.676527786254882812e+01
3.613552093505859375e+01
3.520545578002929688e+01
3.571647262573242188e+01
3.588917922973632812e+01
3.503180694580078125e+01
3.593493652343750000e+01
3.479668426513671875e+01
3.618781661987304688e+01
3.598064804077148438e+01
3.600516510009765625e+01
3.525609970092773438e+01
3.535076141357421875e+01
3.559444808959960938e+01
3.535191345214843750e+01
3.538733673095703125e+01
3.470032882690429688e+01
3.585393524169921875e+01
3.584466171264648438e+01
3.556141662597656250e+01
3.543492889404296875e+01
3.547817993164062500e+01
3.511272048950195312e+01
3.555505752563476562e+01
3.478755187988281250e+01
3.573475265502929688e+01
3.496107482910156250e+01
3.656767654418945312e+01
