0.000000000000000000e+00
-9.998281860351562500e+02
-9.998179931640625000e+02
-9.993826293945312500e+02
-9.998929443359375000e+02
-1.000304382324218750e+03
-1.000551513671875000e+03
-9.991178588867187500e+02
-9.999723510742187500e+02
-1.000078857421875000e+03
-1.001063415527343750e+03
-1.000043212890625000e+03
-9.998001708984375000e+02
-1.000222167968750000e+03
-9.993648071289062500e+02
-9.991563720703125000e+02
-1.000327697753906250e+03
-9.998463134765625000e+02
-1.000095581054687500e+03
-1.000232604980468750e+03
-9.991848144531250000e+02
-9.997871704101562500e+02
-1.000396911621093750e+03
-9.998970336914062500e+02
-9.996538085937500000e+02
-1.000245361328125000e+03
-1.000043334960937500e+03
-9.999249877929687500e+02
-9.999328002929687500e+02
-9.998671264648437500e+02
-9.996810913085937500e+02
-9.999650878906250000e+02
-9.998750000000000000e+02
-9.999505615234375000e+02
-9.999108886718750000e+02
-1.000441406250000000e+03
-1.000063598632812500e+03
-1.000401428222656250e+03
-9.996116943359375000e+02
-9.994304199218750000e+02
-1.000424560546875000e+03
-9.996404418945312500e+02
-9.997647094726562500e+02
-1.000047912597656250e+03
-9.990272827148437500e+02
-9.994361572265625000e+02
-9.991476440429687500e+02
-1.000945007324218750e+03
-1.000626770019531250e+03
-1.000898315429687500e+03
-1.000997375488281250e+03
-9.996581420898437500e+02
-9.999723510742187500e+02
-9.997903442382812500e+02
-1.000974609375000000e+03
-1.000196472167968750e+03
-9.993271484375000000e+02
-9.998330688476562500e+02
-9.996834106445312500e+02
-1.000376220703125000e+03
-1.000648132324218750e+03
-9.997388916015625000e+02
-9.998474121093750000e+02
-9.998717651367187500e+02
-1.000142517089843750e+03
-1.000835327148437500e+03
-9.994236450195312500e+02
-9.998901367187500000e+02
-1.000132202148437500e+03
-9.995300292968750000e+02
-1.000296875000000000e+03
-1.000172912597656250e+03
-1.000270202636718750e+03
-1.000354064941406250e+03
-1.000012145996093750e+03
-9.997250976562500000e+02
-1.000085937500000000e+03
-1.000806152343750000e+03
-1.000139404296875000e+03
-1.000071960449218750e+03
-9.997340698242187500e+02
