4.110076680022568496e+01, -8.731023857730882298e+00, 1.956391334533691406e+00
4.110076680022568496e+01, -8.731023857730882298e+00, 1.975797772407531738e+00
4.110076680022568496e+01, -8.731023853908705945e+00, 1.947377443313598633e+00
4.110076680022568496e+01, -8.731023851360589560e+00, 1.975405693054199219e+00
4.110076680022568496e+01, -8.731023851906615008e+00, 2.017162799835205078e+00
4.110076680022568496e+01, -8.731023854636740467e+00, 1.981883287429809570e+00
4.110076680022568496e+01, -8.731023856092807733e+00, 1.916057467460632324e+00
4.110076680022568496e+01, -8.731023853908705945e+00, 1.994754552841186523e+00
4.110076680022568496e+01, -8.731023857548873224e+00, 2.011311531066894531e+00
4.110076680022568496e+01, -8.731023850450547741e+00, 2.021435737609863281e+00
4.110076680022568496e+01, -8.731023850450547741e+00, 1.897941350936889648e+00
4.110076680022568496e+01, -8.731023855728789584e+00, 2.000203132629394531e+00
4.110076680022568496e+01, -8.731023854818747765e+00, 1.955888271331787109e+00
4.110076680022568496e+01, -8.731023851178580486e+00, 1.965559959411621094e+00
4.110076680022568496e+01, -8.731023851178580486e+00, 2.002051591873168945e+00
4.110076778933789399e+01, -8.731024938947737013e+00, 1.944036245346069336e+00
4.110077301233286562e+01, -8.731030585250866949e+00, 1.961366653442382812e+00
4.110078133425367497e+01, -8.731037916645522756e+00, 1.861755847930908203e+00
4.110079228631377646e+01, -8.731042582208788261e+00, 1.870500922203063965e+00
4.110079850609700003e+01, -8.731041478647725285e+00, 1.782283186912536621e+00
4.110080965718577772e+01, -8.731035647834602287e+00, 1.760871291160583496e+00
4.110082866415025649e+01, -8.731021957603051220e+00, 1.722590804100036621e+00
4.110084233078605820e+01, -8.731010012461654313e+00, 1.645784020423889160e+00
4.110085731879681958e+01, -8.730996759330958312e+00, 1.621902346611022949e+00
4.110087095911477206e+01, -8.730984722768818429e+00, 1.640930652618408203e+00
4.110088595370499576e+01, -8.730971499472332198e+00, 1.585877299308776855e+00
4.110090096529216197e+01, -8.730958269995685583e+00, 1.617907881736755371e+00
4.110091528219795975e+01, -8.730945647227015272e+00, 1.555551290512084961e+00
4.110092278881397476e+01, -8.730939034481465910e+00, 1.611655831336975098e+00
4.110093642748706344e+01, -8.730927013522181923e+00, 1.590408325195312500e+00
4.110095074713430563e+01, -8.730914390547496851e+00, 1.526998281478881836e+00
4.110096507171614633e+01, -8.730901767385653045e+00, 1.569961905479431152e+00
4.110097871532383351e+01, -8.730889742397058839e+00, 1.540894150733947754e+00
4.110099303935739101e+01, -8.730877117210949834e+00, 1.486549735069274902e+00
4.110100736668066901e+01, -8.730864491107684700e+00, 1.714633226394653320e+00
4.110102237388151991e+01, -8.730851292105619166e+00, 1.547866582870483398e+00
4.110103702688809335e+01, -8.730837386654995314e+00, 1.607839226722717285e+00
4.110104397808798637e+01, -8.730829785251565056e+00, 1.581281781196594238e+00
4.110105690837251302e+01, -8.730813150319931992e+00, 1.501491546630859375e+00
4.110106840049665777e+01, -8.730794749265337273e+00, 1.537319183349609375e+00
4.110107832890238200e+01, -8.730774809452199747e+00, 1.627841711044311523e+00
4.110108659489777949e+01, -8.730753569744418741e+00, 1.580943584442138672e+00
4.110109286786497051e+01, -8.730732320751076969e+00, 1.593380212783813477e+00
4.110109750802941164e+01, -8.730710347966073925e+00, 1.552639484405517578e+00
4.110109912986639813e+01, -8.730699691003163565e+00, 1.455906867980957031e+00
4.110110136194833075e+01, -8.730675959511248863e+00, 1.577668666839599609e+00
4.110110176877829957e+01, -8.730653165761342649e+00, 1.493490695953369141e+00
4.110110051100478756e+01, -8.730630532217297457e+00, 1.668734312057495117e+00
4.110109745484543708e+01, -8.730607216199578247e+00, 1.639321446418762207e+00
4.110109294133561519e+01, -8.730585543476040655e+00, 1.536952018737792969e+00
4.110108693922287415e+01, -8.730564627076718764e+00, 1.602817654609680176e+00
4.110107953952309146e+01, -8.730544631830353453e+00, 1.636889934539794922e+00
4.110107081351375768e+01, -8.730525681043568298e+00, 1.635335564613342285e+00
4.110106577145394624e+01, -8.730516267739311331e+00, 1.589222788810729980e+00
4.110105523773786729e+01, -8.730499230314501702e+00, 1.630801200866699219e+00
4.110104307944335744e+01, -8.730482856964696836e+00, 1.666535615921020508e+00
4.110103051596374968e+01, -8.730468739708497239e+00, 1.603998184204101562e+00
4.110101777264556233e+01, -8.730456743575373935e+00, 1.609914302825927734e+00
4.110100369424519329e+01, -8.730445740202169347e+00, 1.562435269355773926e+00
4.110098900779303221e+01, -8.730436408792444425e+00, 1.617642283439636230e+00
4.110097384268513565e+01, -8.730428802097149443e+00, 1.576875329017639160e+00
4.110095755413436791e+01, -8.730422704222156938e+00, 1.621710300445556641e+00
4.110095005245295141e+01, -8.730420567908170781e+00, 1.657569527626037598e+00
4.110093340148357299e+01, -8.730417276381368552e+00, 1.573150038719177246e+00
4.110091666059491189e+01, -8.730415910227518950e+00, 1.721956372261047363e+00
4.110090070595175860e+01, -8.730416384381781469e+00, 1.595250368118286133e+00
4.110088413996708567e+01, -8.730418713217797944e+00, 1.665276885032653809e+00
4.110086856912578668e+01, -8.730422646900212413e+00, 1.628378510475158691e+00
4.110085404332212278e+01, -8.730427887537212328e+00, 1.664914727210998535e+00
4.110083919896290894e+01, -8.730434926588031885e+00, 1.592943549156188965e+00
4.110082486780161304e+01, -8.730443453610133631e+00, 1.650544524192810059e+00
4.110081758543554287e+01, -8.730448498162267867e+00, 1.677013635635375977e+00
4.110080354157734916e+01, -8.730459723241237313e+00, 1.669339656829833984e+00
4.110079027519205397e+01, -8.730472374168860128e+00, 1.575098752975463867e+00
4.110077893165405527e+01, -8.730485040087783588e+00, 1.544446587562561035e+00
4.110076783155609803e+01, -8.730499445374162448e+00, 1.610388517379760742e+00
4.110075714760900922e+01, -8.730515636823916736e+00, 1.623795032501220703e+00
4.110074830865226403e+01, -8.730531247462725020e+00, 1.588196635246276855e+00
4.110073959360869367e+01, -8.730549294964877305e+00, 1.580976605415344238e+00
4.110073564757732356e+01, -8.730558619510619067e+00, 1.636578679084777832e+00
4.110072889047150824e+01, -8.730576927575759427e+00, 1.619764685630798340e+00
