0.000000000000000000e+00,6.344690500000000100e+01,1.041942599999999963e+01,0.000000000000000000e+00,0.000000000000000000e+00,0.000000000000000000e+00,0.000000000000000000e+00,0.000000000000000000e+00,0.000000000000000000e+00
1.000000000000000000e+00,6.344690500000000100e+01,1.041942599999999963e+01,1.435539102942765055e+02,9.318675055452833078e+01,-1.937564164400100708e-01,-1.937564164400100708e-01,2.657716560363769531e+01,1.514482116699218750e+01
2.000000000000000000e+00,6.344690500000000100e+01,1.041942599999999963e+01,1.435529489897081419e+02,9.318732946309711451e+01,-2.908721566200256348e-01,-2.908721566200256348e-01,2.709121894836425781e+01,1.499923801422119141e+01
3.000000000000000000e+00,6.344690500000000100e+01,1.041942599999999963e+01,1.435529833219635805e+02,9.318625414677578078e+01,-2.281561791896820068e-01,-2.281561791896820068e-01,2.709359931945800781e+01,1.499750137329101562e+01
4.000000000000000000e+00,6.344690500000000100e+01,1.041942599999999963e+01,1.435534258273759463e+02,9.318643153724899264e+01,-1.729868501424789429e-01,-1.729868501424789429e-01,2.704019546508789062e+01,1.500073719024658203e+01
5.000000000000000000e+00,6.344690500000000100e+01,1.041942599999999963e+01,1.435725489049822556e+02,9.330461900030761058e+01,-2.048942595720291138e-01,-2.048942595720291138e-01,2.704776763916015625e+01,1.497790908813476562e+01
6.000000000000000000e+00,6.344690500000000100e+01,1.041942599999999963e+01,1.437032938393822405e+02,9.397645629101042175e+01,-2.344929575920104980e-01,-2.344929575920104980e-01,2.713646507263183594e+01,1.497496509552001953e+01
7.000000000000000000e+00,6.344690500000000100e+01,1.041942599999999963e+01,1.437824106596858940e+02,9.505534601127722283e+01,-2.810506820678710938e-01,-2.810506820678710938e-01,2.716976165771484375e+01,1.507414436340332031e+01
8.000000000000000000e+00,6.344690500000000100e+01,1.041942599999999963e+01,1.434557772070411090e+02,9.632852378057999942e+01,-4.038691818714141846e-01,-4.038691818714141846e-01,2.702169990539550781e+01,1.511527919769287109e+01
9.000000000000000000e+00,6.344690500000000100e+01,1.041942599999999963e+01,1.431375017551808639e+02,9.686462480079096338e+01,-5.883376598358154297e-01,-5.883376598358154297e-01,2.687618255615234375e+01,1.520683002471923828e+01
1.000000000000000000e+01,6.344690500000000100e+01,1.041942599999999963e+01,1.421541109475008682e+02,9.777134665431093197e+01,-7.360197901725769043e-01,-7.360197901725769043e-01,2.654118156433105469e+01,1.536981582641601562e+01
1.100000000000000000e+01,6.344690500000000100e+01,1.041942599999999963e+01,1.408689928435769616e+02,9.823780349528256295e+01,-1.037344098091125488e+00,-1.037344098091125488e+00,2.651064491271972656e+01,1.547416782379150391e+01
1.200000000000000000e+01,6.344690500000000100e+01,1.041942599999999963e+01,1.395518694313614958e+02,9.817736403433283954e+01,-1.222802281379699707e+00,-1.222802281379699707e+00,2.670505523681640625e+01,1.557414340972900391e+01
1.300000000000000000e+01,6.344690500000000100e+01,1.041942599999999963e+01,1.382927370450548210e+02,9.758405453546379249e+01,-1.625599265098571777e+00,-1.625599265098571777e+00,2.699523735046386719e+01,1.565200328826904297e+01
1.400000000000000000e+01,6.344690500000000100e+01,1.041942599999999963e+01,1.373229303744666652e+02,9.647030914303464044e+01,-1.862946987152099609e+00,-1.862946987152099609e+00,2.639193916320800781e+01,1.573976898193359375e+01
1.500000000000000000e+01,6.344690500000000100e+01,1.041942599999999963e+01,1.368806810760082442e+02,9.509948631533130481e+01,-2.112689971923828125e+00,-2.112689971923828125e+00,2.634876632690429688e+01,1.583752346038818359e+01
1.600000000000000000e+01,6.344690500000000100e+01,1.041942599999999963e+01,1.369385042573805720e+02,9.363841776143854645e+01,-2.227623939514160156e+00,-2.227623939514160156e+00,2.667531394958496094e+01,1.586838150024414062e+01
1.700000000000000000e+01,6.344690500000000100e+01,1.041942599999999963e+01,1.375564928441389156e+02,9.233510132159679529e+01,-2.275382041931152344e+00,-2.275382041931152344e+00,2.662956047058105469e+01,1.584028911590576172e+01
1.800000000000000000e+01,6.344690500000000100e+01,1.041942599999999963e+01,1.387092485809167783e+02,9.123732145066411192e+01,-2.433184862136840820e+00,-2.433184862136840820e+00,2.663605308532714844e+01,1.591768264770507812e+01
1.900000000000000000e+01,6.344690500000000100e+01,1.041942599999999963e+01,1.393770418554927630e+02,9.069685630669835064e+01,-2.426162719726562500e+00,-2.426162719726562500e+00,2.648428916931152344e+01,1.592623996734619141e+01
2.000000000000000000e+01,6.344690500000000100e+01,1.041942599999999963e+01,1.406172418978440533e+02,8.943277682529480899e+01,-2.468133449554443359e+00,-2.468133449554443359e+00,2.649193763732910156e+01,1.594240188598632812e+01
2.100000000000000000e+01,6.344690500000000100e+01,1.041942599999999963e+01,1.415752153777837350e+02,8.797678579842133217e+01,-2.562684535980224609e+00,-2.562684535980224609e+00,2.651153755187988281e+01,1.590512847900390625e+01
2.200000000000000000e+01,6.344690500000000100e+01,1.041942599999999963e+01,1.424773836516051801e+02,8.642064718258501443e+01,-2.431970834732055664e+00,-2.431970834732055664e+00,2.661911010742187500e+01,1.590206718444824219e+01
2.300000000000000000e+01,6.344690500000000100e+01,1.041942599999999963e+01,1.434825792695559983e+02,8.478798663609890696e+01,-2.461798191070556641e+00,-2.461798191070556641e+00,2.652404022216796875e+01,1.595898342132568359e+01
2.400000000000000000e+01,6.344690500000000100e+01,1.041942599999999963e+01,1.445202150733942119e+02,8.314900650624522882e+01,-2.561309099197387695e+00,-2.561309099197387695e+00,2.648832893371582031e+01,1.595591735839843750e+01
2.500000000000000000e+01,6.344690500000000100e+01,1.041942599999999963e+01,1.454858370213115109e+02,8.155368884487506875e+01,-2.507115125656127930e+00,-2.507115125656127930e+00,2.657300376892089844e+01,1.594039058685302734e+01
2.600000000000000000e+01,6.344690500000000100e+01,1.041942599999999963e+01,1.459805498511376243e+02,8.070974278310592354e+01,-2.538480520248413086e+00,-2.538480520248413086e+00,2.627491569519042969e+01,1.594525051116943359e+01
2.700000000000000000e+01,6.344690500000000100e+01,1.041942599999999963e+01,1.469641886138383882e+02,7.901419155437626785e+01,-2.526029825210571289e+00,-2.526029825210571289e+00,2.660184669494628906e+01,1.592004966735839844e+01
2.800000000000000000e+01,6.344690500000000100e+01,1.041942599999999963e+01,1.478604555508010776e+02,7.747134169584060714e+01,-2.558932542800903320e+00,-2.558932542800903320e+00,2.619971656799316406e+01,1.592016792297363281e+01
2.900000000000000000e+01,6.344690500000000100e+01,1.041942599999999963e+01,1.488064966586504170e+02,7.585269473717106337e+01,-2.586344957351684570e+00,-2.586344957351684570e+00,2.612190055847167969e+01,1.593065261840820312e+01
3.000000000000000000e+01,6.344690500000000100e+01,1.041942599999999963e+01,1.497472696687042912e+02,7.423043608020856254e+01,-2.572102785110473633e+00,-2.572102785110473633e+00,2.624897956848144531e+01,1.593547439575195312e+01
3.100000000000000000e+01,6.344690500000000100e+01,1.041942599999999963e+01,1.506842241677560708e+02,7.260518944962910837e+01,-2.548909425735473633e+00,-2.548909425735473633e+00,2.625447463989257812e+01,1.593862152099609375e+01
3.200000000000000000e+01,6.344690500000000100e+01,1.041942599999999963e+01,1.516658029937145784e+02,7.090356567164991475e+01,-2.653079509735107422e+00,-2.653079509735107422e+00,2.637337875366210938e+01,1.594592857360839844e+01
3.300000000000000000e+01,6.344690500000000100e+01,1.041942599999999963e+01,1.526045084377934984e+02,6.928092644556369351e+01,-2.583470106124877930e+00,-2.583470106124877930e+00,2.618672943115234375e+01,1.592270946502685547e+01
3.400000000000000000e+01,6.344690500000000100e+01,1.041942599999999963e+01,1.530955553441047243e+02,6.843098917561380290e+01,-2.552967071533203125e+00,-2.552967071533203125e+00,2.631990051269531250e+01,1.591400241851806641e+01
3.500000000000000000e+01,6.344690500000000100e+01,1.041942599999999963e+01,1.540323839572757549e+02,6.680902374712026415e+01,-2.463584661483764648e+00,-2.463584661483764648e+00,2.654352760314941406e+01,1.593154621124267578e+01
3.600000000000000000e+01,6.344690500000000100e+01,1.041942599999999963e+01,1.549700060276462636e+02,6.518325964055750887e+01,-2.583491325378417969e+00,-2.583491325378417969e+00,2.646820068359375000e+01,1.590939998626708984e+01
3.700000000000000000e+01,6.344690500000000100e+01,1.041942599999999963e+01,1.559483423617123208e+02,6.348139480343474617e+01,-2.466998100280761719e+00,-2.466998100280761719e+00,2.627468109130859375e+01,1.593885040283203125e+01
3.800000000000000000e+01,6.344690500000000100e+01,1.041942599999999963e+01,1.568836489110870502e+02,6.185850137709130792e+01,-2.558681488037109375e+00,-2.558681488037109375e+00,2.650063514709472656e+01,1.587061786651611328e+01
3.900000000000000000e+01,6.344690500000000100e+01,1.041942599999999963e+01,1.577754602812436531e+02,6.031325955192783539e+01,-2.615200281143188477e+00,-2.615200281143188477e+00,2.646492767333984375e+01,1.589042472839355469e+01
4.000000000000000000e+01,6.344690500000000100e+01,1.041942599999999963e+01,1.587147226720584570e+02,5.868946008554017624e+01,-2.529562234878540039e+00,-2.529562234878540039e+00,2.639808082580566406e+01,1.593865966796875000e+01
4.100000000000000000e+01,6.344690500000000100e+01,1.041942599999999963e+01,1.596959581754626356e+02,5.698443630341652266e+01,-2.564250946044921875e+00,-2.564250946044921875e+00,2.669302177429199219e+01,1.594371700286865234e+01
4.200000000000000000e+01,6.344690500000000100e+01,1.041942599999999963e+01,1.606761637112037988e+02,5.528088784823593471e+01,-2.561483383178710938e+00,-2.561483383178710938e+00,2.664948844909667969e+01,1.588210582733154297e+01
4.300000000000000000e+01,6.344690500000000100e+01,1.041942599999999963e+01,1.611667604828699325e+02,5.442849330098179195e+01,-2.585737705230712891e+00,-2.585737705230712891e+00,2.631723785400390625e+01,1.585883998870849609e+01
4.400000000000000000e+01,6.344690500000000100e+01,1.041942599999999963e+01,1.621501207736189656e+02,5.272652259146106246e+01,-2.583992481231689453e+00,-2.583992481231689453e+00,2.629668807983398438e+01,1.588382625579833984e+01
4.500000000000000000e+01,6.344690500000000100e+01,1.041942599999999963e+01,1.630881166848909629e+02,5.110165051016036131e+01,-2.607217311859130859e+00,-2.607217311859130859e+00,2.654418182373046875e+01,1.592922019958496094e+01
4.600000000000000000e+01,6.344690500000000100e+01,1.041942599999999963e+01,1.640252046962237671e+02,4.947665922526182669e+01,-2.529855489730834961e+00,-2.529855489730834961e+00,2.640859603881835938e+01,1.586260032653808594e+01
4.700000000000000000e+01,6.344690500000000100e+01,1.041942599999999963e+01,1.649608583834773299e+02,4.785059120805007638e+01,-2.572080612182617188e+00,-2.572080612182617188e+00,2.631902313232421875e+01,1.589799785614013672e+01
4.800000000000000000e+01,6.344690500000000100e+01,1.041942599999999963e+01,1.658955736538607368e+02,4.622639536594478216e+01,-2.599808216094970703e+00,-2.599808216094970703e+00,2.638163757324218750e+01,1.590760517120361328e+01
4.900000000000000000e+01,6.344690500000000100e+01,1.041942599999999963e+01,1.668337221526199414e+02,4.460187424495275366e+01,-2.555659294128417969e+00,-2.555659294128417969e+00,2.633366012573242188e+01,1.587848567962646484e+01
5.000000000000000000e+01,6.344690500000000100e+01,1.041942599999999963e+01,1.677707491300908771e+02,4.297814568649685185e+01,-2.489400148391723633e+00,-2.489400148391723633e+00,2.636262130737304688e+01,1.586619472503662109e+01
5.100000000000000000e+01,6.344690500000000100e+01,1.041942599999999963e+01,1.682615709690795143e+02,4.212715122671010448e+01,-2.536126136779785156e+00,-2.536126136779785156e+00,2.646489334106445312e+01,1.590054416656494141e+01
5.200000000000000000e+01,6.344690500000000100e+01,1.041942599999999963e+01,1.692006578832926778e+02,4.050138783308932489e+01,-2.520520925521850586e+00,-2.520520925521850586e+00,2.629262542724609375e+01,1.582359504699707031e+01
5.300000000000000000e+01,6.344690500000000100e+01,1.041942599999999963e+01,1.701817598729996064e+02,3.879714252884200221e+01,-2.512503385543823242e+00,-2.512503385543823242e+00,2.623311233520507812e+01,1.587166023254394531e+01
5.400000000000000000e+01,6.344690500000000100e+01,1.041942599999999963e+01,1.711177111059948572e+02,3.716924470643838418e+01,-2.556427240371704102e+00,-2.556427240371704102e+00,2.650181770324707031e+01,1.584401035308837891e+01
5.500000000000000000e+01,6.344690500000000100e+01,1.041942599999999963e+01,1.721017809295507561e+02,3.546560004579590952e+01,-2.546314716339111328e+00,-2.546314716339111328e+00,2.641582870483398438e+01,1.587444972991943359e+01
5.600000000000000000e+01,6.344690500000000100e+01,1.041942599999999963e+01,1.730393801122230570e+02,3.384081319188517512e+01,-2.611800670623779297e+00,-2.611800670623779297e+00,2.620023155212402344e+01,1.586159610748291016e+01
5.700000000000000000e+01,6.344690500000000100e+01,1.041942599999999963e+01,1.739772768406369892e+02,3.221555232747334685e+01,-2.486885070800781250e+00,-2.486885070800781250e+00,2.637559127807617188e+01,1.590924167633056641e+01
5.800000000000000000e+01,6.344690500000000100e+01,1.041942599999999963e+01,1.749153261565381854e+02,3.058745221267043490e+01,-2.482957839965820312e+00,-2.482957839965820312e+00,2.678372383117675781e+01,1.587702274322509766e+01
5.900000000000000000e+01,6.344690500000000100e+01,1.041942599999999963e+01,1.754057131193472117e+02,2.973516832289026723e+01,-2.510547637939453125e+00,-2.510547637939453125e+00,2.669343376159667969e+01,1.585331821441650391e+01
6.000000000000000000e+01,6.344690500000000100e+01,1.041942599999999963e+01,1.763455324554816741e+02,2.810840955598906987e+01,-2.552868604660034180e+00,-2.552868604660034180e+00,2.665353584289550781e+01,1.588177299499511719e+01
6.100000000000000000e+01,6.344690500000000100e+01,1.041942599999999963e+01,1.772380495459531460e+02,2.655949033709384466e+01,-2.552589416503906250e+00,-2.552589416503906250e+00,2.661304855346679688e+01,1.591699981689453125e+01
6.200000000000000000e+01,6.344690500000000100e+01,1.041942599999999963e+01,1.782198076638377700e+02,2.485410339946809799e+01,-2.617573738098144531e+00,-2.617573738098144531e+00,2.649437141418457031e+01,1.588276767730712891e+01
6.300000000000000000e+01,6.344690500000000100e+01,1.041942599999999963e+01,1.791575136571846087e+02,2.322769277988462022e+01,-2.567846536636352539e+00,-2.567846536636352539e+00,2.656731033325195312e+01,1.590224075317382812e+01
6.400000000000000000e+01,6.344690500000000100e+01,1.041942599999999963e+01,1.800943727872866305e+02,2.159880916068350132e+01,-2.600522994995117188e+00,-2.600522994995117188e+00,2.658008956909179688e+01,1.585129833221435547e+01
6.500000000000000000e+01,6.344690500000000100e+01,1.041942599999999963e+01,1.810357180025418415e+02,1.997228208757951862e+01,-2.580870389938354492e+00,-2.580870389938354492e+00,2.623954963684082031e+01,1.582418155670166016e+01
6.600000000000000000e+01,6.344690500000000100e+01,1.041942599999999963e+01,1.819746752169660056e+02,1.834611271714667780e+01,-2.477476596832275391e+00,-2.477476596832275391e+00,2.661363220214843750e+01,1.585083389282226562e+01
6.700000000000000000e+01,6.344690500000000100e+01,1.041942599999999963e+01,1.829538088235560167e+02,1.664458910905842615e+01,-2.654083013534545898e+00,-2.654083013534545898e+00,2.611149215698242188e+01,1.587607288360595703e+01
6.800000000000000000e+01,6.344690500000000100e+01,1.041942599999999963e+01,1.838898668672257770e+02,1.501681559195432136e+01,-2.631208419799804688e+00,-2.631208419799804688e+00,2.625512695312500000e+01,1.584354305267333984e+01
6.900000000000000000e+01,6.344690500000000100e+01,1.041942599999999963e+01,1.843809557350252248e+02,1.416248972144560270e+01,-2.665164232254028320e+00,-2.665164232254028320e+00,2.674398994445800781e+01,1.582526779174804688e+01
7.000000000000000000e+01,6.344690500000000100e+01,1.041942599999999963e+01,1.853195772561277295e+02,1.254120003817656759e+01,-2.538492441177368164e+00,-2.538492441177368164e+00,2.694743537902832031e+01,1.582890510559082031e+01
7.100000000000000000e+01,6.344690500000000100e+01,1.041942599999999963e+01,1.862599382791164260e+02,1.091507966234459026e+01,-2.493533611297607422e+00,-2.493533611297607422e+00,2.651657295227050781e+01,1.583766078948974609e+01
7.200000000000000000e+01,6.344690500000000100e+01,1.041942599999999963e+01,1.872388582615248538e+02,9.211628769265281846e+00,-2.586719751358032227e+00,-2.586719751358032227e+00,2.658110618591308594e+01,1.584078693389892578e+01
7.300000000000000000e+01,6.344690500000000100e+01,1.041942599999999963e+01,1.881325731656120013e+02,7.661340817313696760e+00,-2.568432331085205078e+00,-2.568432331085205078e+00,2.623376846313476562e+01,1.583155918121337891e+01
7.400000000000000000e+01,6.344690500000000100e+01,1.041942599999999963e+01,1.890701723482842738e+02,6.036293456588742501e+00,-2.542250156402587891e+00,-2.542250156402587891e+00,2.659307098388671875e+01,1.582895278930664062e+01
7.500000000000000000e+01,6.344690500000000100e+01,1.041942599999999963e+01,1.900514116670129567e+02,4.334144197480441996e+00,-2.614053249359130859e+00,-2.614053249359130859e+00,2.643750190734863281e+01,1.583162879943847656e+01
7.600000000000000000e+01,6.344690500000000100e+01,1.041942599999999963e+01,1.909884920505292314e+02,2.707721522142307435e+00,-2.591502666473388672e+00,-2.591502666473388672e+00,2.622611999511718750e+01,1.585427856445312500e+01
7.700000000000000000e+01,6.344690500000000100e+01,1.041942599999999963e+01,1.914806108859916662e+02,1.854124286247754716e+00,-2.591536045074462891e+00,-2.591536045074462891e+00,2.646116638183593750e+01,1.579467391967773438e+01
7.800000000000000000e+01,6.344690500000000100e+01,1.041942599999999963e+01,1.924190035244471346e+02,2.277611500718894344e-01,-2.564503192901611328e+00,-2.564503192901611328e+00,2.631512069702148438e+01,1.585225105285644531e+01
7.900000000000000000e+01,6.344690500000000100e+01,1.041942599999999963e+01,1.933568010714192837e+02,-1.401631978268848000e+00,-2.600189208984375000e+00,-2.600189208984375000e+00,2.648941802978515625e+01,1.579686164855957031e+01
8.000000000000000000e+01,6.344690500000000100e+01,1.041942599999999963e+01,1.942940035254918598e+02,-3.027104298311347641e+00,-2.513291835784912109e+00,-2.513291835784912109e+00,2.653177642822265625e+01,1.582817268371582031e+01
8.100000000000000000e+01,6.344690500000000100e+01,1.041942599999999963e+01,1.952773256686609784e+02,-4.729762777235717586e+00,-2.535962581634521484e+00,-2.535962581634521484e+00,2.621947097778320312e+01,1.584815883636474609e+01
8.200000000000000000e+01,6.344690500000000100e+01,1.041942599999999963e+01,1.962144441983409422e+02,-6.354069683339894858e+00,-2.605359315872192383e+00,-2.605359315872192383e+00,2.668921661376953125e+01,1.581253910064697266e+01
8.300000000000000000e+01,6.344690500000000100e+01,1.041942599999999963e+01,1.971962709807364718e+02,-8.058858896553122264e+00,-2.579762935638427734e+00,-2.579762935638427734e+00,2.647418975830078125e+01,1.583534431457519531e+01
8.400000000000000000e+01,6.344690500000000100e+01,1.041942599999999963e+01,1.981331301122546620e+02,-9.685685607244151285e+00,-2.589394092559814453e+00,-2.589394092559814453e+00,2.672120285034179688e+01,1.577588367462158203e+01
8.500000000000000000e+01,6.344690500000000100e+01,1.041942599999999963e+01,1.990718508147990633e+02,-1.131081187835604140e+01,-2.489269495010375977e+00,-2.489269495010375977e+00,2.649908256530761719e+01,1.580751991271972656e+01
8.600000000000000000e+01,6.344690500000000100e+01,1.041942599999999963e+01,1.995596666723588442e+02,-1.216041523877740538e+01,-2.609620094299316406e+00,-2.609620094299316406e+00,2.661364364624023438e+01,1.584236812591552734e+01
8.700000000000000000e+01,6.344690500000000100e+01,1.041942599999999963e+01,2.005357790376382354e+02,-1.385180976563020216e+01,-2.665217399597167969e+00,-2.665217399597167969e+00,2.644069480895996094e+01,1.580626583099365234e+01
8.800000000000000000e+01,6.344690500000000100e+01,1.041942599999999963e+01,2.014166231541811385e+02,-1.538044896546457174e+01,-2.558609247207641602e+00,-2.558609247207641602e+00,2.646753692626953125e+01,1.578103351593017578e+01
8.900000000000000000e+01,6.344690500000000100e+01,1.041942599999999963e+01,2.023397188566814009e+02,-1.697927019045063091e+01,-2.489621877670288086e+00,-2.489621877670288086e+00,2.658255577087402344e+01,1.578709602355957031e+01
9.000000000000000000e+01,6.344690500000000100e+01,1.041942599999999963e+01,2.032570467374363545e+02,-1.856896678856919181e+01,-2.615119218826293945e+00,-2.615119218826293945e+00,2.683202171325683594e+01,1.575304889678955078e+01
9.100000000000000000e+01,6.344690500000000100e+01,1.041942599999999963e+01,2.041702318570085879e+02,-2.015291121325621759e+01,-2.525566577911376953e+00,-2.525566577911376953e+00,2.628432083129882812e+01,1.577977943420410156e+01
9.200000000000000000e+01,6.344690500000000100e+01,1.041942599999999963e+01,2.050782823953150853e+02,-2.173113393480821642e+01,-2.539297103881835938e+00,-2.539297103881835938e+00,2.636566734313964844e+01,1.576218986511230469e+01
9.300000000000000000e+01,6.344690500000000100e+01,1.041942599999999963e+01,2.060255022429901999e+02,-2.337560939024082529e+01,-2.552140712738037109e+00,-2.552140712738037109e+00,2.655190849304199219e+01,1.576544284820556641e+01
9.400000000000000000e+01,6.344690500000000100e+01,1.041942599999999963e+01,2.064980059061292366e+02,-2.419417746477784092e+01,-2.583440065383911133e+00,-2.583440065383911133e+00,2.657119560241699219e+01,1.580615043640136719e+01
9.500000000000000000e+01,6.344690500000000100e+01,1.041942599999999963e+01,2.073993273167058362e+02,-2.575401418685745725e+01,-2.457762479782104492e+00,-2.457762479782104492e+00,2.617798614501953125e+01,1.575245761871337891e+01
9.600000000000000000e+01,6.344690500000000100e+01,1.041942599999999963e+01,2.083379869839720584e+02,-2.738210268171117434e+01,-2.629680395126342773e+00,-2.629680395126342773e+00,2.666236495971679688e+01,1.579944801330566406e+01
9.700000000000000000e+01,6.344690500000000100e+01,1.041942599999999963e+01,2.091861620333967835e+02,-2.885756003839665951e+01,-2.565767765045166016e+00,-2.565767765045166016e+00,2.665832519531250000e+01,1.578738689422607422e+01
9.800000000000000000e+01,6.344690500000000100e+01,1.041942599999999963e+01,2.100752001186797600e+02,-3.039724833195474574e+01,-2.550532817840576172e+00,-2.550532817840576172e+00,2.639768028259277344e+01,1.582456684112548828e+01
9.900000000000000000e+01,6.344690500000000100e+01,1.041942599999999963e+01,2.109595690158075456e+02,-3.193257298829010438e+01,-2.500037670135498047e+00,-2.500037670135498047e+00,2.622223663330078125e+01,1.576227283477783203e+01
1.000000000000000000e+02,6.344690500000000100e+01,1.041942599999999963e+01,2.117999239345612352e+02,-3.338964437874059143e+01,-2.619511365890502930e+00,-2.619511365890502930e+00,2.642129707336425781e+01,1.579078388214111328e+01
1.010000000000000000e+02,6.344690500000000100e+01,1.041942599999999963e+01,2.126782503519002603e+02,-3.491344928529496627e+01,-2.622321844100952148e+00,-2.622321844100952148e+00,2.618736839294433594e+01,1.577553844451904297e+01
1.020000000000000000e+02,6.344690500000000100e+01,1.041942599999999963e+01,2.135953264623099699e+02,-3.650546805271312678e+01,-2.623015403747558594e+00,-2.623015403747558594e+00,2.657177162170410156e+01,1.576348114013671875e+01
1.030000000000000000e+02,6.344690500000000100e+01,1.041942599999999963e+01,2.145101900484902160e+02,-3.809361164692533208e+01,-2.568025588989257812e+00,-2.568025588989257812e+00,2.637672042846679688e+01,1.575774097442626953e+01
1.040000000000000000e+02,6.344690500000000100e+01,1.041942599999999963e+01,2.149673738865596135e+02,-3.888441054409112496e+01,-2.515116930007934570e+00,-2.515116930007934570e+00,2.671297073364257812e+01,1.567541885375976562e+01
1.050000000000000000e+02,6.344690500000000100e+01,1.041942599999999963e+01,2.158782930758570444e+02,-4.046083578681847115e+01,-2.530704498291015625e+00,-2.530704498291015625e+00,2.635878944396972656e+01,1.573523807525634766e+01
1.060000000000000000e+02,6.344690500000000100e+01,1.041942599999999963e+01,2.167853823095951498e+02,-4.203407245586657126e+01,-2.586188554763793945e+00,-2.586188554763793945e+00,2.648121833801269531e+01,1.571627807617187500e+01
1.070000000000000000e+02,6.344690500000000100e+01,1.041942599999999963e+01,2.176873827360476525e+02,-4.360476139870589662e+01,-2.618876457214355469e+00,-2.618876457214355469e+00,2.644994544982910156e+01,1.580021190643310547e+01
1.080000000000000000e+02,6.344690500000000100e+01,1.041942599999999963e+01,2.185074053190220980e+02,-4.502756442520480107e+01,-2.527922153472900391e+00,-2.527922153472900391e+00,2.616395187377929688e+01,1.576432037353515625e+01
1.090000000000000000e+02,6.344690500000000100e+01,1.041942599999999963e+01,2.194087419894804327e+02,-4.658504001237015757e+01,-2.616421937942504883e+00,-2.616421937942504883e+00,2.689049148559570312e+01,1.571681690216064453e+01
1.100000000000000000e+02,6.344690500000000100e+01,1.041942599999999963e+01,2.202630892184828895e+02,-4.807016737287369068e+01,-2.511744022369384766e+00,-2.511744022369384766e+00,2.648400497436523438e+01,1.575699996948242188e+01
1.110000000000000000e+02,6.344690500000000100e+01,1.041942599999999963e+01,2.207107897191549455e+02,-4.884782995752345869e+01,-2.579294919967651367e+00,-2.579294919967651367e+00,2.646755218505859375e+01,1.573053550720214844e+01
1.120000000000000000e+02,6.344690500000000100e+01,1.041942599999999963e+01,2.215622530372847052e+02,-5.032751062871822967e+01,-2.621001243591308594e+00,-2.621001243591308594e+00,2.626990509033203125e+01,1.566277980804443359e+01
1.130000000000000000e+02,6.344690500000000100e+01,1.041942599999999963e+01,2.224542589578329341e+02,-5.187127015302235122e+01,-2.609240770339965820e+00,-2.609240770339965820e+00,2.635950279235839844e+01,1.574367237091064453e+01
1.140000000000000000e+02,6.344690500000000100e+01,1.041942599999999963e+01,2.233017015839200781e+02,-5.334124697769471624e+01,-2.585563659667968750e+00,-2.585563659667968750e+00,2.644198989868164062e+01,1.575738048553466797e+01
1.150000000000000000e+02,6.344690500000000100e+01,1.041942599999999963e+01,2.241875658418214528e+02,-5.487882764478328568e+01,-2.543048143386840820e+00,-2.543048143386840820e+00,2.617508506774902344e+01,1.574580764770507812e+01
1.160000000000000000e+02,6.344690500000000100e+01,1.041942599999999963e+01,2.250319643403160228e+02,-5.634143540344756929e+01,-2.531378030776977539e+00,-2.531378030776977539e+00,2.641344451904296875e+01,1.577323341369628906e+01
1.170000000000000000e+02,6.344690500000000100e+01,1.041942599999999963e+01,2.258733797450798590e+02,-5.780169376909633883e+01,-2.419933319091796875e+00,-2.419933319091796875e+00,2.643546485900878906e+01,1.570428943634033203e+01
1.180000000000000000e+02,6.344690500000000100e+01,1.041942599999999963e+01,2.267130556493738425e+02,-5.925796999143688026e+01,-2.517512798309326172e+00,-2.517512798309326172e+00,2.626054000854492188e+01,1.578531265258789062e+01
1.190000000000000000e+02,6.344690500000000100e+01,1.041942599999999963e+01,2.271531801604873806e+02,-6.002097059884051333e+01,-2.536473512649536133e+00,-2.536473512649536133e+00,2.625127029418945312e+01,1.575179862976074219e+01
1.200000000000000000e+02,6.344690500000000100e+01,1.041942599999999963e+01,2.280319033050099335e+02,-6.154363045442158864e+01,-2.557650804519653320e+00,-2.557650804519653320e+00,2.653119277954101562e+01,1.576777935028076172e+01
1.210000000000000000e+02,6.344690500000000100e+01,1.041942599999999963e+01,2.288698244475360752e+02,-6.299269063347350794e+01,-2.524103164672851562e+00,-2.524103164672851562e+00,2.625330734252929688e+01,1.576103973388671875e+01
1.220000000000000000e+02,6.344690500000000100e+01,1.041942599999999963e+01,2.297000551605964063e+02,-6.444007258913310920e+01,-2.640630960464477539e+00,-2.640630960464477539e+00,2.645543479919433594e+01,1.581562614440917969e+01
1.230000000000000000e+02,6.344690500000000100e+01,1.041942599999999963e+01,2.305311861429470071e+02,-6.588505954264174136e+01,-2.581264734268188477e+00,-2.581264734268188477e+00,2.631484603881835938e+01,1.576397228240966797e+01
1.240000000000000000e+02,6.344690500000000100e+01,1.041942599999999963e+01,2.313623476408123167e+02,-6.732510304479831120e+01,-2.540224075317382812e+00,-2.540224075317382812e+00,2.622888946533203125e+01,1.569379806518554688e+01
1.250000000000000000e+02,6.344690500000000100e+01,1.041942599999999963e+01,2.321554232030173921e+02,-6.869418674001272507e+01,-2.547868013381958008e+00,-2.547868013381958008e+00,2.661710929870605469e+01,1.574247264862060547e+01
1.260000000000000000e+02,6.344690500000000100e+01,1.041942599999999963e+01,2.330249300389533573e+02,-7.019756236409364192e+01,-2.603699684143066406e+00,-2.603699684143066406e+00,2.673366546630859375e+01,1.570377159118652344e+01
1.270000000000000000e+02,6.344690500000000100e+01,1.041942599999999963e+01,2.334572878268575096e+02,-7.094852550943100766e+01,-2.598476886749267578e+00,-2.598476886749267578e+00,2.671544647216796875e+01,1.568622112274169922e+01
1.280000000000000000e+02,6.344690500000000100e+01,1.041942599999999963e+01,2.342794618987832962e+02,-7.238374903539167349e+01,-2.509383916854858398e+00,-2.509383916854858398e+00,2.646324157714843750e+01,1.575137424468994141e+01
1.290000000000000000e+02,6.344690500000000100e+01,1.041942599999999963e+01,2.351040163423074318e+02,-7.381482273510404468e+01,-2.504712343215942383e+00,-2.504712343215942383e+00,2.632084083557128906e+01,1.572656822204589844e+01
1.300000000000000000e+02,6.344690500000000100e+01,1.041942599999999963e+01,2.359291658787311405e+02,-7.524235690708032109e+01,-2.568701982498168945e+00,-2.568701982498168945e+00,2.642489051818847656e+01,1.572609806060791016e+01
1.310000000000000000e+02,6.344690500000000100e+01,1.041942599999999963e+01,2.367516603855130484e+02,-7.666894555544840273e+01,-2.608432769775390625e+00,-2.608432769775390625e+00,2.646073150634765625e+01,1.569499206542968750e+01
1.320000000000000000e+02,6.344690500000000100e+01,1.041942599999999963e+01,2.376104555520888368e+02,-7.816092575815576993e+01,-2.538326740264892578e+00,-2.538326740264892578e+00,2.641111183166503906e+01,1.563502025604248047e+01
1.330000000000000000e+02,6.344690500000000100e+01,1.041942599999999963e+01,2.384690218360175606e+02,-7.964886287039352908e+01,-2.553101539611816406e+00,-2.553101539611816406e+00,2.641735458374023438e+01,1.566047382354736328e+01
1.340000000000000000e+02,6.344690500000000100e+01,1.041942599999999963e+01,2.393259401702692628e+02,-8.113884552165964692e+01,-2.502668857574462891e+00,-2.502668857574462891e+00,2.637936592102050781e+01,1.572907733917236328e+01
1.350000000000000000e+02,6.344690500000000100e+01,1.041942599999999963e+01,2.397168093110683742e+02,-8.181396737830949917e+01,-2.527510881423950195e+00,-2.527510881423950195e+00,2.633871269226074219e+01,1.567667102813720703e+01
1.360000000000000000e+02,6.344690500000000100e+01,1.041942599999999963e+01,2.405349398046694773e+02,-8.322970934896459028e+01,-2.527758836746215820e+00,-2.527758836746215820e+00,2.653440093994140625e+01,1.567969417572021484e+01
1.370000000000000000e+02,6.344690500000000100e+01,1.041942599999999963e+01,2.413886385347269652e+02,-8.471311670572920605e+01,-2.543943643569946289e+00,-2.543943643569946289e+00,2.687689018249511719e+01,1.576570701599121094e+01
1.380000000000000000e+02,6.344690500000000100e+01,1.041942599999999963e+01,2.422028627776089706e+02,-8.612533488655145675e+01,-2.670101165771484375e+00,-2.670101165771484375e+00,2.683974838256835938e+01,1.568471813201904297e+01
1.390000000000000000e+02,6.344690500000000100e+01,1.041942599999999963e+01,2.430556917581395737e+02,-8.760524921484432070e+01,-2.556838989257812500e+00,-2.556838989257812500e+00,2.653404426574707031e+01,1.568746948242187500e+01
1.400000000000000000e+02,6.344690500000000100e+01,1.041942599999999963e+01,2.438317232518543278e+02,-8.894748444395229114e+01,-2.510861635208129883e+00,-2.510861635208129883e+00,2.619799804687500000e+01,1.571249294281005859e+01
1.410000000000000000e+02,6.344690500000000100e+01,1.041942599999999963e+01,2.446811495209400960e+02,-9.042451594755898725e+01,-2.594843626022338867e+00,-2.594843626022338867e+00,2.610023498535156250e+01,1.570073032379150391e+01
1.420000000000000000e+02,6.344690500000000100e+01,1.041942599999999963e+01,2.454913912207755970e+02,-9.183241823635015066e+01,-2.553726196289062500e+00,-2.553726196289062500e+00,2.622155761718750000e+01,1.567364501953125000e+01
1.430000000000000000e+02,6.344690500000000100e+01,1.041942599999999963e+01,2.459173403172221981e+02,-9.256866099859490760e+01,-2.563338041305541992e+00,-2.563338041305541992e+00,2.701132202148437500e+01,1.499434280395507812e+01
1.440000000000000000e+02,6.344690500000000100e+01,1.041942599999999963e+01,6.334504097971919236e+02,-7.691022520388200974e+02,-3.842181339859962463e-02,-3.842181339859962463e-02,2.703848648071289062e+01,1.505959320068359375e+01
1.450000000000000000e+02,6.344690500000000100e+01,1.041942599999999963e+01,6.349207138082095980e+02,-7.695580027326047912e+02,-1.694026291370391846e-01,-1.694026291370391846e-01,2.669307518005371094e+01,1.516573619842529297e+01
1.460000000000000000e+02,6.344690500000000100e+01,1.041942599999999963e+01,6.361846145655296141e+02,-7.705192203991431370e+02,-4.964676499366760254e-01,-4.964676499366760254e-01,2.697514915466308594e+01,1.527941894531250000e+01
1.470000000000000000e+02,6.344690500000000100e+01,1.041942599999999963e+01,6.371478816538214005e+02,-7.716587257179417065e+02,-7.806003689765930176e-01,-7.806003689765930176e-01,2.688103675842285156e+01,1.538716125488281250e+01
1.480000000000000000e+02,6.344690500000000100e+01,1.041942599999999963e+01,6.380890676054798405e+02,-7.729143882862925921e+02,-1.216973543167114258e+00,-1.216973543167114258e+00,2.694407844543457031e+01,1.558004760742187500e+01
1.490000000000000000e+02,6.344690500000000100e+01,1.041942599999999963e+01,6.390545517471057337e+02,-7.741724289065180074e+02,-1.518032312393188477e+00,-1.518032312393188477e+00,2.681840896606445312e+01,1.566809272766113281e+01
1.500000000000000000e+02,6.344690500000000100e+01,1.041942599999999963e+01,6.400199471973078289e+02,-7.754582950327825301e+02,-1.823327422142028809e+00,-1.823327422142028809e+00,2.647587585449218750e+01,1.576459121704101562e+01
1.510000000000000000e+02,6.344690500000000100e+01,1.041942599999999963e+01,6.409254137539990097e+02,-7.767931928978616725e+02,-1.861171722412109375e+00,-1.861171722412109375e+00,2.663257789611816406e+01,1.580085086822509766e+01
1.520000000000000000e+02,6.344690500000000100e+01,1.041942599999999963e+01,6.413677021531602804e+02,-7.775116479393986992e+02,-2.024445772171020508e+00,-2.024445772171020508e+00,2.671138954162597656e+01,1.586242294311523438e+01
1.530000000000000000e+02,6.344690500000000100e+01,1.041942599999999963e+01,6.508499647647792017e+02,-7.742484925302246666e+02,-1.111660376191139221e-01,-1.111660376191139221e-01,2.694552612304687500e+01,1.506743812561035156e+01
1.540000000000000000e+02,6.344690500000000100e+01,1.041942599999999963e+01,6.509029547245356753e+02,-7.741734297938810414e+02,-1.364625543355941772e-01,-1.364625543355941772e-01,2.687959671020507812e+01,1.505075263977050781e+01
1.550000000000000000e+02,6.344690500000000100e+01,1.041942599999999963e+01,6.512496878178205861e+02,-7.736428596725926354e+02,-1.361450403928756714e-01,-1.361450403928756714e-01,2.709420967102050781e+01,1.498573303222656250e+01
1.560000000000000000e+02,6.344690500000000100e+01,1.041942599999999963e+01,6.519161993529721713e+02,-7.728324579379994930e+02,-1.045372635126113892e-01,-1.045372635126113892e-01,2.674074554443359375e+01,1.507816505432128906e+01
1.570000000000000000e+02,6.344690500000000100e+01,1.041942599999999963e+01,6.529624449279401688e+02,-7.721631962629188592e+02,-2.936889231204986572e-01,-2.936889231204986572e-01,2.698925590515136719e+01,1.510519409179687500e+01
1.580000000000000000e+02,6.344690500000000100e+01,1.041942599999999963e+01,6.543826071288422099e+02,-7.717427049582823884e+02,-5.946077704429626465e-01,-5.946077704429626465e-01,2.690967178344726562e+01,1.522983169555664062e+01
1.590000000000000000e+02,6.344690500000000100e+01,1.041942599999999963e+01,6.558888632327983714e+02,-7.712767561584657869e+02,-8.964352607727050781e-01,-8.964352607727050781e-01,2.670466423034667969e+01,1.541020679473876953e+01
1.600000000000000000e+02,6.344690500000000100e+01,1.041942599999999963e+01,6.565966497922897815e+02,-7.709512268841317564e+02,-1.082612395286560059e+00,-1.082612395286560059e+00,2.635412025451660156e+01,1.554273223876953125e+01
1.610000000000000000e+02,6.344690500000000100e+01,1.041942599999999963e+01,6.580619188807530691e+02,-7.701010125989901098e+02,-1.553957223892211914e+00,-1.553957223892211914e+00,2.649189567565917969e+01,1.570097064971923828e+01
1.620000000000000000e+02,6.344690500000000100e+01,1.041942599999999963e+01,6.596624762087233194e+02,-7.691489944262988274e+02,-1.823823928833007812e+00,-1.823823928833007812e+00,2.654215621948242188e+01,1.581278896331787109e+01
1.630000000000000000e+02,6.344690500000000100e+01,1.041942599999999963e+01,6.613539206061213918e+02,-7.682610921566711113e+02,-1.990506291389465332e+00,-1.990506291389465332e+00,2.637232208251953125e+01,1.581469631195068359e+01
1.640000000000000000e+02,6.344690500000000100e+01,1.041942599999999963e+01,6.629946772125393863e+02,-7.674128508025335123e+02,-1.968224644660949707e+00,-1.968224644660949707e+00,2.646928977966308594e+01,1.591811084747314453e+01
1.650000000000000000e+02,6.344690500000000100e+01,1.041942599999999963e+01,6.646235720190402390e+02,-7.665182010424599639e+02,-2.176320552825927734e+00,-2.176320552825927734e+00,2.660431480407714844e+01,1.592156982421875000e+01
1.660000000000000000e+02,6.344690500000000100e+01,1.041942599999999963e+01,6.662464434181260913e+02,-7.655975100991015552e+02,-2.259596586227416992e+00,-2.259596586227416992e+00,2.648747062683105469e+01,1.591854858398437500e+01
1.670000000000000000e+02,6.344690500000000100e+01,1.041942599999999963e+01,6.678785273104739417e+02,-7.646814948119545079e+02,-2.379653215408325195e+00,-2.379653215408325195e+00,2.686617279052734375e+01,1.589598464965820312e+01
1.680000000000000000e+02,6.344690500000000100e+01,1.041942599999999963e+01,6.695159288913382625e+02,-7.637725758821604813e+02,-2.370239734649658203e+00,-2.370239734649658203e+00,2.647530364990234375e+01,1.595310592651367188e+01
1.690000000000000000e+02,6.344690500000000100e+01,1.041942599999999963e+01,6.703746515780786694e+02,-7.632961444390243742e+02,-2.393527746200561523e+00,-2.393527746200561523e+00,2.618271064758300781e+01,1.594819545745849609e+01
1.700000000000000000e+02,6.344690500000000100e+01,1.041942599999999963e+01,6.720121943018730235e+02,-7.623797113621812969e+02,-2.362803697586059570e+00,-2.362803697586059570e+00,2.650689888000488281e+01,1.597303104400634766e+01
1.710000000000000000e+02,6.344690500000000100e+01,1.041942599999999963e+01,6.737279116180249048e+02,-7.614196793022445036e+02,-2.395805597305297852e+00,-2.395805597305297852e+00,2.651824569702148438e+01,1.595536231994628906e+01
1.720000000000000000e+02,6.344690500000000100e+01,1.041942599999999963e+01,6.753629938625689419e+02,-7.605016122207925946e+02,-2.478792667388916016e+00,-2.478792667388916016e+00,2.666877174377441406e+01,1.602910041809082031e+01
1.730000000000000000e+02,6.344690500000000100e+01,1.041942599999999963e+01,6.770018793610659031e+02,-7.595840478328375411e+02,-2.389487028121948242e+00,-2.389487028121948242e+00,2.640240097045898438e+01,1.592943668365478516e+01
1.740000000000000000e+02,6.344690500000000100e+01,1.041942599999999963e+01,6.785615793733321652e+02,-7.587096619280873711e+02,-2.512320995330810547e+00,-2.512320995330810547e+00,2.613157081604003906e+01,1.598314762115478516e+01
1.750000000000000000e+02,6.344690500000000100e+01,1.041942599999999963e+01,6.802000376248821567e+02,-7.577942114001157279e+02,-2.477261304855346680e+00,-2.477261304855346680e+00,2.605099296569824219e+01,1.597483730316162109e+01
1.760000000000000000e+02,6.344690500000000100e+01,1.041942599999999963e+01,6.818360430264145862e+02,-7.568750808312915979e+02,-2.475811243057250977e+00,-2.475811243057250977e+00,2.645366096496582031e+01,1.597428703308105469e+01
1.770000000000000000e+02,6.344690500000000100e+01,1.041942599999999963e+01,6.834723650488949716e+02,-7.559568669488429578e+02,-2.493785381317138672e+00,-2.493785381317138672e+00,2.629107284545898438e+01,1.598517322540283203e+01
1.780000000000000000e+02,6.344690500000000100e+01,1.041942599999999963e+01,6.851092173122561917e+02,-7.550369322765120614e+02,-2.442182779312133789e+00,-2.442182779312133789e+00,2.642449569702148438e+01,1.596336364746093750e+01
1.790000000000000000e+02,6.344690500000000100e+01,1.041942599999999963e+01,6.858881136444698541e+02,-7.546003572320325929e+02,-2.429577589035034180e+00,-2.429577589035034180e+00,2.625497245788574219e+01,1.595629692077636719e+01
1.800000000000000000e+02,6.344690500000000100e+01,1.041942599999999963e+01,6.875240389369342893e+02,-7.536849940711473437e+02,-2.390108346939086914e+00,-2.390108346939086914e+00,2.671549034118652344e+01,1.594510078430175781e+01
1.810000000000000000e+02,6.344690500000000100e+01,1.041942599999999963e+01,6.891611048244769790e+02,-7.527672147388227586e+02,-2.450590848922729492e+00,-2.450590848922729492e+00,2.654099464416503906e+01,1.602390098571777344e+01
1.820000000000000000e+02,6.344690500000000100e+01,1.041942599999999963e+01,6.907973619963547662e+02,-7.518487257343680312e+02,-2.496143817901611328e+00,-2.496143817901611328e+00,2.638272285461425781e+01,1.599492931365966797e+01
1.830000000000000000e+02,6.344690500000000100e+01,1.041942599999999963e+01,6.925128237268369276e+02,-7.508875510426649953e+02,-2.417908191680908203e+00,-2.417908191680908203e+00,2.658289146423339844e+01,1.593699836730957031e+01
1.840000000000000000e+02,6.344690500000000100e+01,1.041942599999999963e+01,6.941513430150812383e+02,-7.499696343303229469e+02,-2.421071767807006836e+00,-2.421071767807006836e+00,2.646271896362304688e+01,1.593335533142089844e+01
1.850000000000000000e+02,6.344690500000000100e+01,1.041942599999999963e+01,6.957883707550441841e+02,-7.490513084215738218e+02,-2.465059995651245117e+00,-2.465059995651245117e+00,2.646479225158691406e+01,1.596050548553466797e+01
1.860000000000000000e+02,6.344690500000000100e+01,1.041942599999999963e+01,6.975035959750628081e+02,-7.480886102303983307e+02,-2.418970108032226562e+00,-2.418970108032226562e+00,2.661894035339355469e+01,1.595552158355712891e+01
1.870000000000000000e+02,6.344690500000000100e+01,1.041942599999999963e+01,6.991395594151069872e+02,-7.471700687266182968e+02,-2.420407533645629883e+00,-2.420407533645629883e+00,2.616382217407226562e+01,1.600259780883789062e+01
1.880000000000000000e+02,6.344690500000000100e+01,1.041942599999999963e+01,6.999981180698031267e+02,-7.466896297004353755e+02,-2.419575214385986328e+00,-2.419575214385986328e+00,2.657290649414062500e+01,1.599882030487060547e+01
1.890000000000000000e+02,6.344690500000000100e+01,1.041942599999999963e+01,7.017143274806720683e+02,-7.457292259124408247e+02,-2.470465660095214844e+00,-2.470465660095214844e+00,2.602682495117187500e+01,1.604562950134277344e+01
1.900000000000000000e+02,6.344690500000000100e+01,1.041942599999999963e+01,7.032712809110873877e+02,-7.448544811596749469e+02,-2.460892438888549805e+00,-2.460892438888549805e+00,2.674065208435058594e+01,1.596328067779541016e+01
1.910000000000000000e+02,6.344690500000000100e+01,1.041942599999999963e+01,7.049858271152301086e+02,-7.438914407787458458e+02,-2.471120834350585938e+00,-2.471120834350585938e+00,2.637450218200683594e+01,1.596061515808105469e+01
1.920000000000000000e+02,6.344690500000000100e+01,1.041942599999999963e+01,7.067024408839316720e+02,-7.429287198501103830e+02,-2.562938690185546875e+00,-2.562938690185546875e+00,2.647523117065429688e+01,1.597105121612548828e+01
1.930000000000000000e+02,6.344690500000000100e+01,1.041942599999999963e+01,7.084187037022624054e+02,-7.419685867346644272e+02,-2.436401128768920898e+00,-2.436401128768920898e+00,2.644628143310546875e+01,1.597110748291015625e+01
1.940000000000000000e+02,6.344690500000000100e+01,1.041942599999999963e+01,7.099794870882368514e+02,-7.410938573480176501e+02,-2.515603542327880859e+00,-2.515603542327880859e+00,2.634369087219238281e+01,1.601582527160644531e+01
1.950000000000000000e+02,6.344690500000000100e+01,1.041942599999999963e+01,7.116163202792241691e+02,-7.401741372754161148e+02,-2.520219087600708008e+00,-2.520219087600708008e+00,2.642260742187500000e+01,1.604091453552246094e+01
1.960000000000000000e+02,6.344690500000000100e+01,1.041942599999999963e+01,7.131750437284566715e+02,-7.392986411333242813e+02,-2.541302442550659180e+00,-2.541302442550659180e+00,2.649242401123046875e+01,1.602511405944824219e+01
1.970000000000000000e+02,6.344690500000000100e+01,1.041942599999999963e+01,7.140356165430821420e+02,-7.388181081855628918e+02,-2.441519021987915039e+00,-2.441519021987915039e+00,2.655015563964843750e+01,1.604666900634765625e+01
1.980000000000000000e+02,6.344690500000000100e+01,1.041942599999999963e+01,7.156709925208759842e+02,-7.379034986298293006e+02,-2.525617837905883789e+00,-2.525617837905883789e+00,2.619934844970703125e+01,1.600847625732421875e+01
1.990000000000000000e+02,6.344690500000000100e+01,1.041942599999999963e+01,7.173047129183436255e+02,-7.369835311113617990e+02,-2.466903686523437500e+00,-2.466903686523437500e+00,2.617892646789550781e+01,1.597892951965332031e+01
2.000000000000000000e+02,6.344690500000000100e+01,1.041942599999999963e+01,7.190195108914153934e+02,-7.360231912976631747e+02,-2.464878797531127930e+00,-2.464878797531127930e+00,2.643411636352539062e+01,1.602195739746093750e+01
2.010000000000000000e+02,6.344690500000000100e+01,1.041942599999999963e+01,7.206567408110024644e+02,-7.351042043177591268e+02,-2.452181577682495117e+00,-2.452181577682495117e+00,2.641069221496582031e+01,1.595381736755371094e+01
2.020000000000000000e+02,6.344690500000000100e+01,1.041942599999999963e+01,7.222970148595985620e+02,-7.341886808903030897e+02,-2.449714660644531250e+00,-2.449714660644531250e+00,2.633053016662597656e+01,1.601081085205078125e+01
2.030000000000000000e+02,6.344690500000000100e+01,1.041942599999999963e+01,7.240118128326703300e+02,-7.332253657436410776e+02,-2.456023693084716797e+00,-2.456023693084716797e+00,2.643057632446289062e+01,1.600390243530273438e+01
2.040000000000000000e+02,6.344690500000000100e+01,1.041942599999999963e+01,7.256482798119889139e+02,-7.323052274098471344e+02,-2.449141025543212891e+00,-2.449141025543212891e+00,2.648895645141601562e+01,1.595583629608154297e+01
2.050000000000000000e+02,6.344690500000000100e+01,1.041942599999999963e+01,7.264266687896039230e+02,-7.318675118528806252e+02,-2.398724555969238281e+00,-2.398724555969238281e+00,2.623219108581542969e+01,1.603335952758789062e+01
2.060000000000000000e+02,6.344690500000000100e+01,1.041942599999999963e+01,7.280667978785289733e+02,-7.309521873284807043e+02,-2.475562095642089844e+00,-2.475562095642089844e+00,2.657467842102050781e+01,1.602469062805175781e+01
2.070000000000000000e+02,6.344690500000000100e+01,1.041942599999999963e+01,7.297836710482248463e+02,-7.299897767761948444e+02,-2.535118341445922852e+00,-2.535118341445922852e+00,2.631035232543945312e+01,1.605315971374511719e+01
2.080000000000000000e+02,6.344690500000000100e+01,1.041942599999999963e+01,7.314953028231477674e+02,-7.290276323428563501e+02,-2.474688053131103516e+00,-2.474688053131103516e+00,2.601863670349121094e+01,1.603642845153808594e+01
2.090000000000000000e+02,6.344690500000000100e+01,1.041942599999999963e+01,7.331324030429458389e+02,-7.281097752135183327e+02,-2.372640371322631836e+00,-2.372640371322631836e+00,2.648636245727539062e+01,1.600866508483886719e+01
2.100000000000000000e+02,6.344690500000000100e+01,1.041942599999999963e+01,7.347702738308289554e+02,-7.271937447922806541e+02,-2.449093103408813477e+00,-2.449093103408813477e+00,2.625519752502441406e+01,1.603713035583496094e+01
2.110000000000000000e+02,6.344690500000000100e+01,1.041942599999999963e+01,7.364844004186737720e+02,-7.262309677472215981e+02,-2.571419477462768555e+00,-2.571419477462768555e+00,2.639855575561523438e+01,1.604180717468261719e+01
2.120000000000000000e+02,6.344690500000000100e+01,1.041942599999999963e+01,7.373405634433059959e+02,-7.257491133477755056e+02,-2.485338211059570312e+00,-2.485338211059570312e+00,2.656358146667480469e+01,1.604398727416992188e+01
2.130000000000000000e+02,6.344690500000000100e+01,1.041942599999999963e+01,7.389777246983823034e+02,-7.248334048376857481e+02,-2.360466957092285156e+00,-2.360466957092285156e+00,2.654117012023925781e+01,1.597542858123779297e+01
2.140000000000000000e+02,6.344690500000000100e+01,1.041942599999999963e+01,7.406922174964796568e+02,-7.238723689683445173e+02,-2.451067447662353516e+00,-2.451067447662353516e+00,2.645447540283203125e+01,1.607254219055175781e+01
2.150000000000000000e+02,6.344690500000000100e+01,1.041942599999999963e+01,7.423277918371570649e+02,-7.229523126014317995e+02,-2.477920770645141602e+00,-2.477920770645141602e+00,2.630339622497558594e+01,1.599072456359863281e+01
2.160000000000000000e+02,6.344690500000000100e+01,1.041942599999999963e+01,7.440423227814179654e+02,-7.219901834508818865e+02,-2.499097824096679688e+00,-2.499097824096679688e+00,2.607290458679199219e+01,1.602212905883789062e+01
2.170000000000000000e+02,6.344690500000000100e+01,1.041942599999999963e+01,7.456790644201963687e+02,-7.210727426276656615e+02,-2.364267349243164062e+00,-2.364267349243164062e+00,2.635263061523437500e+01,1.603934669494628906e+01
2.180000000000000000e+02,6.344690500000000100e+01,1.041942599999999963e+01,7.473154093289587081e+02,-7.201581282216473028e+02,-2.518548488616943359e+00,-2.518548488616943359e+00,2.645058822631835938e+01,1.606577110290527344e+01
2.190000000000000000e+02,6.344690500000000100e+01,1.041942599999999963e+01,7.489524790318257601e+02,-7.192404298650968713e+02,-2.356491088867187500e+00,-2.356491088867187500e+00,2.636101341247558594e+01,1.606037902832031250e+01
2.200000000000000000e+02,6.344690500000000100e+01,1.041942599999999963e+01,7.498107859161765418e+02,-7.187594568861285325e+02,-2.510126829147338867e+00,-2.510126829147338867e+00,2.619594764709472656e+01,1.604961395263671875e+01
2.210000000000000000e+02,6.344690500000000100e+01,1.041942599999999963e+01,7.515218073397345506e+02,-7.177973232765455123e+02,-2.503122806549072266e+00,-2.503122806549072266e+00,2.651644515991210938e+01,1.601187705993652344e+01
2.220000000000000000e+02,6.344690500000000100e+01,1.041942599999999963e+01,7.531580301793568424e+02,-7.168799430198432674e+02,-2.466924667358398438e+00,-2.466924667358398438e+00,2.632892417907714844e+01,1.603802490234375000e+01
2.230000000000000000e+02,6.344690500000000100e+01,1.041942599999999963e+01,7.548721262488544426e+02,-7.159210620467102899e+02,-2.482610464096069336e+00,-2.482610464096069336e+00,2.632473754882812500e+01,1.603174400329589844e+01
2.240000000000000000e+02,6.344690500000000100e+01,1.041942599999999963e+01,7.565229441194417177e+02,-7.150307246077061336e+02,-2.370827049016952515e-01,-2.370827049016952515e-01,2.710114288330078125e+01,1.508744621276855469e+01
2.250000000000000000e+02,6.344690500000000100e+01,1.041942599999999963e+01,8.997911097071769291e+02,-6.242386861806343177e+02,-7.988542318344116211e-02,-7.988542318344116211e-02,2.677564430236816406e+01,1.506440162658691406e+01
2.260000000000000000e+02,6.344690500000000100e+01,1.041942599999999963e+01,9.016469446691271514e+02,-6.241234721949432469e+02,-2.371715456247329712e-01,-2.371715456247329712e-01,2.708407783508300781e+01,1.522435951232910156e+01
2.270000000000000000e+02,6.344690500000000100e+01,1.041942599999999963e+01,9.031812159090957266e+02,-6.247063465068358710e+02,-5.378304719924926758e-01,-5.378304719924926758e-01,2.695575332641601562e+01,1.531390666961669922e+01
2.280000000000000000e+02,6.344690500000000100e+01,1.041942599999999963e+01,9.038419825102001823e+02,-6.251079502330635478e+02,-8.161980509757995605e-01,-8.161980509757995605e-01,2.697463607788085938e+01,1.540535926818847656e+01
2.290000000000000000e+02,6.344690500000000100e+01,1.041942599999999963e+01,9.053246180082560386e+02,-6.258739089221184031e+02,-1.116729021072387695e+00,-1.116729021072387695e+00,2.655484962463378906e+01,1.555167484283447266e+01
2.300000000000000000e+02,6.344690500000000100e+01,1.041942599999999963e+01,9.070455652746236410e+02,-6.263158671519196332e+02,-1.522423386573791504e+00,-1.522423386573791504e+00,2.662059974670410156e+01,1.564645290374755859e+01
2.310000000000000000e+02,6.344690500000000100e+01,1.041942599999999963e+01,9.088827845121500104e+02,-6.264664472942716884e+02,-1.782960295677185059e+00,-1.782960295677185059e+00,2.647774696350097656e+01,1.585952186584472656e+01
2.320000000000000000e+02,6.344690500000000100e+01,1.041942599999999963e+01,9.107636744054963174e+02,-6.264040131292169917e+02,-1.907787084579467773e+00,-1.907787084579467773e+00,2.638041114807128906e+01,1.581975078582763672e+01
2.330000000000000000e+02,6.344690500000000100e+01,1.041942599999999963e+01,9.125514551668737795e+02,-6.261188172557222060e+02,-2.079950571060180664e+00,-2.079950571060180664e+00,2.679106521606445312e+01,1.584489250183105469e+01
2.340000000000000000e+02,6.344690500000000100e+01,1.041942599999999963e+01,9.143893763093906273e+02,-6.255928728611243059e+02,-2.146687030792236328e+00,-2.146687030792236328e+00,2.614510345458984375e+01,1.590334224700927734e+01
2.350000000000000000e+02,6.344690500000000100e+01,1.041942599999999963e+01,9.160115076573223405e+02,-6.249711001343262069e+02,-2.250122547149658203e+00,-2.250122547149658203e+00,2.656953811645507812e+01,1.597111415863037109e+01
2.360000000000000000e+02,6.344690500000000100e+01,1.041942599999999963e+01,9.168071314356624271e+02,-6.246283294517093054e+02,-2.222858667373657227e+00,-2.222858667373657227e+00,2.642818832397460938e+01,1.585400962829589844e+01
2.370000000000000000e+02,6.344690500000000100e+01,1.041942599999999963e+01,9.185328699621576334e+02,-6.238304138581247571e+02,-2.239340305328369141e+00,-2.239340305328369141e+00,2.665041732788085938e+01,1.592260551452636719e+01
2.380000000000000000e+02,6.344690500000000100e+01,1.041942599999999963e+01,9.201527430090472990e+02,-6.230322733052710191e+02,-2.265690803527832031e+00,-2.265690803527832031e+00,2.646063804626464844e+01,1.598228836059570312e+01
2.390000000000000000e+02,6.344690500000000100e+01,1.041942599999999963e+01,9.217491480375234687e+02,-6.222035455635834751e+02,-2.296587944030761719e+00,-2.296587944030761719e+00,2.687055397033691406e+01,1.592243289947509766e+01
2.400000000000000000e+02,6.344690500000000100e+01,1.041942599999999963e+01,9.233305079003898754e+02,-6.213604244812498791e+02,-2.327199459075927734e+00,-2.327199459075927734e+00,2.649440574645996094e+01,1.599783515930175781e+01
2.410000000000000000e+02,6.344690500000000100e+01,1.041942599999999963e+01,9.249760157131096321e+02,-6.204691593793812672e+02,-2.234222888946533203e+00,-2.234222888946533203e+00,2.663158607482910156e+01,1.594583511352539062e+01
2.420000000000000000e+02,6.344690500000000100e+01,1.041942599999999963e+01,9.266097742581572447e+02,-6.195744444191060438e+02,-2.307670593261718750e+00,-2.307670593261718750e+00,2.630793571472167969e+01,1.593249416351318359e+01
2.430000000000000000e+02,6.344690500000000100e+01,1.041942599999999963e+01,9.281489283118787625e+02,-6.187143500215001950e+02,-2.325821161270141602e+00,-2.325821161270141602e+00,2.651917457580566406e+01,1.596424579620361328e+01
2.440000000000000000e+02,6.344690500000000100e+01,1.041942599999999963e+01,9.288316370508595128e+02,-6.181675733858882040e+02,-2.434383869171142578e+00,-2.434383869171142578e+00,2.644266700744628906e+01,1.589579582214355469e+01
2.450000000000000000e+02,6.344690500000000100e+01,1.041942599999999963e+01,9.296891199610799958e+02,-6.168498724233587609e+02,-2.395360708236694336e+00,-2.395360708236694336e+00,2.642801666259765625e+01,1.596379089355468750e+01
2.460000000000000000e+02,6.344690500000000100e+01,1.041942599999999963e+01,9.299317957425724899e+02,-6.153049612311505143e+02,-2.417819976806640625e+00,-2.417819976806640625e+00,2.666312980651855469e+01,1.601580238342285156e+01
2.470000000000000000e+02,6.344690500000000100e+01,1.041942599999999963e+01,9.295578333398258337e+02,-6.138985174572775350e+02,-2.456464290618896484e+00,-2.456464290618896484e+00,2.639336776733398438e+01,1.601432609558105469e+01
2.480000000000000000e+02,6.344690500000000100e+01,1.041942599999999963e+01,9.286759058495744057e+02,-6.127626856328320173e+02,-2.289712667465209961e+00,-2.289712667465209961e+00,2.645403099060058594e+01,1.597795486450195312e+01
2.490000000000000000e+02,6.344690500000000100e+01,1.041942599999999963e+01,9.274430872463900641e+02,-6.120460458747554640e+02,-2.434347391128540039e+00,-2.434347391128540039e+00,2.647812271118164062e+01,1.600215911865234375e+01
2.500000000000000000e+02,6.344690500000000100e+01,1.041942599999999963e+01,9.259669214750698529e+02,-6.113449108920825665e+02,-2.290790796279907227e+00,-2.290790796279907227e+00,2.589768600463867188e+01,1.594094753265380859e+01
2.510000000000000000e+02,6.344690500000000100e+01,1.041942599999999963e+01,9.246942163976449365e+02,-6.103926712545586497e+02,-2.330595970153808594e+00,-2.330595970153808594e+00,2.626171302795410156e+01,1.593554687500000000e+01
2.520000000000000000e+02,6.344690500000000100e+01,1.041942599999999963e+01,9.235334803134760477e+02,-6.090242905646875897e+02,-2.343293428421020508e+00,-2.343293428421020508e+00,2.626641845703125000e+01,1.602212333679199219e+01
2.530000000000000000e+02,6.344690500000000100e+01,1.041942599999999963e+01,9.225118433505833764e+02,-6.075806256882012804e+02,-2.385899305343627930e+00,-2.385899305343627930e+00,2.657385826110839844e+01,1.600895881652832031e+01
2.540000000000000000e+02,6.344690500000000100e+01,1.041942599999999963e+01,9.220301233802740626e+02,-6.068917301107641151e+02,-2.362720251083374023e+00,-2.362720251083374023e+00,2.642817497253417969e+01,1.592616558074951172e+01
2.550000000000000000e+02,6.344690500000000100e+01,1.041942599999999963e+01,9.210269800684164920e+02,-6.054445703766416500e+02,-2.322381258010864258e+00,-2.322381258010864258e+00,2.659432029724121094e+01,1.600267601013183594e+01
2.560000000000000000e+02,6.344690500000000100e+01,1.041942599999999963e+01,9.200152918360319063e+02,-6.039086412555889183e+02,-2.260794401168823242e+00,-2.260794401168823242e+00,2.659650039672851562e+01,1.599263572692871094e+01
2.570000000000000000e+02,6.344690500000000100e+01,1.041942599999999963e+01,9.190572535069057949e+02,-6.023461370884440385e+02,-2.329036951065063477e+00,-2.329036951065063477e+00,2.647456169128417969e+01,1.597831058502197266e+01
2.580000000000000000e+02,6.344690500000000100e+01,1.041942599999999963e+01,9.181712061431699112e+02,-6.008436143789531343e+02,-2.404549360275268555e+00,-2.404549360275268555e+00,2.624992561340332031e+01,1.597746276855468750e+01
2.590000000000000000e+02,6.344690500000000100e+01,1.041942599999999963e+01,9.172511316805640718e+02,-5.992710363145292831e+02,-2.429379224777221680e+00,-2.429379224777221680e+00,2.659330177307128906e+01,1.598785114288330078e+01
2.600000000000000000e+02,6.344690500000000100e+01,1.041942599999999963e+01,9.163778101475343192e+02,-5.977738414765403832e+02,-2.396524906158447266e+00,-2.396524906158447266e+00,2.668605613708496094e+01,1.601349258422851562e+01
2.610000000000000000e+02,6.344690500000000100e+01,1.041942599999999963e+01,9.159231592685505348e+02,-5.969913992457832137e+02,-2.349019765853881836e+00,-2.349019765853881836e+00,2.643983268737792969e+01,1.603214645385742188e+01
2.620000000000000000e+02,6.344690500000000100e+01,1.041942599999999963e+01,9.150609766504115896e+02,-5.954973187365080776e+02,-2.347833156585693359e+00,-2.347833156585693359e+00,2.659713363647460938e+01,1.595268154144287109e+01
2.630000000000000000e+02,6.344690500000000100e+01,1.041942599999999963e+01,9.142094446691871781e+02,-5.940016816075734596e+02,-2.397773504257202148e+00,-2.397773504257202148e+00,2.636529350280761719e+01,1.604081344604492188e+01
2.640000000000000000e+02,6.344690500000000100e+01,1.041942599999999963e+01,9.133600794339631648e+02,-5.925114330545110306e+02,-2.366830825805664062e+00,-2.366830825805664062e+00,2.656081008911132812e+01,1.597780609130859375e+01
2.650000000000000000e+02,6.344690500000000100e+01,1.041942599999999963e+01,9.124699121981592498e+02,-5.909552659939595287e+02,-2.321195840835571289e+00,-2.321195840835571289e+00,2.664512062072753906e+01,1.597631740570068359e+01
2.660000000000000000e+02,6.344690500000000100e+01,1.041942599999999963e+01,9.115856348546566323e+02,-5.894032968382507534e+02,-2.366897821426391602e+00,-2.366897821426391602e+00,2.654986381530761719e+01,1.597990798950195312e+01
2.670000000000000000e+02,6.344690500000000100e+01,1.041942599999999963e+01,9.107028223535805864e+02,-5.878546253010487135e+02,-2.303453922271728516e+00,-2.303453922271728516e+00,2.662399101257324219e+01,1.602399635314941406e+01
2.680000000000000000e+02,6.344690500000000100e+01,1.041942599999999963e+01,9.098610559970296663e+02,-5.863802532628435529e+02,-2.437605142593383789e+00,-2.437605142593383789e+00,2.633172035217285156e+01,1.602600288391113281e+01
2.690000000000000000e+02,6.344690500000000100e+01,1.041942599999999963e+01,9.090664392972382757e+02,-5.849772039423129399e+02,-2.382530689239501953e+00,-2.382530689239501953e+00,2.648297882080078125e+01,1.603081512451171875e+01
2.700000000000000000e+02,6.344690500000000100e+01,1.041942599999999963e+01,9.086704737213372027e+02,-5.842760686766474691e+02,-2.428405046463012695e+00,-2.428405046463012695e+00,2.657371711730957031e+01,1.597382068634033203e+01
2.710000000000000000e+02,6.344690500000000100e+01,1.041942599999999963e+01,9.078360010656523400e+02,-5.828081391414267500e+02,-2.322194576263427734e+00,-2.322194576263427734e+00,2.646455383300781250e+01,1.605150413513183594e+01
2.720000000000000000e+02,6.344690500000000100e+01,1.041942599999999963e+01,9.069631983303622746e+02,-5.812756801104579836e+02,-2.343670845031738281e+00,-2.343670845031738281e+00,2.657901954650878906e+01,1.602992439270019531e+01
2.730000000000000000e+02,6.344690500000000100e+01,1.041942599999999963e+01,9.061698023347173603e+02,-5.798856069256926276e+02,-2.397937297821044922e+00,-2.397937297821044922e+00,2.643813323974609375e+01,1.603715133666992188e+01
2.740000000000000000e+02,6.344690500000000100e+01,1.041942599999999963e+01,9.053432032129164782e+02,-5.784263181496577317e+02,-2.357892990112304688e+00,-2.357892990112304688e+00,2.664098739624023438e+01,1.604362106323242188e+01
2.750000000000000000e+02,6.344690500000000100e+01,1.041942599999999963e+01,9.045160547764447756e+02,-5.769693348950269183e+02,-2.389443635940551758e+00,-2.389443635940551758e+00,2.640675354003906250e+01,1.609605407714843750e+01
2.760000000000000000e+02,6.344690500000000100e+01,1.041942599999999963e+01,9.036491114165253293e+02,-5.754515770851633079e+02,-2.347790956497192383e+00,-2.347790956497192383e+00,2.632564163208007812e+01,1.602279472351074219e+01
2.770000000000000000e+02,6.344690500000000100e+01,1.041942599999999963e+01,9.028256556065913401e+02,-5.740014635520274169e+02,-2.363820791244506836e+00,-2.363820791244506836e+00,2.619148063659667969e+01,1.605928039550781250e+01
2.780000000000000000e+02,6.344690500000000100e+01,1.041942599999999963e+01,9.020050684476482274e+02,-5.725533958479555849e+02,-2.340871334075927734e+00,-2.340871334075927734e+00,2.653330802917480469e+01,1.600733184814453125e+01
2.790000000000000000e+02,6.344690500000000100e+01,1.041942599999999963e+01,9.011847864650957263e+02,-5.711109609563939102e+02,-2.331666707992553711e+00,-2.331666707992553711e+00,2.629590988159179688e+01,1.605901145935058594e+01
2.800000000000000000e+02,6.344690500000000100e+01,1.041942599999999963e+01,9.007543360264467083e+02,-5.703556778108051049e+02,-2.374730825424194336e+00,-2.374730825424194336e+00,2.658524894714355469e+01,1.605861663818359375e+01
2.810000000000000000e+02,6.344690500000000100e+01,1.041942599999999963e+01,8.999325892000515523e+02,-5.689160067641300884e+02,-2.336522340774536133e+00,-2.336522340774536133e+00,2.666994285583496094e+01,1.603292846679687500e+01
2.820000000000000000e+02,6.344690500000000100e+01,1.041942599999999963e+01,8.991579004796232084e+02,-5.675453379342678772e+02,-2.393601179122924805e+00,-2.393601179122924805e+00,2.677285385131835938e+01,1.601407241821289062e+01
2.830000000000000000e+02,6.344690500000000100e+01,1.041942599999999963e+01,8.983052088281142460e+02,-5.660390621768143546e+02,-2.261715173721313477e+00,-2.261715173721313477e+00,2.685334396362304688e+01,1.603038597106933594e+01
2.840000000000000000e+02,6.344690500000000100e+01,1.041942599999999963e+01,8.974891077543244364e+02,-5.646064597968703538e+02,-2.293761491775512695e+00,-2.293761491775512695e+00,2.655366516113281250e+01,1.607653045654296875e+01
2.850000000000000000e+02,6.344690500000000100e+01,1.041942599999999963e+01,8.966361109278411732e+02,-5.631068861279068187e+02,-2.296711921691894531e+00,-2.296711921691894531e+00,2.670105552673339844e+01,1.605655670166015625e+01
2.860000000000000000e+02,6.344690500000000100e+01,1.041942599999999963e+01,8.957861658595993504e+02,-5.616095262094653435e+02,-2.384950399398803711e+00,-2.384950399398803711e+00,2.630985832214355469e+01,1.606795883178710938e+01
2.870000000000000000e+02,6.344690500000000100e+01,1.041942599999999963e+01,8.949748255275900419e+02,-5.601813978654411130e+02,-2.354938507080078125e+00,-2.354938507080078125e+00,2.613366127014160156e+01,1.600989913940429688e+01
2.880000000000000000e+02,6.344690500000000100e+01,1.041942599999999963e+01,8.945496851468083150e+02,-5.594340846429759040e+02,-2.319049119949340820e+00,-2.319049119949340820e+00,2.638466835021972656e+01,1.606949234008789062e+01
2.890000000000000000e+02,6.344690500000000100e+01,1.041942599999999963e+01,8.937040430578855421e+02,-5.579442053033252478e+02,-2.317320823669433594e+00,-2.317320823669433594e+00,2.641234970092773438e+01,1.602366256713867188e+01
2.900000000000000000e+02,6.344690500000000100e+01,1.041942599999999963e+01,8.928540674712966165e+02,-5.564571659736982383e+02,-2.467978477478027344e+00,-2.467978477478027344e+00,2.658869743347167969e+01,1.604658126831054688e+01
2.910000000000000000e+02,6.344690500000000100e+01,1.041942599999999963e+01,8.920091578028786898e+02,-5.549684481603194399e+02,-2.376452445983886719e+00,-2.376452445983886719e+00,2.640841484069824219e+01,1.603145599365234375e+01
2.920000000000000000e+02,6.344690500000000100e+01,1.041942599999999963e+01,8.912052637606388998e+02,-5.535475879114704867e+02,-2.317318201065063477e+00,-2.317318201065063477e+00,2.627766036987304688e+01,1.605753707885742188e+01
2.930000000000000000e+02,6.344690500000000100e+01,1.041942599999999963e+01,8.903990198637317235e+02,-5.521309716683546185e+02,-2.278721809387207031e+00,-2.278721809387207031e+00,2.669087219238281250e+01,1.608560371398925781e+01
2.940000000000000000e+02,6.344690500000000100e+01,1.041942599999999963e+01,8.896316248441693233e+02,-5.507811598461089488e+02,-2.299574613571166992e+00,-2.299574613571166992e+00,2.665975761413574219e+01,1.608194732666015625e+01
2.950000000000000000e+02,6.344690500000000100e+01,1.041942599999999963e+01,8.888284021885726816e+02,-5.493661168879580146e+02,-2.287461757659912109e+00,-2.287461757659912109e+00,2.602266883850097656e+01,1.608105087280273438e+01
2.960000000000000000e+02,6.344690500000000100e+01,1.041942599999999963e+01,8.884080530665024753e+02,-5.486253540641616837e+02,-2.278642416000366211e+00,-2.278642416000366211e+00,2.634248542785644531e+01,1.603108406066894531e+01
2.970000000000000000e+02,6.344690500000000100e+01,1.041942599999999963e+01,8.875684534573682640e+02,-5.471469273234513366e+02,-2.344991207122802734e+00,-2.344991207122802734e+00,2.621546554565429688e+01,1.609844017028808594e+01
2.980000000000000000e+02,6.344690500000000100e+01,1.041942599999999963e+01,8.867641932034597403e+02,-5.457361904464459030e+02,-2.361276388168334961e+00,-2.361276388168334961e+00,2.622567558288574219e+01,1.601816940307617188e+01
2.990000000000000000e+02,6.344690500000000100e+01,1.041942599999999963e+01,8.859637171297140412e+02,-5.443242329720995940e+02,-2.392857551574707031e+00,-2.392857551574707031e+00,2.681164169311523438e+01,1.608368873596191406e+01
3.000000000000000000e+02,6.344690500000000100e+01,1.041942599999999963e+01,8.851632563144337382e+02,-5.429175419506769913e+02,-2.269415616989135742e+00,-2.269415616989135742e+00,2.638833808898925781e+01,1.607813072204589844e+01
3.010000000000000000e+02,6.344690500000000100e+01,1.041942599999999963e+01,8.843627344638753129e+02,-5.415098748069110570e+02,-2.297957420349121094e+00,-2.297957420349121094e+00,2.637246513366699219e+01,1.604847335815429688e+01
3.020000000000000000e+02,6.344690500000000100e+01,1.041942599999999963e+01,8.835643183254555879e+02,-5.401070313335183073e+02,-2.282588243484497070e+00,-2.282588243484497070e+00,2.617746162414550781e+01,1.607368850708007812e+01
3.030000000000000000e+02,6.344690500000000100e+01,1.041942599999999963e+01,8.827278620267721863e+02,-5.386371103574711015e+02,-2.373366832733154297e+00,-2.373366832733154297e+00,2.673957443237304688e+01,1.603168106079101562e+01
3.040000000000000000e+02,6.344690500000000100e+01,1.041942599999999963e+01,8.819718348047476866e+02,-5.373005219767056815e+02,-2.409701347351074219e+00,-2.409701347351074219e+00,2.656389236450195312e+01,1.612470245361328125e+01
3.050000000000000000e+02,6.344690500000000100e+01,1.041942599999999963e+01,8.815559259924343678e+02,-5.365642646028303488e+02,-2.434900999069213867e+00,-2.434900999069213867e+00,2.606896591186523438e+01,1.611148071289062500e+01
3.060000000000000000e+02,6.344690500000000100e+01,1.041942599999999963e+01,8.807599054840784447e+02,-5.351637281424881394e+02,-2.401081800460815430e+00,-2.401081800460815430e+00,2.699239158630371094e+01,1.606226348876953125e+01
3.070000000000000000e+02,6.344690500000000100e+01,1.041942599999999963e+01,8.800008722806251171e+02,-5.338312931701700563e+02,-2.340188741683959961e+00,-2.340188741683959961e+00,2.641320800781250000e+01,1.613728523254394531e+01
3.080000000000000000e+02,6.344690500000000100e+01,1.041942599999999963e+01,8.792034174467738694e+02,-5.324340855165588664e+02,-2.355473995208740234e+00,-2.355473995208740234e+00,2.677073097229003906e+01,1.608983802795410156e+01
3.090000000000000000e+02,6.344690500000000100e+01,1.041942599999999963e+01,8.784079309974555372e+02,-5.310352758007354623e+02,-2.378678560256958008e+00,-2.378678560256958008e+00,2.640982627868652344e+01,1.604981994628906250e+01
3.100000000000000000e+02,6.344690500000000100e+01,1.041942599999999963e+01,8.776831232571722694e+02,-5.296850130492971402e+02,-2.327577352523803711e+00,-2.327577352523803711e+00,2.721320533752441406e+01,1.506282520294189453e+01
3.110000000000000000e+02,6.344690500000000100e+01,1.041942599999999963e+01,3.977032764202141948e+02,2.595419216347675615e+02,1.192559301853179932e-02,1.192559301853179932e-02,2.690950393676757812e+01,1.507286071777343750e+01
3.120000000000000000e+02,6.344690500000000100e+01,1.041942599999999963e+01,3.991990266104162401e+02,2.595603175379528693e+02,-1.692017018795013428e-01,-1.692017018795013428e-01,2.698258399963378906e+01,1.517313098907470703e+01
3.130000000000000000e+02,6.344690500000000100e+01,1.041942599999999963e+01,4.007085018412972204e+02,2.591992734008255184e+02,-5.966531038284301758e-01,-5.966531038284301758e-01,2.715955734252929688e+01,1.529255390167236328e+01
3.140000000000000000e+02,6.344690500000000100e+01,1.041942599999999963e+01,4.021695332783139065e+02,2.586719674240370068e+02,-8.873001337051391602e-01,-8.873001337051391602e-01,2.667059135437011719e+01,1.542002391815185547e+01
3.150000000000000000e+02,6.344690500000000100e+01,1.041942599999999963e+01,4.035781913057793417e+02,2.582277905604291846e+02,-1.256648302078247070e+00,-1.256648302078247070e+00,2.673169326782226562e+01,1.553361701965332031e+01
3.160000000000000000e+02,6.344690500000000100e+01,1.041942599999999963e+01,4.043684792763521614e+02,2.580177741898630188e+02,-1.469737410545349121e+00,-1.469737410545349121e+00,2.684714317321777344e+01,1.569607543945312500e+01
3.170000000000000000e+02,6.344690500000000100e+01,1.041942599999999963e+01,4.059034815078493921e+02,2.576289556794901614e+02,-1.765874385833740234e+00,-1.765874385833740234e+00,2.679559898376464844e+01,1.577825069427490234e+01
3.180000000000000000e+02,6.344690500000000100e+01,1.041942599999999963e+01,4.075164737954774523e+02,2.571948135346690947e+02,-1.904599547386169434e+00,-1.904599547386169434e+00,2.657475090026855469e+01,1.580693244934082031e+01
3.190000000000000000e+02,6.344690500000000100e+01,1.041942599999999963e+01,4.091222620267862453e+02,2.567300234402987940e+02,-2.099222183227539062e+00,-2.099222183227539062e+00,2.635063552856445312e+01,1.586910057067871094e+01
3.200000000000000000e+02,6.344690500000000100e+01,1.041942599999999963e+01,4.107305851234265788e+02,2.562714914539767506e+02,-2.044857025146484375e+00,-2.044857025146484375e+00,2.641556930541992188e+01,1.584889793395996094e+01
3.210000000000000000e+02,6.344690500000000100e+01,1.041942599999999963e+01,4.121942091244143285e+02,2.558623644572739977e+02,-2.077126026153564453e+00,-2.077126026153564453e+00,2.637900733947753906e+01,1.592882347106933594e+01
3.220000000000000000e+02,6.344690500000000100e+01,1.041942599999999963e+01,4.137325516002695167e+02,2.554332053233401041e+02,-2.199031829833984375e+00,-2.199031829833984375e+00,2.671253204345703125e+01,1.588902854919433594e+01
3.230000000000000000e+02,6.344690500000000100e+01,1.041942599999999963e+01,4.153444767243614137e+02,2.549797593374346718e+02,-2.341245412826538086e+00,-2.341245412826538086e+00,2.618425559997558594e+01,1.592421627044677734e+01
3.240000000000000000e+02,6.344690500000000100e+01,1.041942599999999963e+01,4.161494827524107905e+02,2.547535185576934964e+02,-2.310978412628173828e+00,-2.310978412628173828e+00,2.642381477355957031e+01,1.598786640167236328e+01
3.250000000000000000e+02,6.344690500000000100e+01,1.041942599999999963e+01,4.176154766335627073e+02,2.543439955299131157e+02,-2.277917146682739258e+00,-2.277917146682739258e+00,2.656788063049316406e+01,1.592824649810791016e+01
3.260000000000000000e+02,6.344690500000000100e+01,1.041942599999999963e+01,4.191511154421781953e+02,2.539120319586659775e+02,-2.302994489669799805e+00,-2.302994489669799805e+00,2.655568504333496094e+01,1.590509891510009766e+01
3.270000000000000000e+02,6.344690500000000100e+01,1.041942599999999963e+01,4.206855430849585105e+02,2.534795443370801422e+02,-2.343574285507202148e+00,-2.343574285507202148e+00,2.667987442016601562e+01,1.589253616333007812e+01
3.280000000000000000e+02,6.344690500000000100e+01,1.041942599999999963e+01,4.222218075048206742e+02,2.530497593664717044e+02,-2.253879547119140625e+00,-2.253879547119140625e+00,2.639202880859375000e+01,1.594308757781982422e+01
3.290000000000000000e+02,6.344690500000000100e+01,1.041942599999999963e+01,4.238311500805223204e+02,2.525995858488953161e+02,-2.271801948547363281e+00,-2.271801948547363281e+00,2.625944137573242188e+01,1.599568367004394531e+01
3.300000000000000000e+02,6.344690500000000100e+01,1.041942599999999963e+01,4.253580360659995563e+02,2.521544452760797412e+02,-2.351067781448364258e+00,-2.351067781448364258e+00,2.623736381530761719e+01,1.596515560150146484e+01
3.310000000000000000e+02,6.344690500000000100e+01,1.041942599999999963e+01,4.312765922800870158e+02,2.625481008178597335e+02,-1.517052054405212402e-01,-1.517052054405212402e-01,2.712794494628906250e+01,1.500048542022705078e+01
3.320000000000000000e+02,6.344690500000000100e+01,1.041942599999999963e+01,4.312894249214675142e+02,2.626160872198444167e+02,-1.726090610027313232e-01,-1.726090610027313232e-01,2.684312438964843750e+01,1.508013248443603516e+01
3.330000000000000000e+02,6.344690500000000100e+01,1.041942599999999963e+01,4.313909797925215344e+02,2.632508022378832493e+02,-1.836496591567993164e-01,-1.836496591567993164e-01,2.696832275390625000e+01,1.504274272918701172e+01
3.340000000000000000e+02,6.344690500000000100e+01,1.041942599999999963e+01,4.316606521855043752e+02,2.642757051857033730e+02,-1.635815650224685669e-01,-1.635815650224685669e-01,2.726545143127441406e+01,1.501641941070556641e+01
3.350000000000000000e+02,6.344690500000000100e+01,1.041942599999999963e+01,4.323282242066660501e+02,2.653144923680727061e+02,-3.167566955089569092e-01,-3.167566955089569092e-01,2.674799728393554688e+01,1.522234344482421875e+01
3.360000000000000000e+02,6.344690500000000100e+01,1.041942599999999963e+01,4.334427528634374767e+02,2.661093079026247779e+02,-4.567770063877105713e-01,-4.567770063877105713e-01,2.691564750671386719e+01,1.526109886169433594e+01
3.370000000000000000e+02,6.344690500000000100e+01,1.041942599999999963e+01,4.341129532112182687e+02,2.663296662202719176e+02,-6.558971405029296875e-01,-6.558971405029296875e-01,2.699506568908691406e+01,1.532526111602783203e+01
3.380000000000000000e+02,6.344690500000000100e+01,1.041942599999999963e+01,4.355760231262553930e+02,2.664034266257672812e+02,-1.032871246337890625e+00,-1.032871246337890625e+00,2.675954246520996094e+01,1.546973609924316406e+01
3.390000000000000000e+02,6.344690500000000100e+01,1.041942599999999963e+01,4.371525383243647980e+02,2.665071969206920812e+02,-1.370912432670593262e+00,-1.370912432670593262e+00,2.658965301513671875e+01,1.500806236267089844e+01
3.400000000000000000e+02,6.344690500000000100e+01,1.041942599999999963e+01,6.925983848822828577e+02,4.099372810470085255e+02,-1.835018023848533630e-02,-1.835018023848533630e-02,2.704316711425781250e+01,1.504417037963867188e+01
3.410000000000000000e+02,6.344690500000000100e+01,1.041942599999999963e+01,6.942795677435497055e+02,4.100657606145981617e+02,-3.153267502784729004e-01,-3.153267502784729004e-01,2.711815261840820312e+01,1.518267440795898438e+01
3.420000000000000000e+02,6.344690500000000100e+01,1.041942599999999963e+01,6.957532310741313495e+02,4.096155366725802764e+02,-6.566112637519836426e-01,-6.566112637519836426e-01,2.696066093444824219e+01,1.524811744689941406e+01
3.430000000000000000e+02,6.344690500000000100e+01,1.041942599999999963e+01,6.972948570502442180e+02,4.088539070483249702e+02,-9.893954396247863770e-01,-9.893954396247863770e-01,2.685652923583984375e+01,1.548578834533691406e+01
3.440000000000000000e+02,6.344690500000000100e+01,1.041942599999999963e+01,6.988986168162809918e+02,4.084089383766697097e+02,-1.335791349411010742e+00,-1.335791349411010742e+00,2.688181686401367188e+01,1.562965202331542969e+01
3.450000000000000000e+02,6.344690500000000100e+01,1.041942599999999963e+01,7.006051903022655551e+02,4.083389038752699207e+02,-1.780023097991943359e+00,-1.780023097991943359e+00,2.657450103759765625e+01,1.572664928436279297e+01
3.460000000000000000e+02,6.344690500000000100e+01,1.041942599999999963e+01,7.015222130066298405e+02,4.084012162934334356e+02,-1.831435322761535645e+00,-1.831435322761535645e+00,2.669491958618164062e+01,1.584168052673339844e+01
3.470000000000000000e+02,6.344690500000000100e+01,1.041942599999999963e+01,7.033816795598395402e+02,4.086724812325825269e+02,-1.973491787910461426e+00,-1.973491787910461426e+00,2.636186790466308594e+01,1.579162311553955078e+01
3.480000000000000000e+02,6.344690500000000100e+01,1.041942599999999963e+01,7.051503258004697727e+02,4.090967454372403154e+02,-2.161055564880371094e+00,-2.161055564880371094e+00,2.650342559814453125e+01,1.584816837310791016e+01
3.490000000000000000e+02,6.344690500000000100e+01,1.041942599999999963e+01,7.068881187696115376e+02,4.096820551188831701e+02,-2.175400733947753906e+00,-2.175400733947753906e+00,2.670291900634765625e+01,1.586672306060791016e+01
3.500000000000000000e+02,6.344690500000000100e+01,1.041942599999999963e+01,7.086787987003273201e+02,4.104217754429768092e+02,-2.346909523010253906e+00,-2.346909523010253906e+00,2.644104194641113281e+01,1.595226478576660156e+01
3.510000000000000000e+02,6.344690500000000100e+01,1.041942599999999963e+01,7.104518699894164229e+02,4.112314271190847990e+02,-2.332413196563720703e+00,-2.332413196563720703e+00,2.668153572082519531e+01,1.591101741790771484e+01
3.520000000000000000e+02,6.344690500000000100e+01,1.041942599999999963e+01,7.121356163281161571e+02,4.120355962887998089e+02,-2.348377466201782227e+00,-2.348377466201782227e+00,2.636998367309570312e+01,1.592821788787841797e+01
3.530000000000000000e+02,6.344690500000000100e+01,1.041942599999999963e+01,7.130161705267338448e+02,4.124682608739166767e+02,-2.356085777282714844e+00,-2.356085777282714844e+00,2.627633094787597656e+01,1.598654937744140625e+01
3.540000000000000000e+02,6.344690500000000100e+01,1.041942599999999963e+01,7.147686119328859604e+02,4.133496461897599374e+02,-2.431671142578125000e+00,-2.431671142578125000e+00,2.618090820312500000e+01,1.593176269531250000e+01
3.550000000000000000e+02,6.344690500000000100e+01,1.041942599999999963e+01,7.165163536325356972e+02,4.142340389040203377e+02,-2.397788524627685547e+00,-2.397788524627685547e+00,2.659413146972656250e+01,1.599879932403564453e+01
3.560000000000000000e+02,6.344690500000000100e+01,1.041942599999999963e+01,7.178020897156410456e+02,4.152802811865856825e+02,-2.449291706085205078e+00,-2.449291706085205078e+00,2.661257934570312500e+01,1.597723197937011719e+01
3.570000000000000000e+02,6.344690500000000100e+01,1.041942599999999963e+01,7.190090599316462203e+02,4.164595307869706744e+02,-2.440619945526123047e+00,-2.440619945526123047e+00,2.650670814514160156e+01,1.593501567840576172e+01
3.580000000000000000e+02,6.344690500000000100e+01,1.041942599999999963e+01,7.204542503609217192e+02,4.170653144812517326e+02,-2.435439348220825195e+00,-2.435439348220825195e+00,2.652868080139160156e+01,1.597717380523681641e+01
3.590000000000000000e+02,6.344690500000000100e+01,1.041942599999999963e+01,7.219479027047282216e+02,4.170427239366605932e+02,-2.422791242599487305e+00,-2.422791242599487305e+00,2.633701133728027344e+01,1.599639892578125000e+01
3.600000000000000000e+02,6.344690500000000100e+01,1.041942599999999963e+01,7.233357506056237298e+02,4.164071960694083145e+02,-2.419107913970947266e+00,-2.419107913970947266e+00,2.651099967956542969e+01,1.604582977294921875e+01
3.610000000000000000e+02,6.344690500000000100e+01,1.041942599999999963e+01,7.238929100281645788e+02,4.158912982361576383e+02,-2.458702564239501953e+00,-2.458702564239501953e+00,2.597259330749511719e+01,1.597477245330810547e+01
3.620000000000000000e+02,6.344690500000000100e+01,1.041942599999999963e+01,7.246257591497009116e+02,4.145805503776797991e+02,-2.469928264617919922e+00,-2.469928264617919922e+00,2.646185302734375000e+01,1.601015663146972656e+01
3.630000000000000000e+02,6.344690500000000100e+01,1.041942599999999963e+01,7.247568321481896874e+02,4.130903955271456880e+02,-2.405904054641723633e+00,-2.405904054641723633e+00,2.665394210815429688e+01,1.592931842803955078e+01
3.640000000000000000e+02,6.344690500000000100e+01,1.041942599999999963e+01,7.242904625184646648e+02,4.115891163621675446e+02,-2.429699897766113281e+00,-2.429699897766113281e+00,2.654903030395507812e+01,1.594715785980224609e+01
3.650000000000000000e+02,6.344690500000000100e+01,1.041942599999999963e+01,7.237154503117683362e+02,4.100513099248965432e+02,-2.449778318405151367e+00,-2.449778318405151367e+00,2.655720520019531250e+01,1.595324611663818359e+01
3.660000000000000000e+02,6.344690500000000100e+01,1.041942599999999963e+01,7.234932518257257925e+02,4.083117535585994915e+02,-2.464074134826660156e+00,-2.464074134826660156e+00,2.639807891845703125e+01,1.590483474731445312e+01
3.670000000000000000e+02,6.344690500000000100e+01,1.041942599999999963e+01,7.235351524598960395e+02,4.074165480275318600e+02,-2.465414285659790039e+00,-2.465414285659790039e+00,2.641721343994140625e+01,1.598499774932861328e+01
3.680000000000000000e+02,6.344690500000000100e+01,1.041942599999999963e+01,7.238224754588260339e+02,4.056003224968688983e+02,-2.428816080093383789e+00,-2.428816080093383789e+00,2.644407653808593750e+01,1.596712017059326172e+01
3.690000000000000000e+02,6.344690500000000100e+01,1.041942599999999963e+01,7.243064842471084148e+02,4.037759097167001414e+02,-2.473173379898071289e+00,-2.473173379898071289e+00,2.640183639526367188e+01,1.596303653717041016e+01
3.700000000000000000e+02,6.344690500000000100e+01,1.041942599999999963e+01,7.249210472361399979e+02,4.020549192974116863e+02,-2.426211357116699219e+00,-2.426211357116699219e+00,2.644805145263671875e+01,1.594998455047607422e+01
3.710000000000000000e+02,6.344690500000000100e+01,1.041942599999999963e+01,7.256574974305885917e+02,4.003636339694654680e+02,-2.382599115371704102e+00,-2.382599115371704102e+00,2.616029167175292969e+01,1.599482154846191406e+01
3.720000000000000000e+02,6.344690500000000100e+01,1.041942599999999963e+01,7.265189781437370584e+02,3.986200800555176897e+02,-2.426660537719726562e+00,-2.426660537719726562e+00,2.656180381774902344e+01,1.596916484832763672e+01
3.730000000000000000e+02,6.344690500000000100e+01,1.041942599999999963e+01,7.273849144236917255e+02,3.969688773995611655e+02,-2.429411172866821289e+00,-2.429411172866821289e+00,2.633038330078125000e+01,1.596431636810302734e+01
3.740000000000000000e+02,6.344690500000000100e+01,1.041942599999999963e+01,7.278070030462318982e+02,3.961868109052115869e+02,-2.436148166656494141e+00,-2.436148166656494141e+00,2.672216415405273438e+01,1.596938610076904297e+01
3.750000000000000000e+02,6.344690500000000100e+01,1.041942599999999963e+01,7.287513389844505127e+02,3.944696161518144777e+02,-2.585401058197021484e+00,-2.585401058197021484e+00,2.670054244995117188e+01,1.599647617340087891e+01
3.760000000000000000e+02,6.344690500000000100e+01,1.041942599999999963e+01,7.296242943058116452e+02,3.929162274756079114e+02,-2.471261978149414062e+00,-2.471261978149414062e+00,2.610056304931640625e+01,1.592337036132812500e+01
3.770000000000000000e+02,6.344690500000000100e+01,1.041942599999999963e+01,7.305532799020295442e+02,3.912919774684303320e+02,-2.332562685012817383e+00,-2.332562685012817383e+00,2.654095649719238281e+01,1.599960517883300781e+01
3.780000000000000000e+02,6.344690500000000100e+01,1.041942599999999963e+01,7.315324363963177348e+02,3.895953089892702224e+02,-2.478426218032836914e+00,-2.478426218032836914e+00,2.626532363891601562e+01,1.597705078125000000e+01
3.790000000000000000e+02,6.344690500000000100e+01,1.041942599999999963e+01,7.325144310246660098e+02,3.878970980899378560e+02,-2.372110128402709961e+00,-2.372110128402709961e+00,2.643021202087402344e+01,1.596820163726806641e+01
3.800000000000000000e+02,6.344690500000000100e+01,1.041942599999999963e+01,7.334570884948604998e+02,3.862782256516756547e+02,-2.420132160186767578e+00,-2.420132160186767578e+00,2.647249603271484375e+01,1.590797805786132812e+01
3.810000000000000000e+02,6.344690500000000100e+01,1.041942599999999963e+01,7.343958702340991067e+02,3.846543384358133153e+02,-2.417921543121337891e+00,-2.417921543121337891e+00,2.646748161315917969e+01,1.585677433013916016e+01
3.820000000000000000e+02,6.344690500000000100e+01,1.041942599999999963e+01,7.348897362006804315e+02,3.838068571403412079e+02,-2.479068517684936523e+00,-2.479068517684936523e+00,2.645267868041992188e+01,1.589893627166748047e+01
3.830000000000000000e+02,6.344690500000000100e+01,1.041942599999999963e+01,7.358368187207499886e+02,3.821879824557855727e+02,-2.379551887512207031e+00,-2.379551887512207031e+00,2.646929931640625000e+01,1.597108650207519531e+01
3.840000000000000000e+02,6.344690500000000100e+01,1.041942599999999963e+01,7.368275718938068621e+02,3.804918506187904086e+02,-2.402915477752685547e+00,-2.402915477752685547e+00,2.639832878112792969e+01,1.599127197265625000e+01
3.850000000000000000e+02,6.344690500000000100e+01,1.041942599999999963e+01,7.378194542188010701e+02,3.787926424114450583e+02,-2.394434690475463867e+00,-2.394434690475463867e+00,2.661661720275878906e+01,1.588740444183349609e+01
3.860000000000000000e+02,6.344690500000000100e+01,1.041942599999999963e+01,1.207676563137876656e+03,-4.461478117065494189e+02,-1.477564275264739990e-01,-1.477564275264739990e-01,2.703707504272460938e+01,1.512961673736572266e+01
3.870000000000000000e+02,6.344690500000000100e+01,1.041942599999999963e+01,1.209404246801484305e+03,-4.461915315360383261e+02,-2.166719287633895874e-01,-2.166719287633895874e-01,2.712984466552734375e+01,1.519455337524414062e+01
3.880000000000000000e+02,6.344690500000000100e+01,1.041942599999999963e+01,1.211186861510125937e+03,-4.461573438895588311e+02,-5.952613949775695801e-01,-5.952613949775695801e-01,2.641945457458496094e+01,1.529449844360351562e+01
3.890000000000000000e+02,6.344690500000000100e+01,1.041942599999999963e+01,1.212058350557251742e+03,-4.459972702097041974e+02,-7.791698575019836426e-01,-7.791698575019836426e-01,2.695652770996093750e+01,1.548433494567871094e+01
3.900000000000000000e+02,6.344690500000000100e+01,1.041942599999999963e+01,1.213442173952196072e+03,-4.452477160420442601e+02,-1.206350445747375488e+00,-1.206350445747375488e+00,2.660650825500488281e+01,1.557322502136230469e+01
3.910000000000000000e+02,6.344690500000000100e+01,1.041942599999999963e+01,1.214389070028376636e+03,-4.439805089149717219e+02,-1.462384700775146484e+00,-1.462384700775146484e+00,2.639434242248535156e+01,1.575256347656250000e+01
3.920000000000000000e+02,6.344690500000000100e+01,1.041942599999999963e+01,1.222754142278888594e+03,-4.343528655324198553e+02,-5.415791645646095276e-02,-5.415791645646095276e-02,2.704705238342285156e+01,1.513800907135009766e+01
