0.000000000000000000e+00,6.344690500000000100e+01,1.041942599999999963e+01,0.000000000000000000e+00,0.000000000000000000e+00,0.000000000000000000e+00,0.000000000000000000e+00,0.000000000000000000e+00,0.000000000000000000e+00
1.000000000000000000e+00,6.344690500000000100e+01,1.041942599999999963e+01,1.228152328519464618e+03,-4.447466512003157391e+02,-2.218598872423171997e-01,-2.218598872423171997e-01,2.670419502258300781e+01,1.501947212219238281e+01
2.000000000000000000e+00,6.344690500000000100e+01,1.041942599999999963e+01,1.228154664067373233e+03,-4.447458674522558226e+02,-1.587748825550079346e-01,-1.587748825550079346e-01,2.709715652465820312e+01,1.501049518585205078e+01
3.000000000000000000e+00,6.344690500000000100e+01,1.041942599999999963e+01,1.228154816654860497e+03,-4.447461019079216840e+02,-1.909556835889816284e-01,-1.909556835889816284e-01,2.684155464172363281e+01,1.502626800537109375e+01
4.000000000000000000e+00,6.344690500000000100e+01,1.041942599999999963e+01,1.228154933956969444e+03,-4.447460937984737370e+02,-1.529165655374526978e-01,-1.529165655374526978e-01,2.707736968994140625e+01,1.505245494842529297e+01
5.000000000000000000e+00,6.344690500000000100e+01,1.041942599999999963e+01,1.228154612568990160e+03,-4.447462273646592621e+02,-1.895036548376083374e-01,-1.895036548376083374e-01,2.699585914611816406e+01,1.499858283996582031e+01
6.000000000000000000e+00,6.344690500000000100e+01,1.041942599999999963e+01,1.228154719381080895e+03,-4.447459339966724201e+02,-1.849966794252395630e-01,-1.849966794252395630e-01,2.718700408935546875e+01,1.500222492218017578e+01
7.000000000000000000e+00,6.344690500000000100e+01,1.041942599999999963e+01,1.228155117062803583e+03,-4.447443421771944827e+02,-1.001608520746231079e-01,-1.001608520746231079e-01,2.711886024475097656e+01,1.500619411468505859e+01
8.000000000000000000e+00,6.344690500000000100e+01,1.041942599999999963e+01,1.228155406979312602e+03,-4.447442970984327530e+02,-9.355805069208145142e-02,-9.355805069208145142e-02,2.714711189270019531e+01,1.506225013732910156e+01
9.000000000000000000e+00,6.344690500000000100e+01,1.041942599999999963e+01,1.228154343632517111e+03,-4.447454028342448851e+02,-1.609737724065780640e-01,-1.609737724065780640e-01,2.685865020751953125e+01,1.508673667907714844e+01
1.000000000000000000e+01,6.344690500000000100e+01,1.041942599999999963e+01,1.228205264118636478e+03,-4.446480277701919022e+02,-1.461251974105834961e-01,-1.461251974105834961e-01,2.706295013427734375e+01,1.501686763763427734e+01
1.100000000000000000e+01,6.344690500000000100e+01,1.041942599999999963e+01,1.228527084377994470e+03,-4.440667212344837367e+02,-1.704228371381759644e-01,-1.704228371381759644e-01,2.690638732910156250e+01,1.508364295959472656e+01
1.200000000000000000e+01,6.344690500000000100e+01,1.041942599999999963e+01,1.228928609875862321e+03,-4.430727156142790477e+02,-1.575825810432434082e-01,-1.575825810432434082e-01,2.682199096679687500e+01,1.515185260772705078e+01
1.300000000000000000e+01,6.344690500000000100e+01,1.041942599999999963e+01,1.229019699124914723e+03,-4.417918937775663153e+02,-2.799662947654724121e-01,-2.799662947654724121e-01,2.719236373901367188e+01,1.519477558135986328e+01
1.400000000000000000e+01,6.344690500000000100e+01,1.041942599999999963e+01,1.228613107708875759e+03,-4.405462738924716177e+02,-5.998884439468383789e-01,-5.998884439468383789e-01,2.700618171691894531e+01,1.532073020935058594e+01
1.500000000000000000e+01,6.344690500000000100e+01,1.041942599999999963e+01,1.227728927640569054e+03,-4.395203762688814209e+02,-8.967518210411071777e-01,-8.967518210411071777e-01,2.679225921630859375e+01,1.532782459259033203e+01
1.600000000000000000e+01,6.344690500000000100e+01,1.041942599999999963e+01,1.227114184883758071e+03,-4.391383024104814012e+02,-8.985626697540283203e-01,-8.985626697540283203e-01,2.672891998291015625e+01,1.546386241912841797e+01
1.700000000000000000e+01,6.344690500000000100e+01,1.041942599999999963e+01,1.225762101201519272e+03,-4.388037440613105673e+02,-1.319308280944824219e+00,-1.319308280944824219e+00,2.673119926452636719e+01,1.561692333221435547e+01
1.800000000000000000e+01,6.344690500000000100e+01,1.041942599999999963e+01,1.224270346668656657e+03,-4.389758917931642941e+02,-1.511866807937622070e+00,-1.511866807937622070e+00,2.644138908386230469e+01,1.571432781219482422e+01
1.900000000000000000e+01,6.344690500000000100e+01,1.041942599999999963e+01,1.222774987009630422e+03,-4.390678503762627543e+02,-1.656806111335754395e+00,-1.656806111335754395e+00,2.670160484313964844e+01,1.571569347381591797e+01
2.000000000000000000e+01,6.344690500000000100e+01,1.041942599999999963e+01,1.221340697435426364e+03,-4.386044048301588987e+02,-1.772115945816040039e+00,-1.772115945816040039e+00,2.667958641052246094e+01,1.570810031890869141e+01
2.100000000000000000e+01,6.344690500000000100e+01,1.041942599999999963e+01,1.220196666149028488e+03,-4.375895076959143353e+02,-1.851071357727050781e+00,-1.851071357727050781e+00,2.677721977233886719e+01,1.580572414398193359e+01
2.200000000000000000e+01,6.344690500000000100e+01,1.041942599999999963e+01,1.219581198676005215e+03,-4.362118635464468639e+02,-1.882093787193298340e+00,-1.882093787193298340e+00,2.652984046936035156e+01,1.585868930816650391e+01
2.300000000000000000e+01,6.344690500000000100e+01,1.041942599999999963e+01,1.219552374212516497e+03,-4.348033542828032978e+02,-1.932131409645080566e+00,-1.932131409645080566e+00,2.627713966369628906e+01,1.586305904388427734e+01
2.400000000000000000e+01,6.344690500000000100e+01,1.041942599999999963e+01,1.219725927172599313e+03,-4.331902408066299586e+02,-1.954614758491516113e+00,-1.954614758491516113e+00,2.646779441833496094e+01,1.578570556640625000e+01
2.500000000000000000e+01,6.344690500000000100e+01,1.041942599999999963e+01,1.219705138919706542e+03,-4.323194729163052443e+02,-1.910253167152404785e+00,-1.910253167152404785e+00,2.625540161132812500e+01,1.580179882049560547e+01
2.600000000000000000e+01,6.344690500000000100e+01,1.041942599999999963e+01,1.219316575927290842e+03,-4.306011060323267543e+02,-2.039202213287353516e+00,-2.039202213287353516e+00,2.677792739868164062e+01,1.575079917907714844e+01
2.700000000000000000e+01,6.344690500000000100e+01,1.041942599999999963e+01,1.218662506846487986e+03,-4.289771557540598792e+02,-1.948458552360534668e+00,-1.948458552360534668e+00,2.645021247863769531e+01,1.579573726654052734e+01
2.800000000000000000e+01,6.344690500000000100e+01,1.041942599999999963e+01,1.217953127411684591e+03,-4.274105308861943513e+02,-2.064296245574951172e+00,-2.064296245574951172e+00,2.652667045593261719e+01,1.580553150177001953e+01
2.900000000000000000e+01,6.344690500000000100e+01,1.041942599999999963e+01,1.217173903016798249e+03,-4.257458759197426730e+02,-2.056948423385620117e+00,-2.056948423385620117e+00,2.659612846374511719e+01,1.578495597839355469e+01
3.000000000000000000e+01,6.344690500000000100e+01,1.041942599999999963e+01,1.216299737958578362e+03,-4.240093108905279564e+02,-2.089403867721557617e+00,-2.089403867721557617e+00,2.656174659729003906e+01,1.585588741302490234e+01
3.100000000000000000e+01,6.344690500000000100e+01,1.041942599999999963e+01,1.215415012386676835e+03,-4.223641876387157481e+02,-1.912808299064636230e+00,-1.912808299064636230e+00,2.647094154357910156e+01,1.585858535766601562e+01
3.200000000000000000e+01,6.344690500000000100e+01,1.041942599999999963e+01,1.214499368218247128e+03,-4.207342404939985272e+02,-2.046608209609985352e+00,-2.046608209609985352e+00,2.645016670227050781e+01,1.587058353424072266e+01
3.300000000000000000e+01,6.344690500000000100e+01,1.041942599999999963e+01,1.213568983106058568e+03,-4.191063074403590463e+02,-2.000309467315673828e+00,-2.000309467315673828e+00,2.660388755798339844e+01,1.583909702301025391e+01
3.400000000000000000e+01,6.344690500000000100e+01,1.041942599999999963e+01,1.212638075379389647e+03,-4.174794114271021499e+02,-2.012979984283447266e+00,-2.012979984283447266e+00,2.652378082275390625e+01,1.581731033325195312e+01
3.500000000000000000e+01,6.344690500000000100e+01,1.041942599999999963e+01,1.212147014169152271e+03,-4.166279895364022536e+02,-2.035717487335205078e+00,-2.035717487335205078e+00,2.653954696655273438e+01,1.587084102630615234e+01
3.600000000000000000e+01,6.344690500000000100e+01,1.041942599999999963e+01,1.211158369091749591e+03,-4.149284227732136969e+02,-2.001110553741455078e+00,-2.001110553741455078e+00,2.651343154907226562e+01,1.584003353118896484e+01
3.700000000000000000e+01,6.344690500000000100e+01,1.041942599999999963e+01,1.210255172757927312e+03,-4.133826754429871357e+02,-2.056290149688720703e+00,-2.056290149688720703e+00,2.644390869140625000e+01,1.582873344421386719e+01
3.800000000000000000e+01,6.344690500000000100e+01,1.041942599999999963e+01,1.209261730221556945e+03,-4.116822044167675472e+02,-2.032435894012451172e+00,-2.032435894012451172e+00,2.667780685424804688e+01,1.583492755889892578e+01
3.900000000000000000e+01,6.344690500000000100e+01,1.041942599999999963e+01,1.208268484143240357e+03,-4.099818832781904234e+02,-2.038365840911865234e+00,-2.038365840911865234e+00,2.657016754150390625e+01,1.584590148925781250e+01
4.000000000000000000e+01,6.344690500000000100e+01,1.041942599999999963e+01,1.207362253217304442e+03,-4.084399205879846591e+02,-2.034618616104125977e+00,-2.034618616104125977e+00,2.636509323120117188e+01,1.586489582061767578e+01
4.100000000000000000e+01,6.344690500000000100e+01,1.041942599999999963e+01,1.206366958645386376e+03,-4.067444518167835668e+02,-2.093028306961059570e+00,-2.093028306961059570e+00,2.650495338439941406e+01,1.583858966827392578e+01
4.200000000000000000e+01,6.344690500000000100e+01,1.041942599999999963e+01,1.205462609318805789e+03,-4.052019147051356640e+02,-1.927122354507446289e+00,-1.927122354507446289e+00,2.659875869750976562e+01,1.583241081237792969e+01
4.300000000000000000e+01,6.344690500000000100e+01,1.041942599999999963e+01,1.204557268170725820e+03,-4.036617521218823299e+02,-2.099093675613403320e+00,-2.099093675613403320e+00,2.661121749877929688e+01,1.583892726898193359e+01
4.400000000000000000e+01,6.344690500000000100e+01,1.041942599999999963e+01,1.204058659581614620e+03,-4.028148014187374315e+02,-2.164992332458496094e+00,-2.164992332458496094e+00,2.649393081665039062e+01,1.584863090515136719e+01
4.500000000000000000e+01,6.344690500000000100e+01,1.041942599999999963e+01,1.203109049825446164e+03,-4.011967649221554666e+02,-2.053740978240966797e+00,-2.053740978240966797e+00,2.682612419128417969e+01,1.582438182830810547e+01
4.600000000000000000e+01,6.344690500000000100e+01,1.041942599999999963e+01,1.202158577946151354e+03,-3.995784813544195231e+02,-1.993269801139831543e+00,-1.993269801139831543e+00,2.645071411132812500e+01,1.588909435272216797e+01
4.700000000000000000e+01,6.344690500000000100e+01,1.041942599999999963e+01,1.201163401630881481e+03,-3.978840179464706353e+02,-2.048015594482421875e+00,-2.048015594482421875e+00,2.645960998535156250e+01,1.590082359313964844e+01
4.800000000000000000e+01,6.344690500000000100e+01,1.041942599999999963e+01,1.200212424306066168e+03,-3.962660302058926050e+02,-2.105128288269042969e+00,-2.105128288269042969e+00,2.650521659851074219e+01,1.592166233062744141e+01
4.900000000000000000e+01,6.344690500000000100e+01,1.041942599999999963e+01,1.199265997914174250e+03,-3.946467802146413533e+02,-2.081040620803833008e+00,-2.081040620803833008e+00,2.609160423278808594e+01,1.590400791168212891e+01
5.000000000000000000e+01,6.344690500000000100e+01,1.041942599999999963e+01,1.198270480184012513e+03,-3.929536364571479794e+02,-2.023731231689453125e+00,-2.023731231689453125e+00,2.689222145080566406e+01,1.588808059692382812e+01
5.100000000000000000e+01,6.344690500000000100e+01,1.041942599999999963e+01,1.197363394765598741e+03,-3.914135342883082558e+02,-2.031626939773559570e+00,-2.031626939773559570e+00,2.648244285583496094e+01,1.595754528045654297e+01
5.200000000000000000e+01,6.344690500000000100e+01,1.041942599999999963e+01,1.196410994557012827e+03,-3.897978744580764214e+02,-2.008373022079467773e+00,-2.008373022079467773e+00,2.661948394775390625e+01,1.584772491455078125e+01
5.300000000000000000e+01,6.344690500000000100e+01,1.041942599999999963e+01,1.195912625340566819e+03,-3.889512104794766287e+02,-2.034427404403686523e+00,-2.034427404403686523e+00,2.670494461059570312e+01,1.584227371215820312e+01
5.400000000000000000e+01,6.344690500000000100e+01,1.041942599999999963e+01,1.194964966801387618e+03,-3.873328311311634025e+02,-1.969678282737731934e+00,-1.969678282737731934e+00,2.691932868957519531e+01,1.592008113861083984e+01
5.500000000000000000e+01,6.344690500000000100e+01,1.041942599999999963e+01,1.193969861058290917e+03,-3.856368107610517768e+02,-1.984103798866271973e+00,-1.984103798866271973e+00,2.655215263366699219e+01,1.589471912384033203e+01
5.600000000000000000e+01,6.344690500000000100e+01,1.041942599999999963e+01,1.192972420720408309e+03,-3.839411349487781990e+02,-1.970649480819702148e+00,-1.970649480819702148e+00,2.658799934387207031e+01,1.594212055206298828e+01
5.700000000000000000e+01,6.344690500000000100e+01,1.041942599999999963e+01,1.192024275808082621e+03,-3.823247658758114653e+02,-1.995772838592529297e+00,-1.995772838592529297e+00,2.648536682128906250e+01,1.587943744659423828e+01
5.800000000000000000e+01,6.344690500000000100e+01,1.041942599999999963e+01,1.191026532201471809e+03,-3.806294355935696103e+02,-2.049491405487060547e+00,-2.049491405487060547e+00,2.656877708435058594e+01,1.595816516876220703e+01
5.900000000000000000e+01,6.344690500000000100e+01,1.041942599999999963e+01,1.190075655964344378e+03,-3.790109849501090480e+02,-2.062390089035034180e+00,-2.062390089035034180e+00,2.636168670654296875e+01,1.591656398773193359e+01
6.000000000000000000e+01,6.344690500000000100e+01,1.041942599999999963e+01,1.189126118688011275e+03,-3.773924894495484637e+02,-1.955733418464660645e+00,-1.955733418464660645e+00,2.695839500427246094e+01,1.586096191406250000e+01
6.100000000000000000e+01,6.344690500000000100e+01,1.041942599999999963e+01,1.188675019292635170e+03,-3.766230398489271352e+02,-1.919208407402038574e+00,-1.919208407402038574e+00,2.656225776672363281e+01,1.589034652709960938e+01
6.200000000000000000e+01,6.344690500000000100e+01,1.041942599999999963e+01,1.187724694279256937e+03,-3.750074231436524883e+02,-1.983695507049560547e+00,-1.983695507049560547e+00,2.645021820068359375e+01,1.589569377899169922e+01
6.300000000000000000e+01,6.344690500000000100e+01,1.041942599999999963e+01,1.186818697957538461e+03,-3.734647400124820251e+02,-2.122076988220214844e+00,-2.122076988220214844e+00,2.662305641174316406e+01,1.583393859863281250e+01
6.400000000000000000e+01,6.344690500000000100e+01,1.041942599999999963e+01,1.185823969869251414e+03,-3.717712164098068683e+02,-2.031333684921264648e+00,-2.031333684921264648e+00,2.652371788024902344e+01,1.589175319671630859e+01
6.500000000000000000e+01,6.344690500000000100e+01,1.041942599999999963e+01,1.184918456105354835e+03,-3.702303821075638552e+02,-1.957165837287902832e+00,-1.957165837287902832e+00,2.688885307312011719e+01,1.591786861419677734e+01
6.600000000000000000e+01,6.344690500000000100e+01,1.041942599999999963e+01,1.183965926198396119e+03,-3.686154332732599528e+02,-1.988816142082214355e+00,-1.988816142082214355e+00,2.669020462036132812e+01,1.591759014129638672e+01
6.700000000000000000e+01,6.344690500000000100e+01,1.041942599999999963e+01,1.182970374134562690e+03,-3.669216837553449864e+02,-2.022693634033203125e+00,-2.022693634033203125e+00,2.625639343261718750e+01,1.593365955352783203e+01
6.800000000000000000e+01,6.344690500000000100e+01,1.041942599999999963e+01,1.182022074727087329e+03,-3.653022337748872133e+02,-1.996933937072753906e+00,-1.996933937072753906e+00,2.651674842834472656e+01,1.592268085479736328e+01
6.900000000000000000e+01,6.344690500000000100e+01,1.041942599999999963e+01,1.181072340992700447e+03,-3.636845020466371352e+02,-1.962888002395629883e+00,-1.962888002395629883e+00,2.632309150695800781e+01,1.593433380126953125e+01
7.000000000000000000e+01,6.344690500000000100e+01,1.041942599999999963e+01,1.180120791462683883e+03,-3.620656341311921551e+02,-1.956670641899108887e+00,-1.956670641899108887e+00,2.671335411071777344e+01,1.593300342559814453e+01
7.100000000000000000e+01,6.344690500000000100e+01,1.041942599999999963e+01,1.179171752004054497e+03,-3.604482172350010956e+02,-2.068800926208496094e+00,-2.068800926208496094e+00,2.664789009094238281e+01,1.592343139648437500e+01
7.200000000000000000e+01,6.344690500000000100e+01,1.041942599999999963e+01,1.178672595051979670e+03,-3.596017189112275787e+02,-1.984843730926513672e+00,-1.984843730926513672e+00,2.689215278625488281e+01,1.596748733520507812e+01
7.300000000000000000e+01,6.344690500000000100e+01,1.041942599999999963e+01,1.177769671468538718e+03,-3.580605174746505668e+02,-2.070386409759521484e+00,-2.070386409759521484e+00,2.664853477478027344e+01,1.594896697998046875e+01
7.400000000000000000e+01,6.344690500000000100e+01,1.041942599999999963e+01,1.176820364979682381e+03,-3.564457742472258133e+02,-2.064075708389282227e+00,-2.064075708389282227e+00,2.636700057983398438e+01,1.593360900878906250e+01
7.500000000000000000e+01,6.344690500000000100e+01,1.041942599999999963e+01,1.175869269398219103e+03,-3.548276967586564865e+02,-2.086666822433471680e+00,-2.086666822433471680e+00,2.666082000732421875e+01,1.600575256347656250e+01
7.600000000000000000e+01,6.344690500000000100e+01,1.041942599999999963e+01,1.174918372182471785e+03,-3.532087119974897860e+02,-2.023783922195434570e+00,-2.023783922195434570e+00,2.659389305114746094e+01,1.591602897644042969e+01
7.700000000000000000e+01,6.344690500000000100e+01,1.041942599999999963e+01,1.173969096211962778e+03,-3.515899113265832057e+02,-1.927544355392456055e+00,-1.927544355392456055e+00,2.658864021301269531e+01,1.596754169464111328e+01
7.800000000000000000e+01,6.344690500000000100e+01,1.041942599999999963e+01,1.172972388294585471e+03,-3.498960122028314004e+02,-2.081139564514160156e+00,-2.081139564514160156e+00,2.694042396545410156e+01,1.595984458923339844e+01
7.900000000000000000e+01,6.344690500000000100e+01,1.041942599999999963e+01,1.172021437672792899e+03,-3.482773738365015106e+02,-2.045506477355957031e+00,-2.045506477355957031e+00,2.657731628417968750e+01,1.593934249877929688e+01
8.000000000000000000e+01,6.344690500000000100e+01,1.041942599999999963e+01,1.171072104482330133e+03,-3.466593469606398799e+02,-2.043165206909179688e+00,-2.043165206909179688e+00,2.669776535034179688e+01,1.595688438415527344e+01
8.100000000000000000e+01,6.344690500000000100e+01,1.041942599999999963e+01,1.170574343709587083e+03,-3.458126544672891214e+02,-2.025673389434814453e+00,-2.025673389434814453e+00,2.662345695495605469e+01,1.589794731140136719e+01
8.200000000000000000e+01,6.344690500000000100e+01,1.041942599999999963e+01,1.169622733144292170e+03,-3.441967737821306059e+02,-2.064756631851196289e+00,-2.064756631851196289e+00,2.659791183471679688e+01,1.598805522918701172e+01
8.300000000000000000e+01,6.344690500000000100e+01,1.041942599999999963e+01,1.168625536946105967e+03,-3.425003912034658811e+02,-1.975490689277648926e+00,-1.975490689277648926e+00,2.645242500305175781e+01,1.595657444000244141e+01
8.400000000000000000e+01,6.344690500000000100e+01,1.041942599999999963e+01,6.946401088062962117e+02,4.329957139999813194e+02,-2.042756527662277222e-01,-2.042756527662277222e-01,2.665406036376953125e+01,1.502244281768798828e+01
8.500000000000000000e+01,6.344690500000000100e+01,1.041942599999999963e+01,6.963808044315352390e+02,4.330163752271150770e+02,1.970520615577697754e-02,1.970520615577697754e-02,2.692546272277832031e+01,1.501312065124511719e+01
8.600000000000000000e+01,6.344690500000000100e+01,1.041942599999999963e+01,6.979928360108277730e+02,4.327279079989812089e+02,-2.326156049966812134e-01,-2.326156049966812134e-01,2.671407318115234375e+01,1.523174953460693359e+01
8.700000000000000000e+01,6.344690500000000100e+01,1.041942599999999963e+01,6.993396639943673563e+02,4.318975849770912987e+02,-4.620704352855682373e-01,-4.620704352855682373e-01,2.682699394226074219e+01,1.539565372467041016e+01
8.800000000000000000e+01,6.344690500000000100e+01,1.041942599999999963e+01,7.006291914110149719e+02,4.308332349403453350e+02,-1.046489357948303223e+00,-1.046489357948303223e+00,2.663380432128906250e+01,1.553949356079101562e+01
8.900000000000000000e+01,6.344690500000000100e+01,1.041942599999999963e+01,7.020621471525947754e+02,4.298181612102384292e+02,-1.188521623611450195e+00,-1.188521623611450195e+00,2.671027374267578125e+01,1.559391498565673828e+01
9.000000000000000000e+01,6.344690500000000100e+01,1.041942599999999963e+01,7.028607678527381495e+02,4.293144621021925786e+02,-1.324065446853637695e+00,-1.324065446853637695e+00,2.646092796325683594e+01,1.563853168487548828e+01
9.100000000000000000e+01,6.344690500000000100e+01,1.041942599999999963e+01,7.044784884575535671e+02,4.282907073070271622e+02,-1.551312327384948730e+00,-1.551312327384948730e+00,2.615717506408691406e+01,1.569378566741943359e+01
9.200000000000000000e+01,6.344690500000000100e+01,1.041942599999999963e+01,7.060124240042005113e+02,4.272618435645897534e+02,-1.570026874542236328e+00,-1.570026874542236328e+00,2.658404731750488281e+01,1.569356727600097656e+01
9.300000000000000000e+01,6.344690500000000100e+01,1.041942599999999963e+01,7.075492463225054962e+02,4.262128995237874847e+02,-1.684086441993713379e+00,-1.684086441993713379e+00,2.679430007934570312e+01,1.567271995544433594e+01
9.400000000000000000e+01,6.344690500000000100e+01,1.041942599999999963e+01,7.090998244405955120e+02,4.251708090662244217e+02,-1.825597643852233887e+00,-1.825597643852233887e+00,2.642957687377929688e+01,1.569317340850830078e+01
9.500000000000000000e+01,6.344690500000000100e+01,1.041942599999999963e+01,7.105828108904383953e+02,4.241849656350887017e+02,-1.673956751823425293e+00,-1.673956751823425293e+00,2.663052558898925781e+01,1.572796058654785156e+01
9.600000000000000000e+01,6.344690500000000100e+01,1.041942599999999963e+01,7.121298480149389434e+02,4.231489365950992010e+02,-1.779461741447448730e+00,-1.779461741447448730e+00,2.642020797729492188e+01,1.572348690032958984e+01
9.700000000000000000e+01,6.344690500000000100e+01,1.041942599999999963e+01,7.135973811274310492e+02,4.221665811367118977e+02,-1.863800406455993652e+00,-1.863800406455993652e+00,2.666633605957031250e+01,1.573116302490234375e+01
9.800000000000000000e+01,6.344690500000000100e+01,1.041942599999999963e+01,7.151273837203362973e+02,4.211359816400495220e+02,-1.795537829399108887e+00,-1.795537829399108887e+00,2.629916572570800781e+01,1.579019927978515625e+01
9.900000000000000000e+01,6.344690500000000100e+01,1.041942599999999963e+01,7.166415610426514604e+02,4.201218281680710902e+02,-1.812305688858032227e+00,-1.812305688858032227e+00,2.662822532653808594e+01,1.582360076904296875e+01
1.000000000000000000e+02,6.344690500000000100e+01,1.041942599999999963e+01,7.240305800555000815e+02,4.256016475172981472e+02,-1.202241927385330200e-01,-1.202241927385330200e-01,2.688257408142089844e+01,1.497329235076904297e+01
1.010000000000000000e+02,6.344690500000000100e+01,1.041942599999999963e+01,7.241402716753405002e+02,4.258131902480471922e+02,-5.914034321904182434e-02,-5.914034321904182434e-02,2.713190269470214844e+01,1.503954792022705078e+01
1.020000000000000000e+02,6.344690500000000100e+01,1.041942599999999963e+01,7.243150878066520590e+02,4.261282047564713480e+02,-1.411040425300598145e-01,-1.411040425300598145e-01,2.700066566467285156e+01,1.499857139587402344e+01
1.030000000000000000e+02,6.344690500000000100e+01,1.041942599999999963e+01,7.247116751784755024e+02,4.269980472813473966e+02,-6.299129873514175415e-02,-6.299129873514175415e-02,2.690208816528320312e+01,1.503428173065185547e+01
1.040000000000000000e+02,6.344690500000000100e+01,1.041942599999999963e+01,7.248987193227892476e+02,4.282024844108955222e+02,-2.532158195972442627e-01,-2.532158195972442627e-01,2.687353134155273438e+01,1.516132640838623047e+01
1.050000000000000000e+02,6.344690500000000100e+01,1.041942599999999963e+01,7.245961852199587838e+02,4.295236320051141661e+02,-4.661459922790527344e-01,-4.661459922790527344e-01,2.675613212585449219e+01,1.524990844726562500e+01
1.060000000000000000e+02,6.344690500000000100e+01,1.041942599999999963e+01,7.237584719772113431e+02,4.306593101610851591e+02,-7.412409186363220215e-01,-7.412409186363220215e-01,2.689757728576660156e+01,1.538230705261230469e+01
1.070000000000000000e+02,6.344690500000000100e+01,1.041942599999999963e+01,4.236202979205496604e+02,2.529658779451887938e+02,7.830981165170669556e-03,7.830981165170669556e-03,2.729375648498535156e+01,1.502403831481933594e+01
1.080000000000000000e+02,6.344690500000000100e+01,1.041942599999999963e+01,4.218550391314826129e+02,2.509414940024063867e+02,-2.993566356599330902e-02,-2.993566356599330902e-02,2.688021469116210938e+01,1.517079830169677734e+01
1.090000000000000000e+02,6.344690500000000100e+01,1.041942599999999963e+01,4.234480567098119081e+02,2.511149490221482097e+02,-2.804666161537170410e-01,-2.804666161537170410e-01,2.700151824951171875e+01,1.518161296844482422e+01
1.100000000000000000e+02,6.344690500000000100e+01,1.041942599999999963e+01,4.241549353721964621e+02,2.514298157054681724e+02,-4.303219616413116455e-01,-4.303219616413116455e-01,2.690756034851074219e+01,1.535636806488037109e+01
1.110000000000000000e+02,6.344690500000000100e+01,1.041942599999999963e+01,4.252239050990992268e+02,2.523982372914036887e+02,-6.829579472541809082e-01,-6.829579472541809082e-01,2.660651206970214844e+01,1.549929809570312500e+01
1.120000000000000000e+02,6.344690500000000100e+01,1.041942599999999963e+01,4.259664588100307583e+02,2.537339602829542287e+02,-1.083017230033874512e+00,-1.083017230033874512e+00,2.689964485168457031e+01,1.559373569488525391e+01
1.130000000000000000e+02,6.344690500000000100e+01,1.041942599999999963e+01,4.267621436236488535e+02,2.552033047793735534e+02,-1.238400220870971680e+00,-1.238400220870971680e+00,2.654683685302734375e+01,1.565967559814453125e+01
1.140000000000000000e+02,6.344690500000000100e+01,1.041942599999999963e+01,4.278533301478876751e+02,2.565123338251980272e+02,-1.431922316551208496e+00,-1.431922316551208496e+00,2.653382301330566406e+01,1.573283004760742188e+01
1.150000000000000000e+02,6.344690500000000100e+01,1.041942599999999963e+01,4.292739539265758140e+02,2.574280431807836180e+02,-1.500494956970214844e+00,-1.500494956970214844e+00,2.643559074401855469e+01,1.577449798583984375e+01
1.160000000000000000e+02,6.344690500000000100e+01,1.041942599999999963e+01,4.308453345420032861e+02,2.576516501967251429e+02,-1.539532303810119629e+00,-1.539532303810119629e+00,2.665329742431640625e+01,1.577445220947265625e+01
1.170000000000000000e+02,6.344690500000000100e+01,1.041942599999999963e+01,4.322583289265037934e+02,2.572511580578308212e+02,-1.608626008033752441e+00,-1.608626008033752441e+00,2.625625801086425781e+01,1.573601722717285156e+01
1.180000000000000000e+02,6.344690500000000100e+01,1.041942599999999963e+01,4.328392920607796555e+02,2.568730992265447526e+02,-1.659600138664245605e+00,-1.659600138664245605e+00,2.696558952331542969e+01,1.574045181274414062e+01
1.190000000000000000e+02,6.344690500000000100e+01,1.041942599999999963e+01,4.337637915732606757e+02,2.557695807133586356e+02,-1.718234658241271973e+00,-1.718234658241271973e+00,2.623353767395019531e+01,1.583520126342773438e+01
1.200000000000000000e+02,6.344690500000000100e+01,1.041942599999999963e+01,4.341851782922266239e+02,2.544008710838189984e+02,-1.676070570945739746e+00,-1.676070570945739746e+00,2.649901008605957031e+01,1.576703262329101562e+01
1.210000000000000000e+02,6.344690500000000100e+01,1.041942599999999963e+01,4.340074133994398835e+02,2.528920848996285713e+02,-1.736991286277770996e+00,-1.736991286277770996e+00,2.676826477050781250e+01,1.577747631072998047e+01
1.220000000000000000e+02,6.344690500000000100e+01,1.041942599999999963e+01,4.334764075404687560e+02,2.512945313004344712e+02,-1.747309207916259766e+00,-1.747309207916259766e+00,2.668350219726562500e+01,1.583534526824951172e+01
1.230000000000000000e+02,6.344690500000000100e+01,1.041942599999999963e+01,4.332248511437113052e+02,2.495692592593153734e+02,-1.768815040588378906e+00,-1.768815040588378906e+00,2.654114913940429688e+01,1.582267761230468750e+01
1.240000000000000000e+02,6.344690500000000100e+01,1.041942599999999963e+01,4.333977027058141402e+02,2.477964252460264163e+02,-1.760998606681823730e+00,-1.760998606681823730e+00,2.641160583496093750e+01,1.584526920318603516e+01
1.250000000000000000e+02,6.344690500000000100e+01,1.041942599999999963e+01,4.336049170615248727e+02,2.468984791624380364e+02,-1.761180281639099121e+00,-1.761180281639099121e+00,2.618115615844726562e+01,1.580894279479980469e+01
1.260000000000000000e+02,6.344690500000000100e+01,1.041942599999999963e+01,4.341203894740771148e+02,2.451825018522328037e+02,-1.771378874778747559e+00,-1.771378874778747559e+00,2.615372657775878906e+01,1.579890346527099609e+01
1.270000000000000000e+02,6.344690500000000100e+01,1.041942599999999963e+01,4.347518591997447857e+02,2.434691877418870263e+02,-1.816478967666625977e+00,-1.816478967666625977e+00,2.657929992675781250e+01,1.582850456237792969e+01
1.280000000000000000e+02,6.344690500000000100e+01,1.041942599999999963e+01,4.354807105183527938e+02,2.417724556801572362e+02,-1.767360448837280273e+00,-1.767360448837280273e+00,2.651593589782714844e+01,1.585822486877441406e+01
1.290000000000000000e+02,6.344690500000000100e+01,1.041942599999999963e+01,4.362520117886342632e+02,2.401797536770734780e+02,-1.751827001571655273e+00,-1.751827001571655273e+00,2.654065895080566406e+01,1.578844165802001953e+01
1.300000000000000000e+02,6.344690500000000100e+01,1.041942599999999963e+01,4.371155676955742706e+02,2.385248113996348138e+02,-1.863940119743347168e+00,-1.863940119743347168e+00,2.674324607849121094e+01,1.580617332458496094e+01
1.310000000000000000e+02,6.344690500000000100e+01,1.041942599999999963e+01,4.380476050500338943e+02,2.368032349814513111e+02,-1.811894893646240234e+00,-1.811894893646240234e+00,2.671039772033691406e+01,1.575418090820312500e+01
1.320000000000000000e+02,6.344690500000000100e+01,1.041942599999999963e+01,4.389978613974850532e+02,2.350848917339249340e+02,-1.879622817039489746e+00,-1.879622817039489746e+00,2.665279197692871094e+01,1.578350162506103516e+01
1.330000000000000000e+02,6.344690500000000100e+01,1.041942599999999963e+01,4.399157843711396367e+02,2.334495992792350592e+02,-1.852074503898620605e+00,-1.852074503898620605e+00,2.637206649780273438e+01,1.585940265655517578e+01
1.340000000000000000e+02,6.344690500000000100e+01,1.041942599999999963e+01,4.404003577353907417e+02,2.325969731111477188e+02,-1.815286040306091309e+00,-1.815286040306091309e+00,2.645954704284667969e+01,1.571094703674316406e+01
1.350000000000000000e+02,6.344690500000000100e+01,1.041942599999999963e+01,4.413288245324528134e+02,2.309700415262091440e+02,-1.657510280609130859e+00,-1.657510280609130859e+00,2.629703140258789062e+01,1.578936100006103516e+01
1.360000000000000000e+02,6.344690500000000100e+01,1.041942599999999963e+01,4.422607398149398819e+02,2.293485416557114718e+02,-1.736643075942993164e+00,-1.736643075942993164e+00,2.646924018859863281e+01,1.580474281311035156e+01
1.370000000000000000e+02,6.344690500000000100e+01,1.041942599999999963e+01,4.432387061234288694e+02,2.276464297377800676e+02,-1.818093657493591309e+00,-1.818093657493591309e+00,2.626176834106445312e+01,1.578254985809326172e+01
1.380000000000000000e+02,6.344690500000000100e+01,1.041942599999999963e+01,4.441309027790442201e+02,2.260988848994482794e+02,-1.807741284370422363e+00,-1.807741284370422363e+00,2.668680572509765625e+01,1.578610897064208984e+01
1.390000000000000000e+02,6.344690500000000100e+01,1.041942599999999963e+01,4.450702185744881376e+02,2.244773969555542692e+02,-1.815431475639343262e+00,-1.815431475639343262e+00,2.629851341247558594e+01,1.577544593811035156e+01
1.400000000000000000e+02,6.344690500000000100e+01,1.041942599999999963e+01,4.460082678918055308e+02,2.228533137820222976e+02,-1.783113241195678711e+00,-1.783113241195678711e+00,2.644965362548828125e+01,1.577856826782226562e+01
1.410000000000000000e+02,6.344690500000000100e+01,1.041942599999999963e+01,4.469469733358845360e+02,2.212280850392512264e+02,-1.814218163490295410e+00,-1.814218163490295410e+00,2.656934165954589844e+01,1.574207019805908203e+01
1.420000000000000000e+02,6.344690500000000100e+01,1.041942599999999963e+01,4.479343543172599311e+02,2.195312783007863970e+02,-1.793642282485961914e+00,-1.793642282485961914e+00,2.651187324523925781e+01,1.574785995483398438e+01
1.430000000000000000e+02,6.344690500000000100e+01,1.041942599999999963e+01,4.483814063189870467e+02,2.187563132967504202e+02,-1.834303975105285645e+00,-1.834303975105285645e+00,2.654963302612304688e+01,1.578950119018554688e+01
1.440000000000000000e+02,6.344690500000000100e+01,1.041942599999999963e+01,4.493643469934381187e+02,2.170551101786743402e+02,-1.824034094810485840e+00,-1.824034094810485840e+00,2.653495788574218750e+01,1.576854991912841797e+01
1.450000000000000000e+02,6.344690500000000100e+01,1.041942599999999963e+01,4.503032965786294994e+02,2.154312209628709240e+02,-1.711045026779174805e+00,-1.711045026779174805e+00,2.650068092346191406e+01,1.574799537658691406e+01
1.460000000000000000e+02,6.344690500000000100e+01,1.041942599999999963e+01,4.512896399616929557e+02,2.137300002982236151e+02,-1.761817455291748047e+00,-1.761817455291748047e+00,2.664417648315429688e+01,1.577655124664306641e+01
1.470000000000000000e+02,6.344690500000000100e+01,1.041942599999999963e+01,4.522299170617052937e+02,2.121064447706826854e+02,-1.711738586425781250e+00,-1.711738586425781250e+00,2.654210090637207031e+01,1.575492858886718750e+01
1.480000000000000000e+02,6.344690500000000100e+01,1.041942599999999963e+01,4.531683020709281209e+02,2.104805229685402139e+02,-1.739062070846557617e+00,-1.739062070846557617e+00,2.649449729919433594e+01,1.572136211395263672e+01
1.490000000000000000e+02,6.344690500000000100e+01,1.041942599999999963e+01,9.200171263428964039e+02,-6.161237493717801499e+02,-3.310157358646392822e-02,-3.310157358646392822e-02,2.722510719299316406e+01,1.508735179901123047e+01
1.500000000000000000e+02,6.344690500000000100e+01,1.041942599999999963e+01,9.217768145415338950e+02,-6.163476338200426881e+02,-1.235650628805160522e-01,-1.235650628805160522e-01,2.694801330566406250e+01,1.505650615692138672e+01
1.510000000000000000e+02,6.344690500000000100e+01,1.041942599999999963e+01,9.226386154501957435e+02,-6.163043090102652286e+02,-2.131485939025878906e-01,-2.131485939025878906e-01,2.692512702941894531e+01,1.520152091979980469e+01
1.520000000000000000e+02,6.344690500000000100e+01,1.041942599999999963e+01,9.240687414021444965e+02,-6.157619419036873296e+02,-5.045244693756103516e-01,-5.045244693756103516e-01,2.682112503051757812e+01,1.531145477294921875e+01
1.530000000000000000e+02,6.344690500000000100e+01,1.041942599999999963e+01,9.251427121966157756e+02,-6.146740267224374747e+02,-9.011453986167907715e-01,-9.011453986167907715e-01,2.659963226318359375e+01,1.548019123077392578e+01
1.540000000000000000e+02,6.344690500000000100e+01,1.041942599999999963e+01,9.256484957555078381e+02,-6.132499179344378035e+02,-1.149785995483398438e+00,-1.149785995483398438e+00,2.650553703308105469e+01,1.556361865997314453e+01
1.550000000000000000e+02,6.344690500000000100e+01,1.041942599999999963e+01,9.293955446097737649e+02,-6.028271682672663019e+02,-1.212672442197799683e-01,-1.212672442197799683e-01,2.686115455627441406e+01,1.501763629913330078e+01
1.560000000000000000e+02,6.344690500000000100e+01,1.041942599999999963e+01,9.294620242936276782e+02,-6.027172230557347348e+02,-9.570898115634918213e-02,-9.570898115634918213e-02,2.701193428039550781e+01,1.502614879608154297e+01
1.570000000000000000e+02,6.344690500000000100e+01,1.041942599999999963e+01,9.298452583172523873e+02,-6.021402871155756884e+02,-1.113752946257591248e-01,-1.113752946257591248e-01,2.710065269470214844e+01,1.507070636749267578e+01
1.580000000000000000e+02,6.344690500000000100e+01,1.041942599999999963e+01,9.303526798102406019e+02,-6.011158092502888621e+02,-1.128249540925025940e-01,-1.128249540925025940e-01,2.693097114562988281e+01,1.509592151641845703e+01
1.590000000000000000e+02,6.344690500000000100e+01,1.041942599999999963e+01,9.305267730565257125e+02,-5.998925480479018688e+02,-2.859210073947906494e-01,-2.859210073947906494e-01,2.712173843383789062e+01,1.505356025695800781e+01
1.600000000000000000e+02,6.344690500000000100e+01,1.041942599999999963e+01,9.302418809744542614e+02,-5.986755939013152101e+02,-5.343511700630187988e-01,-5.343511700630187988e-01,2.692902565002441406e+01,1.526342296600341797e+01
1.610000000000000000e+02,6.344690500000000100e+01,1.041942599999999963e+01,9.294585414745309890e+02,-5.975706235623146085e+02,-7.907512187957763672e-01,-7.907512187957763672e-01,2.681932449340820312e+01,1.545777893066406250e+01
1.620000000000000000e+02,6.344690500000000100e+01,1.041942599999999963e+01,9.288823247766931672e+02,-5.971321331914189159e+02,-9.312162995338439941e-01,-9.312162995338439941e-01,2.667338180541992188e+01,1.548449230194091797e+01
1.630000000000000000e+02,6.344690500000000100e+01,1.041942599999999963e+01,9.275711885305587430e+02,-5.966648381145957956e+02,-1.254385828971862793e+00,-1.254385828971862793e+00,2.675368118286132812e+01,1.560664558410644531e+01
1.640000000000000000e+02,6.344690500000000100e+01,1.041942599999999963e+01,9.261609350063387183e+02,-5.967485197271035986e+02,-1.504241228103637695e+00,-1.504241228103637695e+00,2.639642524719238281e+01,1.564234352111816406e+01
1.650000000000000000e+02,6.344690500000000100e+01,1.041942599999999963e+01,9.248340087749928671e+02,-5.974177359569408736e+02,-1.566818714141845703e+00,-1.566818714141845703e+00,2.645261764526367188e+01,1.573030757904052734e+01
1.660000000000000000e+02,6.344690500000000100e+01,1.041942599999999963e+01,9.238902068943956465e+02,-5.985679696286667877e+02,-1.703494787216186523e+00,-1.703494787216186523e+00,2.634297180175781250e+01,1.580232048034667969e+01
1.670000000000000000e+02,6.344690500000000100e+01,1.041942599999999963e+01,9.234840293745003237e+02,-5.999487411180986101e+02,-1.787847161293029785e+00,-1.787847161293029785e+00,2.650230789184570312e+01,1.581430721282958984e+01
1.680000000000000000e+02,6.344690500000000100e+01,1.041942599999999963e+01,9.233870933871005491e+02,-6.016347721758900207e+02,-1.857798576354980469e+00,-1.857798576354980469e+00,2.646389198303222656e+01,1.573670578002929688e+01
1.690000000000000000e+02,6.344690500000000100e+01,1.041942599999999963e+01,9.232516985748458183e+02,-6.024950655159618691e+02,-1.838008046150207520e+00,-1.838008046150207520e+00,2.657545089721679688e+01,1.578869342803955078e+01
1.700000000000000000e+02,6.344690500000000100e+01,1.041942599999999963e+01,9.226256852956927332e+02,-6.041331136961985067e+02,-1.927805542945861816e+00,-1.927805542945861816e+00,2.655170249938964844e+01,1.578533840179443359e+01
1.710000000000000000e+02,6.344690500000000100e+01,1.041942599999999963e+01,9.216909314018759005e+02,-6.055883491328569335e+02,-1.854464292526245117e+00,-1.854464292526245117e+00,2.648190498352050781e+01,1.580620002746582031e+01
1.720000000000000000e+02,6.344690500000000100e+01,1.041942599999999963e+01,9.205646895389050997e+02,-6.069688823580136159e+02,-1.927556037902832031e+00,-1.927556037902832031e+00,2.655110549926757812e+01,1.576815986633300781e+01
1.730000000000000000e+02,6.344690500000000100e+01,1.041942599999999963e+01,9.193631815972022423e+02,-6.082151611879409074e+02,-1.935483098030090332e+00,-1.935483098030090332e+00,2.631779098510742188e+01,1.579968929290771484e+01
1.740000000000000000e+02,6.344690500000000100e+01,1.041942599999999963e+01,9.179205058434790772e+02,-6.094873559938542940e+02,-2.029045820236206055e+00,-2.029045820236206055e+00,2.643739318847656250e+01,1.590062141418457031e+01
1.750000000000000000e+02,6.344690500000000100e+01,1.041942599999999963e+01,9.164590631345934071e+02,-6.106221171647883921e+02,-1.972904205322265625e+00,-1.972904205322265625e+00,2.678315353393554688e+01,1.581862640380859375e+01
1.760000000000000000e+02,6.344690500000000100e+01,1.041942599999999963e+01,6.394935260625156843e+02,-7.878042363357919839e+02,-4.577741026878356934e-02,-4.577741026878356934e-02,2.719093513488769531e+01,1.504744911193847656e+01
1.770000000000000000e+02,6.344690500000000100e+01,1.041942599999999963e+01,6.404214130251435790e+02,-7.879488313577076042e+02,-1.375919282436370850e-01,-1.375919282436370850e-01,2.685513877868652344e+01,1.518105220794677734e+01
1.780000000000000000e+02,6.344690500000000100e+01,1.041942599999999963e+01,6.414098773816436960e+02,-7.883550790661031442e+02,-1.855167895555496216e-01,-1.855167895555496216e-01,2.658970832824707031e+01,1.528641796112060547e+01
1.790000000000000000e+02,6.344690500000000100e+01,1.041942599999999963e+01,6.428104511118287974e+02,-7.877493196868708765e+02,-5.776936411857604980e-01,-5.776936411857604980e-01,2.662370109558105469e+01,1.537644290924072266e+01
1.800000000000000000e+02,6.344690500000000100e+01,1.041942599999999963e+01,6.438003192754771362e+02,-7.866725411097474989e+02,-8.711059689521789551e-01,-8.711059689521789551e-01,2.660216712951660156e+01,1.549536895751953125e+01
1.810000000000000000e+02,6.344690500000000100e+01,1.041942599999999963e+01,6.442697711803747325e+02,-7.853067353417073946e+02,-1.187617659568786621e+00,-1.187617659568786621e+00,2.648205375671386719e+01,1.568712425231933594e+01
1.820000000000000000e+02,6.344690500000000100e+01,1.041942599999999963e+01,6.441824603884984981e+02,-7.839393431409414461e+02,-1.329914689064025879e+00,-1.329914689064025879e+00,2.665898704528808594e+01,1.567793560028076172e+01
1.830000000000000000e+02,6.344690500000000100e+01,1.041942599999999963e+01,6.435384174210282708e+02,-7.826380821453444696e+02,-1.498984813690185547e+00,-1.498984813690185547e+00,2.629082870483398438e+01,1.567076015472412109e+01
1.840000000000000000e+02,6.344690500000000100e+01,1.041942599999999963e+01,6.425176349491970313e+02,-7.814209102859512086e+02,-1.546270489692687988e+00,-1.546270489692687988e+00,2.655026626586914062e+01,1.569837951660156250e+01
1.850000000000000000e+02,6.344690500000000100e+01,1.041942599999999963e+01,6.414826923225805331e+02,-7.800679689647357691e+02,-1.724139213562011719e+00,-1.724139213562011719e+00,2.619691467285156250e+01,1.582210350036621094e+01
1.860000000000000000e+02,6.344690500000000100e+01,1.041942599999999963e+01,6.405718341685612813e+02,-7.784594598073679208e+02,-1.739813804626464844e+00,-1.739813804626464844e+00,2.639930915832519531e+01,1.582217884063720703e+01
1.870000000000000000e+02,6.344690500000000100e+01,1.041942599999999963e+01,6.397351947640433991e+02,-7.768513063353990447e+02,-1.758513450622558594e+00,-1.758513450622558594e+00,2.668793678283691406e+01,1.576256847381591797e+01
1.880000000000000000e+02,6.344690500000000100e+01,1.041942599999999963e+01,6.388642536026119387e+02,-7.753306481705802753e+02,-1.734834432601928711e+00,-1.734834432601928711e+00,2.622359657287597656e+01,1.578635406494140625e+01
1.890000000000000000e+02,6.344690500000000100e+01,1.041942599999999963e+01,6.383616290899057049e+02,-7.744997376553790218e+02,-1.858521819114685059e+00,-1.858521819114685059e+00,2.606916427612304688e+01,1.578258323669433594e+01
1.900000000000000000e+02,6.344690500000000100e+01,1.041942599999999963e+01,6.373995319225733738e+02,-7.729060331303649036e+02,-1.822206258773803711e+00,-1.822206258773803711e+00,2.659921646118164062e+01,1.579725170135498047e+01
1.910000000000000000e+02,6.344690500000000100e+01,1.041942599999999963e+01,6.364168048708876313e+02,-7.712168963000340227e+02,-1.861737966537475586e+00,-1.861737966537475586e+00,2.669263839721679688e+01,1.582645702362060547e+01
1.920000000000000000e+02,6.344690500000000100e+01,1.041942599999999963e+01,6.354926715700753448e+02,-7.695874981424807402e+02,-1.830553412437438965e+00,-1.830553412437438965e+00,2.622476959228515625e+01,1.583105373382568359e+01
1.930000000000000000e+02,6.344690500000000100e+01,1.041942599999999963e+01,6.345187640997926337e+02,-7.678836208411711368e+02,-1.758507966995239258e+00,-1.758507966995239258e+00,2.646403121948242188e+01,1.582279968261718750e+01
1.940000000000000000e+02,6.344690500000000100e+01,1.041942599999999963e+01,6.335795856333703568e+02,-7.662614580159872730e+02,-1.833448767662048340e+00,-1.833448767662048340e+00,2.652443885803222656e+01,1.587267398834228516e+01
1.950000000000000000e+02,6.344690500000000100e+01,1.041942599999999963e+01,6.326375385145410064e+02,-7.646373882860292497e+02,-1.773866534233093262e+00,-1.773866534233093262e+00,2.655821609497070312e+01,1.588816738128662109e+01
1.960000000000000000e+02,6.344690500000000100e+01,1.041942599999999963e+01,6.317002826544231766e+02,-7.630119614357627142e+02,-1.834891676902770996e+00,-1.834891676902770996e+00,2.658979988098144531e+01,1.585931110382080078e+01
1.970000000000000000e+02,6.344690500000000100e+01,1.041942599999999963e+01,6.312105060429790910e+02,-7.621592919773224821e+02,-1.812702298164367676e+00,-1.812702298164367676e+00,2.630300712585449219e+01,1.585347938537597656e+01
1.980000000000000000e+02,6.344690500000000100e+01,1.041942599999999963e+01,6.302754474500413835e+02,-7.605332256875053645e+02,-1.851432919502258301e+00,-1.851432919502258301e+00,2.658610534667968750e+01,1.582984828948974609e+01
1.990000000000000000e+02,6.344690500000000100e+01,1.041942599999999963e+01,6.293386188368704097e+02,-7.589059545902432546e+02,-1.822643995285034180e+00,-1.822643995285034180e+00,2.688075447082519531e+01,1.579379940032958984e+01
2.000000000000000000e+02,6.344690500000000100e+01,1.041942599999999963e+01,6.283596454484164724e+02,-7.572051665029230207e+02,-1.862787365913391113e+00,-1.862787365913391113e+00,2.664672851562500000e+01,1.584743881225585938e+01
2.010000000000000000e+02,6.344690500000000100e+01,1.041942599999999963e+01,6.274233966682634218e+02,-7.555770122037384908e+02,-1.776186227798461914e+00,-1.776186227798461914e+00,2.654568290710449219e+01,1.587968540191650391e+01
2.020000000000000000e+02,6.344690500000000100e+01,1.041942599999999963e+01,6.264843097540502868e+02,-7.539518042638529778e+02,-1.821691155433654785e+00,-1.821691155433654785e+00,2.608908462524414062e+01,1.586409473419189453e+01
2.030000000000000000e+02,6.344690500000000100e+01,1.041942599999999963e+01,6.255488849494437318e+02,-7.523260327522375519e+02,-1.873342990875244141e+00,-1.873342990875244141e+00,2.641344451904296875e+01,1.589382171630859375e+01
2.040000000000000000e+02,6.344690500000000100e+01,1.041942599999999963e+01,6.246566425184319087e+02,-7.507758098301854943e+02,-1.739352703094482422e+00,-1.739352703094482422e+00,2.667475891113281250e+01,1.593223190307617188e+01
2.050000000000000000e+02,6.344690500000000100e+01,1.041942599999999963e+01,6.236778217174653491e+02,-7.490690136063285536e+02,-1.827734112739562988e+00,-1.827734112739562988e+00,2.655250930786132812e+01,1.588151645660400391e+01
2.060000000000000000e+02,6.344690500000000100e+01,1.041942599999999963e+01,6.232322345595810020e+02,-7.482951925898279342e+02,-1.781383156776428223e+00,-1.781383156776428223e+00,2.674427032470703125e+01,1.587073516845703125e+01
2.070000000000000000e+02,6.344690500000000100e+01,1.041942599999999963e+01,6.222503925187199911e+02,-7.465934341508077523e+02,-1.870472550392150879e+00,-1.870472550392150879e+00,2.661470413208007812e+01,1.587586879730224609e+01
2.080000000000000000e+02,6.344690500000000100e+01,1.041942599999999963e+01,6.213583026737791215e+02,-7.450437333446786852e+02,-1.762519001960754395e+00,-1.762519001960754395e+00,2.676601600646972656e+01,1.592399597167968750e+01
2.090000000000000000e+02,6.344690500000000100e+01,1.041942599999999963e+01,6.204225421758510493e+02,-7.434168529413608439e+02,-1.867215275764465332e+00,-1.867215275764465332e+00,2.660599708557128906e+01,1.592343521118164062e+01
2.100000000000000000e+02,6.344690500000000100e+01,1.041942599999999963e+01,6.194850116591057940e+02,-7.417906373101815234e+02,-1.868542790412902832e+00,-1.868542790412902832e+00,2.670370483398437500e+01,1.584568214416503906e+01
2.110000000000000000e+02,6.344690500000000100e+01,1.041942599999999963e+01,6.185022846074200515e+02,-7.400867233042703219e+02,-1.838825583457946777e+00,-1.838825583457946777e+00,2.662766265869140625e+01,1.592086219787597656e+01
2.120000000000000000e+02,6.344690500000000100e+01,1.041942599999999963e+01,6.176121173716160229e+02,-7.385357594913172079e+02,-1.862855672836303711e+00,-1.862855672836303711e+00,2.640578460693359375e+01,1.584905910491943359e+01
2.130000000000000000e+02,6.344690500000000100e+01,1.041942599999999963e+01,6.166775470594870967e+02,-7.369077917422762312e+02,-1.810745000839233398e+00,-1.810745000839233398e+00,2.623553657531738281e+01,1.596901702880859375e+01
2.140000000000000000e+02,6.344690500000000100e+01,1.041942599999999963e+01,6.157402301640910309e+02,-7.352830755954483948e+02,-1.823708891868591309e+00,-1.823708891868591309e+00,2.679206085205078125e+01,1.584090614318847656e+01
2.150000000000000000e+02,6.344690500000000100e+01,1.041942599999999963e+01,6.147601276251161835e+02,-7.335792343734029828e+02,-1.816661238670349121e+00,-1.816661238670349121e+00,2.677167892456054688e+01,1.590667819976806641e+01
2.160000000000000000e+02,6.344690500000000100e+01,1.041942599999999963e+01,6.142690692756639237e+02,-7.327277872321802761e+02,-1.883836030960083008e+00,-1.883836030960083008e+00,2.663495063781738281e+01,1.585329055786132812e+01
2.170000000000000000e+02,6.344690500000000100e+01,1.041942599999999963e+01,6.133793598037377706e+02,-7.311811313585009202e+02,-1.768069267272949219e+00,-1.768069267272949219e+00,2.656760406494140625e+01,1.591462707519531250e+01
2.180000000000000000e+02,6.344690500000000100e+01,1.041942599999999963e+01,6.124000812388933355e+02,-7.294825045674853072e+02,-1.823666453361511230e+00,-1.823666453361511230e+00,2.654131698608398438e+01,1.590477180480957031e+01
2.190000000000000000e+02,6.344690500000000100e+01,1.041942599999999963e+01,6.126967731338969543e+02,-7.284607733021829290e+02,9.720252454280853271e-02,9.720252454280853271e-02,2.674367523193359375e+01,1.501263523101806641e+01
2.200000000000000000e+02,6.344690500000000100e+01,1.041942599999999963e+01,9.855238989921899417e+01,1.006200444312747067e+02,-6.511650234460830688e-02,-6.511650234460830688e-02,2.674649238586425781e+01,1.511152744293212891e+01
2.210000000000000000e+02,6.344690500000000100e+01,1.041942599999999963e+01,1.002470422169112680e+02,1.006386017640228658e+02,-2.911334633827209473e-01,-2.911334633827209473e-01,2.683083724975585938e+01,1.527166366577148438e+01
2.220000000000000000e+02,6.344690500000000100e+01,1.041942599999999963e+01,1.017954454810822540e+02,1.000369870601141287e+02,-7.645996212959289551e-01,-7.645996212959289551e-01,2.682028198242187500e+01,1.528621768951416016e+01
2.230000000000000000e+02,6.344690500000000100e+01,1.041942599999999963e+01,1.033814516458217696e+02,9.924189244466651871e+01,-1.160806536674499512e+00,-1.160806536674499512e+00,2.633716201782226562e+01,1.559016227722167969e+01
2.240000000000000000e+02,6.344690500000000100e+01,1.041942599999999963e+01,1.042322097209063259e+02,9.888112169439528998e+01,-1.256997823715209961e+00,-1.256997823715209961e+00,2.665566635131835938e+01,1.559253406524658203e+01
2.250000000000000000e+02,6.344690500000000100e+01,1.041942599999999963e+01,1.058295488736586663e+02,9.828545051765547669e+01,-1.433637738227844238e+00,-1.433637738227844238e+00,2.689164543151855469e+01,1.562493038177490234e+01
2.260000000000000000e+02,6.344690500000000100e+01,1.041942599999999963e+01,1.076332445530055395e+02,9.762924968113323132e+01,-1.376578927040100098e+00,-1.376578927040100098e+00,2.662809753417968750e+01,1.570475959777832031e+01
2.270000000000000000e+02,6.344690500000000100e+01,1.041942599999999963e+01,1.093536358257602075e+02,9.696198614168037011e+01,-1.566338062286376953e+00,-1.566338062286376953e+00,2.662275886535644531e+01,1.572482872009277344e+01
2.280000000000000000e+02,6.344690500000000100e+01,1.041942599999999963e+01,1.110852299123015428e+02,9.627347397872476620e+01,-1.659207582473754883e+00,-1.659207582473754883e+00,2.663710594177246094e+01,1.577113819122314453e+01
2.290000000000000000e+02,6.344690500000000100e+01,1.041942599999999963e+01,1.128239431762303155e+02,9.559112511076476437e+01,-1.711935997009277344e+00,-1.711935997009277344e+00,2.657152175903320312e+01,1.572473430633544922e+01
2.300000000000000000e+02,6.344690500000000100e+01,1.041942599999999963e+01,1.145681753537605942e+02,9.491736458860779635e+01,-1.771944522857666016e+00,-1.771944522857666016e+00,2.656778144836425781e+01,1.575379467010498047e+01
2.310000000000000000e+02,6.344690500000000100e+01,1.041942599999999963e+01,1.163978453061674543e+02,9.420647097715369966e+01,-1.760707259178161621e+00,-1.760707259178161621e+00,2.642188644409179688e+01,1.579168224334716797e+01
2.320000000000000000e+02,6.344690500000000100e+01,1.041942599999999963e+01,1.173115168003025275e+02,9.384805044014922260e+01,-1.736079096794128418e+00,-1.736079096794128418e+00,2.629427909851074219e+01,1.580097579956054688e+01
2.330000000000000000e+02,6.344690500000000100e+01,1.041942599999999963e+01,1.191422548679523317e+02,9.313151106816478375e+01,-1.753238916397094727e+00,-1.753238916397094727e+00,2.664981651306152344e+01,1.579570198059082031e+01
2.340000000000000000e+02,6.344690500000000100e+01,1.041942599999999963e+01,1.208909197231742354e+02,9.245102610181305636e+01,-1.792502641677856445e+00,-1.792502641677856445e+00,2.634121704101562500e+01,1.584950065612792969e+01
2.350000000000000000e+02,6.344690500000000100e+01,1.041942599999999963e+01,1.226421156312357255e+02,9.177260993488448548e+01,-1.837359189987182617e+00,-1.837359189987182617e+00,2.643370819091796875e+01,1.581390190124511719e+01
2.360000000000000000e+02,6.344690500000000100e+01,1.041942599999999963e+01,1.243880625152916650e+02,9.109024562562527194e+01,-1.830442190170288086e+00,-1.830442190170288086e+00,2.627705574035644531e+01,1.576170158386230469e+01
2.370000000000000000e+02,6.344690500000000100e+01,1.041942599999999963e+01,1.261387453457676457e+02,9.040853003191769233e+01,-1.895903825759887695e+00,-1.895903825759887695e+00,2.677660942077636719e+01,1.578684997558593750e+01
2.380000000000000000e+02,6.344690500000000100e+01,1.041942599999999963e+01,1.279682512661300962e+02,8.969430613292794874e+01,-1.870375990867614746e+00,-1.870375990867614746e+00,2.646788024902343750e+01,1.579098701477050781e+01
2.390000000000000000e+02,6.344690500000000100e+01,1.041942599999999963e+01,1.297170839687209138e+02,8.901652403367572219e+01,-1.804662942886352539e+00,-1.804662942886352539e+00,2.649728584289550781e+01,1.577828598022460938e+01
2.400000000000000000e+02,6.344690500000000100e+01,1.041942599999999963e+01,1.306325388338925393e+02,8.865923303923749188e+01,-1.859505057334899902e+00,-1.859505057334899902e+00,2.644425582885742188e+01,1.580246639251708984e+01
2.410000000000000000e+02,6.344690500000000100e+01,1.041942599999999963e+01,1.323803835303085350e+02,8.797649908028620303e+01,-1.884961366653442383e+00,-1.884961366653442383e+00,2.663777160644531250e+01,1.585904693603515625e+01
2.420000000000000000e+02,6.344690500000000100e+01,1.041942599999999963e+01,1.340438623809991157e+02,8.732715712076954162e+01,-1.895584344863891602e+00,-1.895584344863891602e+00,2.668116760253906250e+01,1.582007026672363281e+01
2.430000000000000000e+02,6.344690500000000100e+01,1.041942599999999963e+01,1.357926569374262726e+02,8.664643594247250746e+01,-1.806340456008911133e+00,-1.806340456008911133e+00,2.653724098205566406e+01,1.582809066772460938e+01
2.440000000000000000e+02,6.344690500000000100e+01,1.041942599999999963e+01,1.376044931794678234e+02,8.590822090217996276e+01,-1.864504337310791016e+00,-1.864504337310791016e+00,2.629479789733886719e+01,1.573310947418212891e+01
2.450000000000000000e+02,6.344690500000000100e+01,1.041942599999999963e+01,1.435511675263338702e+02,9.316712305931156379e+01,-2.282910645008087158e-01,-2.282910645008087158e-01,2.693133926391601562e+01,1.498044586181640625e+01
