0.000000000000000000e+00
0.000000000000000000e+00
0.000000000000000000e+00
0.000000000000000000e+00
0.000000000000000000e+00
0.000000000000000000e+00
0.000000000000000000e+00
0.000000000000000000e+00
0.000000000000000000e+00
0.000000000000000000e+00
0.000000000000000000e+00
0.000000000000000000e+00
0.000000000000000000e+00
0.000000000000000000e+00
0.000000000000000000e+00
0.000000000000000000e+00
0.000000000000000000e+00
0.000000000000000000e+00
0.000000000000000000e+00
0.000000000000000000e+00
0.000000000000000000e+00
0.000000000000000000e+00
0.000000000000000000e+00
0.000000000000000000e+00
0.000000000000000000e+00
0.000000000000000000e+00
0.000000000000000000e+00
0.000000000000000000e+00
0.000000000000000000e+00
0.000000000000000000e+00
0.000000000000000000e+00
0.000000000000000000e+00
0.000000000000000000e+00
0.000000000000000000e+00
0.000000000000000000e+00
0.000000000000000000e+00
0.000000000000000000e+00
0.000000000000000000e+00
0.000000000000000000e+00
0.000000000000000000e+00
0.000000000000000000e+00
0.000000000000000000e+00
0.000000000000000000e+00
0.000000000000000000e+00
0.000000000000000000e+00
0.000000000000000000e+00
0.000000000000000000e+00
0.000000000000000000e+00
0.000000000000000000e+00
0.000000000000000000e+00
0.000000000000000000e+00
3.530805587768554688e+01
3.526124191284179688e+01
3.505305480957031250e+01
3.603560256958007812e+01
3.481430435180664062e+01
3.561882781982421875e+01
3.688264083862304688e+01
3.515209197998046875e+01
3.551813125610351562e+01
3.538281250000000000e+01
3.531823730468750000e+01
3.528085327148437500e+01
3.577054977416992188e+01
3.514638519287109375e+01
3.584341812133789062e+01
3.520671081542968750e+01
3.587181854248046875e+01
3.551364517211914062e+01
3.584673309326171875e+01
3.496478271484375000e+01
3.499532318115234375e+01
3.515213394165039062e+01
3.623631668090820312e+01
3.536008834838867188e+01
3.591472625732421875e+01
3.537642288208007812e+01
3.563275527954101562e+01
3.579221725463867188e+01
3.559666061401367188e+01
3.506604003906250000e+01
3.538657760620117188e+01
3.566204452514648438e+01
3.519002532958984375e+01
3.536537933349609375e+01
3.639487075805664062e+01
3.532472991943359375e+01
3.508798980712890625e+01
3.516637420654296875e+01
3.477594375610351562e+01
3.542220306396484375e+01
3.507743835449218750e+01
3.549938583374023438e+01
3.607601928710937500e+01
3.576228332519531250e+01
3.635092544555664062e+01
3.527479171752929688e+01
3.465998077392578125e+01
3.565377044677734375e+01
3.523576354980468750e+01
3.563334655761718750e+01
3.617457199096679688e+01
3.575060653686523438e+01
3.496633911132812500e+01
3.571804809570312500e+01
3.583587646484375000e+01
3.511634826660156250e+01
3.544552612304687500e+01
3.574987030029296875e+01
3.480924606323242188e+01
3.580413055419921875e+01
3.478876876831054688e+01
3.644994354248046875e+01
3.557156753540039062e+01
3.593761444091796875e+01
3.539101028442382812e+01
3.613782119750976562e+01
3.601014709472656250e+01
3.564593887329101562e+01
3.471912002563476562e+01
3.622142410278320312e+01
3.406235885620117188e+01
3.520846939086914062e+01
3.518145751953125000e+01
3.461112213134765625e+01
3.590510940551757812e+01
3.584012985229492188e+01
3.581659317016601562e+01
3.560087966918945312e+01
3.601249313354492188e+01
3.561665344238281250e+01
3.548781967163085938e+01
3.543243026733398438e+01
3.565806579589843750e+01
3.518283081054687500e+01
3.590164184570312500e+01
3.551441192626953125e+01
3.531252670288085938e+01
3.598949432373046875e+01
3.580696487426757812e+01
3.555162811279296875e+01
3.551342773437500000e+01
3.551882934570312500e+01
3.508100891113281250e+01
3.621557998657226562e+01
3.568878173828125000e+01
3.593354034423828125e+01
3.620989990234375000e+01
3.657970809936523438e+01
3.553776168823242188e+01
3.529519271850585938e+01
3.564014434814453125e+01
3.519928359985351562e+01
3.538463973999023438e+01
3.566378784179687500e+01
3.565333175659179688e+01
3.530408859252929688e+01
3.615357971191406250e+01
3.572945404052734375e+01
3.499455261230468750e+01
3.540574264526367188e+01
3.572294616699218750e+01
3.581547546386718750e+01
3.562610244750976562e+01
3.570967483520507812e+01
3.543449020385742188e+01
3.631160354614257812e+01
3.584873962402343750e+01
3.504458999633789062e+01
3.518722915649414062e+01
3.602524566650390625e+01
3.478883743286132812e+01
3.462287902832031250e+01
3.514901733398437500e+01
3.714302825927734375e+01
3.641564941406250000e+01
3.537332153320312500e+01
3.487572860717773438e+01
3.509029769897460938e+01
3.564052200317382812e+01
3.549743652343750000e+01
3.486413574218750000e+01
3.629750061035156250e+01
3.493337631225585938e+01
3.503027725219726562e+01
3.577164840698242188e+01
3.490525817871093750e+01
3.653645706176757812e+01
3.582973480224609375e+01
3.614330673217773438e+01
3.523335266113281250e+01
3.490871429443359375e+01
3.578820037841796875e+01
3.558396911621093750e+01
3.369458389282226562e+01
3.498155212402343750e+01
3.547970581054687500e+01
3.509622955322265625e+01
3.590943527221679688e+01
3.487439346313476562e+01
3.576765060424804688e+01
3.501969528198242188e+01
3.510755920410156250e+01
3.508065032958984375e+01
3.582400131225585938e+01
3.558812713623046875e+01
3.489497756958007812e+01
3.438770294189453125e+01
3.635728073120117188e+01
3.579282760620117188e+01
3.559350585937500000e+01
3.591081619262695312e+01
3.475925827026367188e+01
3.601271057128906250e+01
3.564600753784179688e+01
3.646530151367187500e+01
3.511945724487304688e+01
3.580307769775390625e+01
3.499993896484375000e+01
3.608385848999023438e+01
3.575438690185546875e+01
3.590000152587890625e+01
3.551059341430664062e+01
3.551472473144531250e+01
3.502422714233398438e+01
3.561806869506835938e+01
3.525553894042968750e+01
3.549107742309570312e+01
3.581949615478515625e+01
3.547951889038085938e+01
3.576969909667968750e+01
3.527337265014648438e+01
3.622047424316406250e+01
3.573718261718750000e+01
3.568243408203125000e+01
3.638812637329101562e+01
3.460549926757812500e+01
3.534161376953125000e+01
3.672974395751953125e+01
3.463497543334960938e+01
3.570226669311523438e+01
3.456880187988281250e+01
3.542988967895507812e+01
3.558716201782226562e+01
3.530286788940429688e+01
3.538866043090820312e+01
3.465435409545898438e+01
3.569706726074218750e+01
3.571551513671875000e+01
3.595170974731445312e+01
3.556486892700195312e+01
3.535932540893554688e+01
3.569938278198242188e+01
3.583012390136718750e+01
3.602129745483398438e+01
3.598297500610351562e+01
3.501115798950195312e+01
3.569457626342773438e+01
3.517766189575195312e+01
3.552932357788085938e+01
3.501284790039062500e+01
3.546931838989257812e+01
3.496471786499023438e+01
3.497204589843750000e+01
3.502946853637695312e+01
3.518621063232421875e+01
3.537113571166992188e+01
3.518907546997070312e+01
3.531331634521484375e+01
3.461804962158203125e+01
3.465509796142578125e+01
3.602642440795898438e+01
3.479791641235351562e+01
3.541337203979492188e+01
3.533924865722656250e+01
3.595191955566406250e+01
3.556739425659179688e+01
3.580254364013671875e+01
3.518572998046875000e+01
3.578792953491210938e+01
3.485861206054687500e+01
3.613078689575195312e+01
3.509780502319335938e+01
3.593830490112304688e+01
3.471955108642578125e+01
3.596978759765625000e+01
3.572994613647460938e+01
3.581055450439453125e+01
3.536636352539062500e+01
3.594672012329101562e+01
3.472637557983398438e+01
3.606869506835937500e+01
3.621670532226562500e+01
3.669778823852539062e+01
3.554158401489257812e+01
3.610472488403320312e+01
3.492129898071289062e+01
3.495961761474609375e+01
3.584981918334960938e+01
3.461749267578125000e+01
3.588444900512695312e+01
3.514965820312500000e+01
3.562709426879882812e+01
3.481621932983398438e+01
3.691858291625976562e+01
3.475103759765625000e+01
3.514251327514648438e+01
3.570729827880859375e+01
3.601133728027343750e+01
3.543368911743164062e+01
3.593641662597656250e+01
3.509553527832031250e+01
3.524815368652343750e+01
3.636120986938476562e+01
3.598993682861328125e+01
3.564785385131835938e+01
3.489389038085937500e+01
3.566318511962890625e+01
3.598968124389648438e+01
3.544614791870117188e+01
3.587782287597656250e+01
3.545176315307617188e+01
3.559985351562500000e+01
3.519452667236328125e+01
3.465892410278320312e+01
3.516233062744140625e+01
3.592695999145507812e+01
3.530862045288085938e+01
3.522589492797851562e+01
3.569676589965820312e+01
3.520115280151367188e+01
3.548990249633789062e+01
3.573394012451171875e+01
3.539359283447265625e+01
3.603833007812500000e+01
3.598796463012695312e+01
3.562696075439453125e+01
3.532093811035156250e+01
3.486305618286132812e+01
3.562791442871093750e+01
3.536495208740234375e+01
3.591549301147460938e+01
3.435071945190429688e+01
3.587647628784179688e+01
3.574077224731445312e+01
3.576475143432617188e+01
3.553575515747070312e+01
3.607828521728515625e+01
3.572117996215820312e+01
3.645199584960937500e+01
3.559188461303710938e+01
3.511875915527343750e+01
3.615633773803710938e+01
3.561433410644531250e+01
3.612570953369140625e+01
3.531989288330078125e+01
3.612078094482421875e+01
3.642558670043945312e+01
3.615062332153320312e+01
3.585102462768554688e+01
3.570042800903320312e+01
3.472860336303710938e+01
3.486972427368164062e+01
3.615310287475585938e+01
3.512485504150390625e+01
3.488245773315429688e+01
3.585054016113281250e+01
3.567355728149414062e+01
3.536504745483398438e+01
3.528821182250976562e+01
3.610141372680664062e+01
3.594811248779296875e+01
3.532403182983398438e+01
3.506339645385742188e+01
3.555170059204101562e+01
3.566266632080078125e+01
3.636459732055664062e+01
3.485217666625976562e+01
3.559675979614257812e+01
3.571359252929687500e+01
3.592928695678710938e+01
3.650472259521484375e+01
3.543594360351562500e+01
3.540826416015625000e+01
3.547330093383789062e+01
3.588191604614257812e+01
3.652339553833007812e+01
3.583259963989257812e+01
3.531588363647460938e+01
3.636932373046875000e+01
3.536893081665039062e+01
3.548778152465820312e+01
3.594834518432617188e+01
3.516124343872070312e+01
3.487915802001953125e+01
3.539270019531250000e+01
3.479016494750976562e+01
3.488829421997070312e+01
3.600342559814453125e+01
3.500498199462890625e+01
3.483632278442382812e+01
3.585221862792968750e+01
3.616637039184570312e+01
3.514505004882812500e+01
3.531977462768554688e+01
3.582974243164062500e+01
3.624597930908203125e+01
3.498193740844726562e+01
3.463577651977539062e+01
3.525818252563476562e+01
3.549428176879882812e+01
3.586059570312500000e+01
3.545059967041015625e+01
3.534172058105468750e+01
3.479482269287109375e+01
3.539001464843750000e+01
3.546585083007812500e+01
3.533345413208007812e+01
3.559544754028320312e+01
3.495639038085937500e+01
3.550241851806640625e+01
3.603537750244140625e+01
3.589888381958007812e+01
3.591572952270507812e+01
3.514748764038085938e+01
3.579160308837890625e+01
3.596627426147460938e+01
3.562219619750976562e+01
3.551288986206054688e+01
3.491331481933593750e+01
3.576968765258789062e+01
3.595454788208007812e+01
3.506215667724609375e+01
3.577447128295898438e+01
3.574836349487304688e+01
3.518455123901367188e+01
3.516594314575195312e+01
3.612659835815429688e+01
3.549034500122070312e+01
3.662297439575195312e+01
3.495598602294921875e+01
3.519639587402343750e+01
3.580196380615234375e+01
3.581632614135742188e+01
3.610943603515625000e+01
3.563623046875000000e+01
3.579045104980468750e+01
3.562534713745117188e+01
3.509262084960937500e+01
3.494409942626953125e+01
3.637492752075195312e+01
3.563867568969726562e+01
3.542762374877929688e+01
3.467630004882812500e+01
3.437170791625976562e+01
3.412817764282226562e+01
3.499409103393554688e+01
3.533840942382812500e+01
3.526531982421875000e+01
3.605023956298828125e+01
3.635316085815429688e+01
3.591200637817382812e+01
3.537779998779296875e+01
3.534098434448242188e+01
3.580362319946289062e+01
3.530918502807617188e+01
3.586181259155273438e+01
3.532635879516601562e+01
3.495817947387695312e+01
3.589784240722656250e+01
3.661199569702148438e+01
3.594499588012695312e+01
3.553993606567382812e+01
3.556354141235351562e+01
3.573214721679687500e+01
3.528323745727539062e+01
3.570758819580078125e+01
3.582790374755859375e+01
3.585764694213867188e+01
3.587495040893554688e+01
3.559481430053710938e+01
3.585940551757812500e+01
3.602657699584960938e+01
3.601090240478515625e+01
3.583920288085937500e+01
3.574645233154296875e+01
3.513258743286132812e+01
3.578062820434570312e+01
3.593141555786132812e+01
3.548053359985351562e+01
3.595697021484375000e+01
3.409832382202148438e+01
3.545450210571289062e+01
3.507638549804687500e+01
3.551671981811523438e+01
3.526372146606445312e+01
3.550126266479492188e+01
3.519167709350585938e+01
3.538140869140625000e+01
3.497151565551757812e+01
3.482495880126953125e+01
3.515571212768554688e+01
3.600382232666015625e+01
3.523134613037109375e+01
3.496568679809570312e+01
3.538412094116210938e+01
3.654587554931640625e+01
3.560329818725585938e+01
3.482126617431640625e+01
3.618434524536132812e+01
3.570129013061523438e+01
3.603626251220703125e+01
3.534812545776367188e+01
3.553599929809570312e+01
3.554631423950195312e+01
3.570371246337890625e+01
3.545228576660156250e+01
3.498870468139648438e+01
3.479595184326171875e+01
3.535613250732421875e+01
3.612552261352539062e+01
3.534994125366210938e+01
3.539430999755859375e+01
3.627211761474609375e+01
3.534345626831054688e+01
3.596003723144531250e+01
3.588008117675781250e+01
3.589275741577148438e+01
3.549709320068359375e+01
3.564913558959960938e+01
3.501015090942382812e+01
3.567912292480468750e+01
3.453617477416992188e+01
3.523132324218750000e+01
3.528082275390625000e+01
3.542231369018554688e+01
3.548891830444335938e+01
3.459867477416992188e+01
3.498619461059570312e+01
3.513437652587890625e+01
3.630764389038085938e+01
3.509635543823242188e+01
3.567391586303710938e+01
3.516450119018554688e+01
3.463940048217773438e+01
3.530027008056640625e+01
3.585527420043945312e+01
3.563171005249023438e+01
3.524821090698242188e+01
3.523433303833007812e+01
3.508787536621093750e+01
3.580116653442382812e+01
3.579024887084960938e+01
3.545975112915039062e+01
3.556177520751953125e+01
3.566260528564453125e+01
3.482462692260742188e+01
3.580942916870117188e+01
3.519250488281250000e+01
3.561219787597656250e+01
3.483660888671875000e+01
3.582117843627929688e+01
3.516358184814453125e+01
3.571861648559570312e+01
3.496171951293945312e+01
3.585765838623046875e+01
3.516969680786132812e+01
3.564991760253906250e+01
3.465194702148437500e+01
3.518989181518554688e+01
3.528509521484375000e+01
3.481106567382812500e+01
3.518880462646484375e+01
3.517061233520507812e+01
3.510826110839843750e+01
3.515446472167968750e+01
3.565094757080078125e+01
3.649444198608398438e+01
3.574762725830078125e+01
3.473200225830078125e+01
3.549860763549804688e+01
3.558914566040039062e+01
3.471430969238281250e+01
3.552382659912109375e+01
3.540091705322265625e+01
3.530598449707031250e+01
3.601319122314453125e+01
3.599571990966796875e+01
3.509542465209960938e+01
3.571174621582031250e+01
3.662954330444335938e+01
3.511992645263671875e+01
3.556552505493164062e+01
3.540460205078125000e+01
3.526595306396484375e+01
3.537213897705078125e+01
3.558814620971679688e+01
3.505722808837890625e+01
3.556202697753906250e+01
3.488565826416015625e+01
3.565312576293945312e+01
3.503232955932617188e+01
3.548602294921875000e+01
3.559781265258789062e+01
3.536033248901367188e+01
3.557278823852539062e+01
3.582255172729492188e+01
3.533689880371093750e+01
3.562626266479492188e+01
3.533552932739257812e+01
3.623811721801757812e+01
3.497003555297851562e+01
3.508185577392578125e+01
3.524042892456054688e+01
3.581764984130859375e+01
3.495991516113281250e+01
3.619514083862304688e+01
3.497895812988281250e+01
3.537952423095703125e+01
3.606726074218750000e+01
3.565715026855468750e+01
3.667447280883789062e+01
3.446707534790039062e+01
3.557258224487304688e+01
3.566719818115234375e+01
3.608979797363281250e+01
3.557331085205078125e+01
3.511817932128906250e+01
3.507144546508789062e+01
3.592573165893554688e+01
3.539642715454101562e+01
3.471996307373046875e+01
3.592812347412109375e+01
3.534530258178710938e+01
3.581797790527343750e+01
3.601711273193359375e+01
3.544678878784179688e+01
3.614453887939453125e+01
3.519020843505859375e+01
3.532121658325195312e+01
3.508925247192382812e+01
3.552790832519531250e+01
3.597940063476562500e+01
3.599212265014648438e+01
3.477473449707031250e+01
3.556250381469726562e+01
3.586615753173828125e+01
3.539556121826171875e+01
3.537326431274414062e+01
3.501264190673828125e+01
3.484634780883789062e+01
3.584218215942382812e+01
3.504133605957031250e+01
3.498469924926757812e+01
3.490087890625000000e+01
3.508173751831054688e+01
3.481799316406250000e+01
3.535482406616210938e+01
3.484008026123046875e+01
3.515477752685546875e+01
3.555672836303710938e+01
3.468906021118164062e+01
3.628036117553710938e+01
3.558144378662109375e+01
3.555541610717773438e+01
3.594482040405273438e+01
3.574666595458984375e+01
3.572411346435546875e+01
3.476410675048828125e+01
3.570366668701171875e+01
3.580226135253906250e+01
3.518748474121093750e+01
3.594981384277343750e+01
3.568196105957031250e+01
3.517596435546875000e+01
3.536157989501953125e+01
3.509195709228515625e+01
3.429985427856445312e+01
3.633953857421875000e+01
3.621192932128906250e+01
3.588537597656250000e+01
3.556890869140625000e+01
3.532261657714843750e+01
3.618896865844726562e+01
3.537484359741210938e+01
3.550812911987304688e+01
3.507273864746093750e+01
3.540061950683593750e+01
3.558503723144531250e+01
3.533399200439453125e+01
3.520695495605468750e+01
3.549760818481445312e+01
3.587227249145507812e+01
3.490275955200195312e+01
3.549866485595703125e+01
3.527868270874023438e+01
3.599739074707031250e+01
3.582696533203125000e+01
3.484149169921875000e+01
3.618238067626953125e+01
3.556534576416015625e+01
3.599110412597656250e+01
3.538513565063476562e+01
3.578987884521484375e+01
3.520247268676757812e+01
3.499031066894531250e+01
3.510368347167968750e+01
3.532094573974609375e+01
3.558478927612304688e+01
3.634415435791015625e+01
3.604294967651367188e+01
3.543666076660156250e+01
3.521424102783203125e+01
3.508987426757812500e+01
3.492582702636718750e+01
3.471590423583984375e+01
3.511616897583007812e+01
3.503704833984375000e+01
3.534097671508789062e+01
3.552802276611328125e+01
3.616098785400390625e+01
3.604112625122070312e+01
3.530211639404296875e+01
3.639751052856445312e+01
3.561453628540039062e+01
3.615299224853515625e+01
3.511247253417968750e+01
3.448588943481445312e+01
3.550975418090820312e+01
3.570214080810546875e+01
3.588729095458984375e+01
3.607227706909179688e+01
3.467171859741210938e+01
3.576747131347656250e+01
3.652525711059570312e+01
3.659882736206054688e+01
3.575315093994140625e+01
3.545625305175781250e+01
3.505989074707031250e+01
3.536804199218750000e+01
3.568642807006835938e+01
3.599288558959960938e+01
3.556994247436523438e+01
3.508697128295898438e+01
3.604788589477539062e+01
3.605369949340820312e+01
3.520006179809570312e+01
3.599081039428710938e+01
-1.609912395477294922e+00
-1.459291815757751465e+00
-1.027897953987121582e+00
-3.519987463951110840e-01
-1.893334746360778809e+00
-2.230010747909545898e+00
-3.324027955532073975e-01
-9.215805530548095703e-01
-1.743032217025756836e+00
-7.290412187576293945e-01
-1.039924263954162598e+00
-1.115282773971557617e+00
-1.118158340454101562e+00
-9.549468755722045898e-01
-2.615902125835418701e-01
-1.523682117462158203e+00
-7.138698101043701172e-01
-1.476196765899658203e+00
-1.503253817558288574e+00
-7.380405068397521973e-01
-8.122532367706298828e-01
-3.957409560680389404e-01
-7.645468115806579590e-01
-1.415176868438720703e+00
3.538263320922851562e+01
3.571134948730468750e+01
3.641070175170898438e+01
3.539231872558593750e+01
3.457205581665039062e+01
3.602516555786132812e+01
3.481904602050781250e+01
3.594258117675781250e+01
3.674140167236328125e+01
3.501137924194335938e+01
3.516831207275390625e+01
3.578812408447265625e+01
3.533870315551757812e+01
3.446768569946289062e+01
3.513807296752929688e+01
3.557541656494140625e+01
3.575385665893554688e+01
3.577034759521484375e+01
3.505484008789062500e+01
3.497752761840820312e+01
3.485474395751953125e+01
3.553316497802734375e+01
3.545228958129882812e+01
3.568879699707031250e+01
3.547620391845703125e+01
3.451025009155273438e+01
3.544363403320312500e+01
3.444709777832031250e+01
3.496462249755859375e+01
3.501373291015625000e+01
3.562200164794921875e+01
3.522944641113281250e+01
3.524510955810546875e+01
3.553511428833007812e+01
3.604085922241210938e+01
3.589859771728515625e+01
3.556409454345703125e+01
3.600859832763671875e+01
3.537201690673828125e+01
3.619900131225585938e+01
3.628482437133789062e+01
3.628482437133789062e+01
3.628482437133789062e+01
3.628482437133789062e+01
3.628482437133789062e+01
3.628482437133789062e+01
3.628482437133789062e+01
3.628482437133789062e+01
3.628482437133789062e+01
3.628482437133789062e+01
3.628482437133789062e+01
3.628482437133789062e+01
3.628482437133789062e+01
3.628482437133789062e+01
3.628482437133789062e+01
3.628482437133789062e+01
3.628482437133789062e+01
3.628482437133789062e+01
3.628482437133789062e+01
3.628482437133789062e+01
3.628482437133789062e+01
3.628482437133789062e+01
3.628482437133789062e+01
3.628482437133789062e+01
3.628482437133789062e+01
3.628482437133789062e+01
3.628482437133789062e+01
3.628482437133789062e+01
3.628482437133789062e+01
3.628482437133789062e+01
3.628482437133789062e+01
3.628482437133789062e+01
3.628482437133789062e+01
3.628482437133789062e+01
3.628482437133789062e+01
3.628482437133789062e+01
3.628482437133789062e+01
3.628482437133789062e+01
3.628482437133789062e+01
3.628482437133789062e+01
3.628482437133789062e+01
3.628482437133789062e+01
3.628482437133789062e+01
3.628482437133789062e+01
3.628482437133789062e+01
3.628482437133789062e+01
3.628482437133789062e+01
3.628482437133789062e+01
3.628482437133789062e+01
3.628482437133789062e+01
3.628482437133789062e+01
3.628482437133789062e+01
3.628482437133789062e+01
3.628482437133789062e+01
3.628482437133789062e+01
3.628482437133789062e+01
3.628482437133789062e+01
3.628482437133789062e+01
3.628482437133789062e+01
3.628482437133789062e+01
3.628482437133789062e+01
3.628482437133789062e+01
3.628482437133789062e+01
3.628482437133789062e+01
3.628482437133789062e+01
3.628482437133789062e+01
3.628482437133789062e+01
3.628482437133789062e+01
3.628482437133789062e+01
3.628482437133789062e+01
3.628482437133789062e+01
3.628482437133789062e+01
3.628482437133789062e+01
3.628482437133789062e+01
3.628482437133789062e+01
3.628482437133789062e+01
3.628482437133789062e+01
3.628482437133789062e+01
3.628482437133789062e+01
3.628482437133789062e+01
3.628482437133789062e+01
3.628482437133789062e+01
3.628482437133789062e+01
3.628482437133789062e+01
3.628482437133789062e+01
3.628482437133789062e+01
3.628482437133789062e+01
3.628482437133789062e+01
3.628482437133789062e+01
3.628482437133789062e+01
3.628482437133789062e+01
3.628482437133789062e+01
3.628482437133789062e+01
3.628482437133789062e+01
3.628482437133789062e+01
3.628482437133789062e+01
3.628482437133789062e+01
3.628482437133789062e+01
3.628482437133789062e+01
3.628482437133789062e+01
3.628482437133789062e+01
3.628482437133789062e+01
3.628482437133789062e+01
3.628482437133789062e+01
3.628482437133789062e+01
3.628482437133789062e+01
3.628482437133789062e+01
3.628482437133789062e+01
3.628482437133789062e+01
3.628482437133789062e+01
3.628482437133789062e+01
3.628482437133789062e+01
3.628482437133789062e+01
3.628482437133789062e+01
3.628482437133789062e+01
3.628482437133789062e+01
3.628482437133789062e+01
3.628482437133789062e+01
3.628482437133789062e+01
3.628482437133789062e+01
3.628482437133789062e+01
3.628482437133789062e+01
3.628482437133789062e+01
3.628482437133789062e+01
3.628482437133789062e+01
3.628482437133789062e+01
3.628482437133789062e+01
3.628482437133789062e+01
3.628482437133789062e+01
3.628482437133789062e+01
3.628482437133789062e+01
3.628482437133789062e+01
3.628482437133789062e+01
3.628482437133789062e+01
3.628482437133789062e+01
3.628482437133789062e+01
3.628482437133789062e+01
3.628482437133789062e+01
3.628482437133789062e+01
3.628482437133789062e+01
3.628482437133789062e+01
3.628482437133789062e+01
3.628482437133789062e+01
3.628482437133789062e+01
3.628482437133789062e+01
3.628482437133789062e+01
3.628482437133789062e+01
3.628482437133789062e+01
3.628482437133789062e+01
3.628482437133789062e+01
3.628482437133789062e+01
3.628482437133789062e+01
3.628482437133789062e+01
3.628482437133789062e+01
3.628482437133789062e+01
3.628482437133789062e+01
3.628482437133789062e+01
3.628482437133789062e+01
3.628482437133789062e+01
3.628482437133789062e+01
3.628482437133789062e+01
3.628482437133789062e+01
3.628482437133789062e+01
3.628482437133789062e+01
3.628482437133789062e+01
3.628482437133789062e+01
3.628482437133789062e+01
3.628482437133789062e+01
3.628482437133789062e+01
3.628482437133789062e+01
3.628482437133789062e+01
3.628482437133789062e+01
3.628482437133789062e+01
3.628482437133789062e+01
3.628482437133789062e+01
3.628482437133789062e+01
3.628482437133789062e+01
3.628482437133789062e+01
3.628482437133789062e+01
3.628482437133789062e+01
3.628482437133789062e+01
3.628482437133789062e+01
3.628482437133789062e+01
3.628482437133789062e+01
3.628482437133789062e+01
3.628482437133789062e+01
3.628482437133789062e+01
3.628482437133789062e+01
3.628482437133789062e+01
3.628482437133789062e+01
3.628482437133789062e+01
3.628482437133789062e+01
3.628482437133789062e+01
3.628482437133789062e+01
3.628482437133789062e+01
3.628482437133789062e+01
3.628482437133789062e+01
3.628482437133789062e+01
3.628482437133789062e+01
3.628482437133789062e+01
3.628482437133789062e+01
3.628482437133789062e+01
3.628482437133789062e+01
3.628482437133789062e+01
3.628482437133789062e+01
3.628482437133789062e+01
3.628482437133789062e+01
3.628482437133789062e+01
3.628482437133789062e+01
3.628482437133789062e+01
3.628482437133789062e+01
3.628482437133789062e+01
3.628482437133789062e+01
3.628482437133789062e+01
3.628482437133789062e+01
3.628482437133789062e+01
3.628482437133789062e+01
3.628482437133789062e+01
3.628482437133789062e+01
3.628482437133789062e+01
3.628482437133789062e+01
3.628482437133789062e+01
3.628482437133789062e+01
3.628482437133789062e+01
3.628482437133789062e+01
3.628482437133789062e+01
3.628482437133789062e+01
3.628482437133789062e+01
3.628482437133789062e+01
3.628482437133789062e+01
3.628482437133789062e+01
3.628482437133789062e+01
3.628482437133789062e+01
3.628482437133789062e+01
3.628482437133789062e+01
3.628482437133789062e+01
3.628482437133789062e+01
3.628482437133789062e+01
3.628482437133789062e+01
3.628482437133789062e+01
3.628482437133789062e+01
3.628482437133789062e+01
3.628482437133789062e+01
3.628482437133789062e+01
3.628482437133789062e+01
3.628482437133789062e+01
3.628482437133789062e+01
3.628482437133789062e+01
3.628482437133789062e+01
3.628482437133789062e+01
3.628482437133789062e+01
3.628482437133789062e+01
3.628482437133789062e+01
3.628482437133789062e+01
3.628482437133789062e+01
3.628482437133789062e+01
3.628482437133789062e+01
3.628482437133789062e+01
3.628482437133789062e+01
3.628482437133789062e+01
3.628482437133789062e+01
3.628482437133789062e+01
3.628482437133789062e+01
3.628482437133789062e+01
3.628482437133789062e+01
3.628482437133789062e+01
3.628482437133789062e+01
3.628482437133789062e+01
3.628482437133789062e+01
3.628482437133789062e+01
3.628482437133789062e+01
3.628482437133789062e+01
3.628482437133789062e+01
3.628482437133789062e+01
3.628482437133789062e+01
3.628482437133789062e+01
3.628482437133789062e+01
3.628482437133789062e+01
3.628482437133789062e+01
3.628482437133789062e+01
3.628482437133789062e+01
3.628482437133789062e+01
3.628482437133789062e+01
3.628482437133789062e+01
3.628482437133789062e+01
3.628482437133789062e+01
3.628482437133789062e+01
3.628482437133789062e+01
3.628482437133789062e+01
3.628482437133789062e+01
3.628482437133789062e+01
3.628482437133789062e+01
3.628482437133789062e+01
3.628482437133789062e+01
3.628482437133789062e+01
3.628482437133789062e+01
3.628482437133789062e+01
3.628482437133789062e+01
3.628482437133789062e+01
3.628482437133789062e+01
3.628482437133789062e+01
3.628482437133789062e+01
3.628482437133789062e+01
3.628482437133789062e+01
3.628482437133789062e+01
3.628482437133789062e+01
3.628482437133789062e+01
3.628482437133789062e+01
3.628482437133789062e+01
3.628482437133789062e+01
3.628482437133789062e+01
3.628482437133789062e+01
3.628482437133789062e+01
3.628482437133789062e+01
3.628482437133789062e+01
3.628482437133789062e+01
3.628482437133789062e+01
3.628482437133789062e+01
3.628482437133789062e+01
3.628482437133789062e+01
3.628482437133789062e+01
3.628482437133789062e+01
3.628482437133789062e+01
3.628482437133789062e+01
3.628482437133789062e+01
3.628482437133789062e+01
3.628482437133789062e+01
3.628482437133789062e+01
3.628482437133789062e+01
3.628482437133789062e+01
3.628482437133789062e+01
3.628482437133789062e+01
3.628482437133789062e+01
3.628482437133789062e+01
3.628482437133789062e+01
3.628482437133789062e+01
3.628482437133789062e+01
3.628482437133789062e+01
3.628482437133789062e+01
3.628482437133789062e+01
3.628482437133789062e+01
3.628482437133789062e+01
3.628482437133789062e+01
3.628482437133789062e+01
3.628482437133789062e+01
3.628482437133789062e+01
3.628482437133789062e+01
3.628482437133789062e+01
3.628482437133789062e+01
3.628482437133789062e+01
3.628482437133789062e+01
3.628482437133789062e+01
3.628482437133789062e+01
3.628482437133789062e+01
3.628482437133789062e+01
3.628482437133789062e+01
3.628482437133789062e+01
3.628482437133789062e+01
3.628482437133789062e+01
3.628482437133789062e+01
3.628482437133789062e+01
3.628482437133789062e+01
3.628482437133789062e+01
3.628482437133789062e+01
3.628482437133789062e+01
3.628482437133789062e+01
3.628482437133789062e+01
3.628482437133789062e+01
3.628482437133789062e+01
3.628482437133789062e+01
3.628482437133789062e+01
3.628482437133789062e+01
3.628482437133789062e+01
3.628482437133789062e+01
3.628482437133789062e+01
3.628482437133789062e+01
3.628482437133789062e+01
3.628482437133789062e+01
3.628482437133789062e+01
3.628482437133789062e+01
3.628482437133789062e+01
3.628482437133789062e+01
3.628482437133789062e+01
3.628482437133789062e+01
3.628482437133789062e+01
3.628482437133789062e+01
3.628482437133789062e+01
3.628482437133789062e+01
3.628482437133789062e+01
3.628482437133789062e+01
3.628482437133789062e+01
3.628482437133789062e+01
3.628482437133789062e+01
3.628482437133789062e+01
3.628482437133789062e+01
3.628482437133789062e+01
3.628482437133789062e+01
3.628482437133789062e+01
3.628482437133789062e+01
3.628482437133789062e+01
3.628482437133789062e+01
3.628482437133789062e+01
3.628482437133789062e+01
3.628482437133789062e+01
3.628482437133789062e+01
3.628482437133789062e+01
3.628482437133789062e+01
3.628482437133789062e+01
3.628482437133789062e+01
3.628482437133789062e+01
3.628482437133789062e+01
3.628482437133789062e+01
3.628482437133789062e+01
3.628482437133789062e+01
3.628482437133789062e+01
3.628482437133789062e+01
3.628482437133789062e+01
3.628482437133789062e+01
3.628482437133789062e+01
3.628482437133789062e+01
3.628482437133789062e+01
3.628482437133789062e+01
3.628482437133789062e+01
3.628482437133789062e+01
3.628482437133789062e+01
3.628482437133789062e+01
3.628482437133789062e+01
3.628482437133789062e+01
3.628482437133789062e+01
3.628482437133789062e+01
3.628482437133789062e+01
3.628482437133789062e+01
3.628482437133789062e+01
3.628482437133789062e+01
3.628482437133789062e+01
3.628482437133789062e+01
3.628482437133789062e+01
3.628482437133789062e+01
3.628482437133789062e+01
3.628482437133789062e+01
3.628482437133789062e+01
3.628482437133789062e+01
3.628482437133789062e+01
3.628482437133789062e+01
3.628482437133789062e+01
3.628482437133789062e+01
3.628482437133789062e+01
3.628482437133789062e+01
3.628482437133789062e+01
3.628482437133789062e+01
3.628482437133789062e+01
3.628482437133789062e+01
3.628482437133789062e+01
3.628482437133789062e+01
3.628482437133789062e+01
3.628482437133789062e+01
3.628482437133789062e+01
3.628482437133789062e+01
3.628482437133789062e+01
3.628482437133789062e+01
3.628482437133789062e+01
3.628482437133789062e+01
3.628482437133789062e+01
3.628482437133789062e+01
3.628482437133789062e+01
3.628482437133789062e+01
3.628482437133789062e+01
3.628482437133789062e+01
3.628482437133789062e+01
3.628482437133789062e+01
3.628482437133789062e+01
3.628482437133789062e+01
3.628482437133789062e+01
3.628482437133789062e+01
3.628482437133789062e+01
3.628482437133789062e+01
3.628482437133789062e+01
3.628482437133789062e+01
3.628482437133789062e+01
3.628482437133789062e+01
3.628482437133789062e+01
3.628482437133789062e+01
3.628482437133789062e+01
3.628482437133789062e+01
3.628482437133789062e+01
3.628482437133789062e+01
3.628482437133789062e+01
3.628482437133789062e+01
3.628482437133789062e+01
3.628482437133789062e+01
3.628482437133789062e+01
3.628482437133789062e+01
3.628482437133789062e+01
3.628482437133789062e+01
3.628482437133789062e+01
3.628482437133789062e+01
3.628482437133789062e+01
3.628482437133789062e+01
3.628482437133789062e+01
3.628482437133789062e+01
3.628482437133789062e+01
3.628482437133789062e+01
3.628482437133789062e+01
3.628482437133789062e+01
3.628482437133789062e+01
3.628482437133789062e+01
3.628482437133789062e+01
3.628482437133789062e+01
3.628482437133789062e+01
3.628482437133789062e+01
3.628482437133789062e+01
3.628482437133789062e+01
3.628482437133789062e+01
3.628482437133789062e+01
3.628482437133789062e+01
3.628482437133789062e+01
3.628482437133789062e+01
3.628482437133789062e+01
3.628482437133789062e+01
3.628482437133789062e+01
3.628482437133789062e+01
3.628482437133789062e+01
3.628482437133789062e+01
3.628482437133789062e+01
3.628482437133789062e+01
3.628482437133789062e+01
3.628482437133789062e+01
3.628482437133789062e+01
3.628482437133789062e+01
3.628482437133789062e+01
3.628482437133789062e+01
3.628482437133789062e+01
3.628482437133789062e+01
3.628482437133789062e+01
3.628482437133789062e+01
3.628482437133789062e+01
3.628482437133789062e+01
3.628482437133789062e+01
3.628482437133789062e+01
3.628482437133789062e+01
3.628482437133789062e+01
3.628482437133789062e+01
3.628482437133789062e+01
3.628482437133789062e+01
3.628482437133789062e+01
3.628482437133789062e+01
3.628482437133789062e+01
3.628482437133789062e+01
3.628482437133789062e+01
3.628482437133789062e+01
3.628482437133789062e+01
3.628482437133789062e+01
3.628482437133789062e+01
3.628482437133789062e+01
3.628482437133789062e+01
3.628482437133789062e+01
3.628482437133789062e+01
3.628482437133789062e+01
3.628482437133789062e+01
3.628482437133789062e+01
3.628482437133789062e+01
3.628482437133789062e+01
3.628482437133789062e+01
3.628482437133789062e+01
3.628482437133789062e+01
3.628482437133789062e+01
3.628482437133789062e+01
3.628482437133789062e+01
3.628482437133789062e+01
3.628482437133789062e+01
3.628482437133789062e+01
3.628482437133789062e+01
3.628482437133789062e+01
3.628482437133789062e+01
3.628482437133789062e+01
3.628482437133789062e+01
3.628482437133789062e+01
3.628482437133789062e+01
3.628482437133789062e+01
3.628482437133789062e+01
3.628482437133789062e+01
3.628482437133789062e+01
3.628482437133789062e+01
3.628482437133789062e+01
3.628482437133789062e+01
3.628482437133789062e+01
3.628482437133789062e+01
3.628482437133789062e+01
3.628482437133789062e+01
3.628482437133789062e+01
3.628482437133789062e+01
3.628482437133789062e+01
3.628482437133789062e+01
3.628482437133789062e+01
3.628482437133789062e+01
3.628482437133789062e+01
3.628482437133789062e+01
3.628482437133789062e+01
3.628482437133789062e+01
3.628482437133789062e+01
3.628482437133789062e+01
3.628482437133789062e+01
3.628482437133789062e+01
3.628482437133789062e+01
3.628482437133789062e+01
3.628482437133789062e+01
3.628482437133789062e+01
3.628482437133789062e+01
3.628482437133789062e+01
3.628482437133789062e+01
3.628482437133789062e+01
3.628482437133789062e+01
3.628482437133789062e+01
3.628482437133789062e+01
3.628482437133789062e+01
3.628482437133789062e+01
3.628482437133789062e+01
3.628482437133789062e+01
3.628482437133789062e+01
3.628482437133789062e+01
3.628482437133789062e+01
3.628482437133789062e+01
3.628482437133789062e+01
3.628482437133789062e+01
3.628482437133789062e+01
3.628482437133789062e+01
3.628482437133789062e+01
3.628482437133789062e+01
3.628482437133789062e+01
3.628482437133789062e+01
3.628482437133789062e+01
3.628482437133789062e+01
3.628482437133789062e+01
3.628482437133789062e+01
3.628482437133789062e+01
3.628482437133789062e+01
3.628482437133789062e+01
3.628482437133789062e+01
3.628482437133789062e+01
3.628482437133789062e+01
3.628482437133789062e+01
3.628482437133789062e+01
3.628482437133789062e+01
3.628482437133789062e+01
3.628482437133789062e+01
3.628482437133789062e+01
3.628482437133789062e+01
3.628482437133789062e+01
3.628482437133789062e+01
3.628482437133789062e+01
3.628482437133789062e+01
3.628482437133789062e+01
3.628482437133789062e+01
3.628482437133789062e+01
3.628482437133789062e+01
3.628482437133789062e+01
3.628482437133789062e+01
3.628482437133789062e+01
3.628482437133789062e+01
3.628482437133789062e+01
3.628482437133789062e+01
3.628482437133789062e+01
3.628482437133789062e+01
3.628482437133789062e+01
3.628482437133789062e+01
3.628482437133789062e+01
3.628482437133789062e+01
3.628482437133789062e+01
3.628482437133789062e+01
3.628482437133789062e+01
3.628482437133789062e+01
3.628482437133789062e+01
3.628482437133789062e+01
3.628482437133789062e+01
3.628482437133789062e+01
3.628482437133789062e+01
3.628482437133789062e+01
3.628482437133789062e+01
3.628482437133789062e+01
3.628482437133789062e+01
3.628482437133789062e+01
3.628482437133789062e+01
3.628482437133789062e+01
3.628482437133789062e+01
3.628482437133789062e+01
3.628482437133789062e+01
3.628482437133789062e+01
3.628482437133789062e+01
3.628482437133789062e+01
3.628482437133789062e+01
3.628482437133789062e+01
3.628482437133789062e+01
3.628482437133789062e+01
3.628482437133789062e+01
3.628482437133789062e+01
3.628482437133789062e+01
3.628482437133789062e+01
3.628482437133789062e+01
3.628482437133789062e+01
3.628482437133789062e+01
3.628482437133789062e+01
3.628482437133789062e+01
3.628482437133789062e+01
3.628482437133789062e+01
3.628482437133789062e+01
3.628482437133789062e+01
3.628482437133789062e+01
3.628482437133789062e+01
3.628482437133789062e+01
3.628482437133789062e+01
3.628482437133789062e+01
3.628482437133789062e+01
3.628482437133789062e+01
3.628482437133789062e+01
3.628482437133789062e+01
3.628482437133789062e+01
3.628482437133789062e+01
3.628482437133789062e+01
3.628482437133789062e+01
3.628482437133789062e+01
3.628482437133789062e+01
3.628482437133789062e+01
3.628482437133789062e+01
3.628482437133789062e+01
3.628482437133789062e+01
3.628482437133789062e+01
3.628482437133789062e+01
3.628482437133789062e+01
3.628482437133789062e+01
3.628482437133789062e+01
3.628482437133789062e+01
3.628482437133789062e+01
3.628482437133789062e+01
3.628482437133789062e+01
3.628482437133789062e+01
3.628482437133789062e+01
3.628482437133789062e+01
3.628482437133789062e+01
3.628482437133789062e+01
3.628482437133789062e+01
3.628482437133789062e+01
3.628482437133789062e+01
3.628482437133789062e+01
3.628482437133789062e+01
3.628482437133789062e+01
3.628482437133789062e+01
3.628482437133789062e+01
3.628482437133789062e+01
3.628482437133789062e+01
3.628482437133789062e+01
3.628482437133789062e+01
3.628482437133789062e+01
3.628482437133789062e+01
3.628482437133789062e+01
3.628482437133789062e+01
3.628482437133789062e+01
3.628482437133789062e+01
3.628482437133789062e+01
3.628482437133789062e+01
3.628482437133789062e+01
3.628482437133789062e+01
3.628482437133789062e+01
3.628482437133789062e+01
3.628482437133789062e+01
3.628482437133789062e+01
3.628482437133789062e+01
3.628482437133789062e+01
3.628482437133789062e+01
3.628482437133789062e+01
3.628482437133789062e+01
3.628482437133789062e+01
3.628482437133789062e+01
3.628482437133789062e+01
3.628482437133789062e+01
3.628482437133789062e+01
3.628482437133789062e+01
3.628482437133789062e+01
3.628482437133789062e+01
3.628482437133789062e+01
3.628482437133789062e+01
3.628482437133789062e+01
3.628482437133789062e+01
3.628482437133789062e+01
3.628482437133789062e+01
3.628482437133789062e+01
3.628482437133789062e+01
3.628482437133789062e+01
3.628482437133789062e+01
3.628482437133789062e+01
3.628482437133789062e+01
3.628482437133789062e+01
3.628482437133789062e+01
3.628482437133789062e+01
3.628482437133789062e+01
3.628482437133789062e+01
3.628482437133789062e+01
3.628482437133789062e+01
3.628482437133789062e+01
3.628482437133789062e+01
3.628482437133789062e+01
3.628482437133789062e+01
3.628482437133789062e+01
3.628482437133789062e+01
3.628482437133789062e+01
3.628482437133789062e+01
3.628482437133789062e+01
3.628482437133789062e+01
3.628482437133789062e+01
3.628482437133789062e+01
3.628482437133789062e+01
3.628482437133789062e+01
3.628482437133789062e+01
3.628482437133789062e+01
3.628482437133789062e+01
3.628482437133789062e+01
3.628482437133789062e+01
3.628482437133789062e+01
3.628482437133789062e+01
3.628482437133789062e+01
3.628482437133789062e+01
3.628482437133789062e+01
3.628482437133789062e+01
3.628482437133789062e+01
3.628482437133789062e+01
3.628482437133789062e+01
3.628482437133789062e+01
3.628482437133789062e+01
3.628482437133789062e+01
3.628482437133789062e+01
3.628482437133789062e+01
3.628482437133789062e+01
3.628482437133789062e+01
3.628482437133789062e+01
3.628482437133789062e+01
3.628482437133789062e+01
3.628482437133789062e+01
3.628482437133789062e+01
3.628482437133789062e+01
3.628482437133789062e+01
3.628482437133789062e+01
3.628482437133789062e+01
3.628482437133789062e+01
3.628482437133789062e+01
3.628482437133789062e+01
3.628482437133789062e+01
3.628482437133789062e+01
3.628482437133789062e+01
3.628482437133789062e+01
3.628482437133789062e+01
3.628482437133789062e+01
3.628482437133789062e+01
3.628482437133789062e+01
3.628482437133789062e+01
3.628482437133789062e+01
3.628482437133789062e+01
3.628482437133789062e+01
3.628482437133789062e+01
3.628482437133789062e+01
3.628482437133789062e+01
3.628482437133789062e+01
3.628482437133789062e+01
3.628482437133789062e+01
3.628482437133789062e+01
3.628482437133789062e+01
3.628482437133789062e+01
3.628482437133789062e+01
3.628482437133789062e+01
3.628482437133789062e+01
3.628482437133789062e+01
3.628482437133789062e+01
3.628482437133789062e+01
3.628482437133789062e+01
3.628482437133789062e+01
3.628482437133789062e+01
3.628482437133789062e+01
3.628482437133789062e+01
3.628482437133789062e+01
3.628482437133789062e+01
3.628482437133789062e+01
3.628482437133789062e+01
3.628482437133789062e+01
3.628482437133789062e+01
3.628482437133789062e+01
3.628482437133789062e+01
3.628482437133789062e+01
3.628482437133789062e+01
3.628482437133789062e+01
3.628482437133789062e+01
3.628482437133789062e+01
3.628482437133789062e+01
3.628482437133789062e+01
3.628482437133789062e+01
3.628482437133789062e+01
3.628482437133789062e+01
3.628482437133789062e+01
3.628482437133789062e+01
3.628482437133789062e+01
3.628482437133789062e+01
3.628482437133789062e+01
3.628482437133789062e+01
3.628482437133789062e+01
3.628482437133789062e+01
3.628482437133789062e+01
3.628482437133789062e+01
3.628482437133789062e+01
3.628482437133789062e+01
3.628482437133789062e+01
3.628482437133789062e+01
3.628482437133789062e+01
3.628482437133789062e+01
3.628482437133789062e+01
3.628482437133789062e+01
3.628482437133789062e+01
3.628482437133789062e+01
3.628482437133789062e+01
3.628482437133789062e+01
3.628482437133789062e+01
3.628482437133789062e+01
3.628482437133789062e+01
