0.000000000000000000e+00
0.000000000000000000e+00
0.000000000000000000e+00
0.000000000000000000e+00
0.000000000000000000e+00
0.000000000000000000e+00
0.000000000000000000e+00
0.000000000000000000e+00
0.000000000000000000e+00
0.000000000000000000e+00
0.000000000000000000e+00
0.000000000000000000e+00
0.000000000000000000e+00
0.000000000000000000e+00
0.000000000000000000e+00
0.000000000000000000e+00
0.000000000000000000e+00
0.000000000000000000e+00
0.000000000000000000e+00
0.000000000000000000e+00
0.000000000000000000e+00
0.000000000000000000e+00
0.000000000000000000e+00
0.000000000000000000e+00
0.000000000000000000e+00
0.000000000000000000e+00
0.000000000000000000e+00
0.000000000000000000e+00
0.000000000000000000e+00
0.000000000000000000e+00
0.000000000000000000e+00
0.000000000000000000e+00
0.000000000000000000e+00
0.000000000000000000e+00
0.000000000000000000e+00
0.000000000000000000e+00
0.000000000000000000e+00
0.000000000000000000e+00
0.000000000000000000e+00
0.000000000000000000e+00
0.000000000000000000e+00
0.000000000000000000e+00
0.000000000000000000e+00
0.000000000000000000e+00
0.000000000000000000e+00
0.000000000000000000e+00
0.000000000000000000e+00
0.000000000000000000e+00
0.000000000000000000e+00
0.000000000000000000e+00
0.000000000000000000e+00
9.121001243591308594e+00
8.833351135253906250e+00
9.070451736450195312e+00
9.262691497802734375e+00
9.524305343627929688e+00
8.875005722045898438e+00
8.649899482727050781e+00
8.669038772583007812e+00
9.253182411193847656e+00
8.842389106750488281e+00
8.317111015319824219e+00
9.328153610229492188e+00
9.244955062866210938e+00
9.793094635009765625e+00
8.885228157043457031e+00
9.281432151794433594e+00
8.565898895263671875e+00
1.000707244873046875e+01
9.160284996032714844e+00
8.414740562438964844e+00
8.257459640502929688e+00
9.812332153320312500e+00
8.731162071228027344e+00
8.994333267211914062e+00
8.729700088500976562e+00
8.944715499877929688e+00
8.192665100097656250e+00
8.680485725402832031e+00
9.161964416503906250e+00
9.350468635559082031e+00
8.160265922546386719e+00
7.848011970520019531e+00
9.071824073791503906e+00
8.824234962463378906e+00
8.986353874206542969e+00
9.499796867370605469e+00
8.808856964111328125e+00
9.389693260192871094e+00
9.072712898254394531e+00
8.348649024963378906e+00
8.145744323730468750e+00
7.978848457336425781e+00
8.697348594665527344e+00
9.355303764343261719e+00
8.997453689575195312e+00
8.906197547912597656e+00
8.816441535949707031e+00
8.811241149902343750e+00
8.904364585876464844e+00
8.163802146911621094e+00
8.921058654785156250e+00
9.177725791931152344e+00
8.895329475402832031e+00
9.236166954040527344e+00
8.691564559936523438e+00
8.705664634704589844e+00
9.223722457885742188e+00
8.201023101806640625e+00
9.191670417785644531e+00
8.724354743957519531e+00
8.481059074401855469e+00
8.835535049438476562e+00
8.714752197265625000e+00
8.564049720764160156e+00
8.763515472412109375e+00
8.276461601257324219e+00
9.701568603515625000e+00
9.591805458068847656e+00
9.620816230773925781e+00
9.285409927368164062e+00
8.361198425292968750e+00
9.055060386657714844e+00
8.810961723327636719e+00
8.979144096374511719e+00
8.569064140319824219e+00
8.182164192199707031e+00
8.661186218261718750e+00
9.260420799255371094e+00
8.708180427551269531e+00
9.196237564086914062e+00
8.377900123596191406e+00
7.610899448394775391e+00
8.790411949157714844e+00
8.129300117492675781e+00
7.774883270263671875e+00
8.255904197692871094e+00
8.912103652954101562e+00
7.950508594512939453e+00
8.889492988586425781e+00
9.309849739074707031e+00
8.817772865295410156e+00
9.281150817871093750e+00
8.034187316894531250e+00
8.817457199096679688e+00
7.946959495544433594e+00
7.911354064941406250e+00
8.817504882812500000e+00
8.176967620849609375e+00
8.635578155517578125e+00
8.760169029235839844e+00
9.991544723510742188e+00
8.629517555236816406e+00
8.614686012268066406e+00
8.760040283203125000e+00
9.181600570678710938e+00
8.759650230407714844e+00
9.125603675842285156e+00
9.171867370605468750e+00
8.884951591491699219e+00
9.915736198425292969e+00
8.714275360107421875e+00
8.669935226440429688e+00
9.085433959960937500e+00
9.350172996520996094e+00
8.291019439697265625e+00
8.857298851013183594e+00
9.649251937866210938e+00
9.167101860046386719e+00
9.489475250244140625e+00
8.882324218750000000e+00
9.236632347106933594e+00
8.806680679321289062e+00
9.915656089782714844e+00
9.371479988098144531e+00
8.845943450927734375e+00
8.450993537902832031e+00
7.714148044586181641e+00
8.666158676147460938e+00
8.585558891296386719e+00
8.465605735778808594e+00
8.980462074279785156e+00
9.123476982116699219e+00
9.131627082824707031e+00
9.110454559326171875e+00
8.786025047302246094e+00
8.936347007751464844e+00
8.279498100280761719e+00
8.209792137145996094e+00
8.997183799743652344e+00
8.584975242614746094e+00
8.577908515930175781e+00
8.919610023498535156e+00
9.185737609863281250e+00
9.368628501892089844e+00
8.702989578247070312e+00
8.229405403137207031e+00
8.772441864013671875e+00
8.940637588500976562e+00
8.693954467773437500e+00
9.187357902526855469e+00
9.096974372863769531e+00
8.591803550720214844e+00
9.131361961364746094e+00
8.912156105041503906e+00
8.909633636474609375e+00
9.463521957397460938e+00
8.411841392517089844e+00
9.217083930969238281e+00
9.278391838073730469e+00
9.171287536621093750e+00
8.972072601318359375e+00
8.263403892517089844e+00
8.450468063354492188e+00
9.107638359069824219e+00
8.156950950622558594e+00
8.529527664184570312e+00
8.668633460998535156e+00
8.546046257019042969e+00
9.338027954101562500e+00
9.079940795898437500e+00
8.131156921386718750e+00
9.029221534729003906e+00
9.053961753845214844e+00
9.215913772583007812e+00
8.514513969421386719e+00
9.353569984436035156e+00
8.790403366088867188e+00
9.155268669128417969e+00
8.925394058227539062e+00
8.981549263000488281e+00
9.599967002868652344e+00
8.999171257019042969e+00
9.564467430114746094e+00
8.190060615539550781e+00
8.872949600219726562e+00
8.574239730834960938e+00
8.901538848876953125e+00
9.009723663330078125e+00
8.931190490722656250e+00
8.851518630981445312e+00
8.365161895751953125e+00
8.693214416503906250e+00
8.470929145812988281e+00
9.191609382629394531e+00
8.781927108764648438e+00
8.807844161987304688e+00
8.452470779418945312e+00
9.151374816894531250e+00
8.964331626892089844e+00
8.831033706665039062e+00
9.424197196960449219e+00
8.821321487426757812e+00
9.293854713439941406e+00
8.461382865905761719e+00
8.216420173645019531e+00
8.800952911376953125e+00
9.346831321716308594e+00
8.149553298950195312e+00
9.499836921691894531e+00
9.026778221130371094e+00
9.689923286437988281e+00
9.975179672241210938e+00
9.450057029724121094e+00
8.873323440551757812e+00
8.971924781799316406e+00
9.664401054382324219e+00
9.179841995239257812e+00
9.037383079528808594e+00
8.732533454895019531e+00
8.727682113647460938e+00
8.962771415710449219e+00
7.638556003570556641e+00
8.266610145568847656e+00
8.766362190246582031e+00
8.852549552917480469e+00
9.018410682678222656e+00
9.026786804199218750e+00
8.002776145935058594e+00
8.861371040344238281e+00
8.893933296203613281e+00
9.172366142272949219e+00
7.996968746185302734e+00
9.005663871765136719e+00
8.164796829223632812e+00
8.901702880859375000e+00
8.115789413452148438e+00
8.982261657714843750e+00
1.002367019653320312e+01
9.373493194580078125e+00
8.135135650634765625e+00
9.057846069335937500e+00
8.785682678222656250e+00
8.766204833984375000e+00
8.193675041198730469e+00
7.730242252349853516e+00
9.443770408630371094e+00
9.949899673461914062e+00
8.441806793212890625e+00
8.369781494140625000e+00
9.189453125000000000e+00
8.079778671264648438e+00
8.588965415954589844e+00
8.844248771667480469e+00
8.695369720458984375e+00
9.217534065246582031e+00
9.045118331909179688e+00
8.538387298583984375e+00
9.346066474914550781e+00
9.699480056762695312e+00
7.682218551635742188e+00
9.277530670166015625e+00
8.764957427978515625e+00
9.101828575134277344e+00
8.988731384277343750e+00
8.175442695617675781e+00
8.029975891113281250e+00
8.735369682312011719e+00
7.390998840332031250e+00
8.697114944458007812e+00
8.765430450439453125e+00
7.969940662384033203e+00
9.312382698059082031e+00
9.093521118164062500e+00
9.007271766662597656e+00
9.910304069519042969e+00
7.573774814605712891e+00
9.335185050964355469e+00
9.444049835205078125e+00
8.668950080871582031e+00
8.610374450683593750e+00
8.607468605041503906e+00
9.371299743652343750e+00
8.841593742370605469e+00
8.204854011535644531e+00
9.505543708801269531e+00
8.558446884155273438e+00
8.725037574768066406e+00
9.332240104675292969e+00
8.736201286315917969e+00
7.995411872863769531e+00
8.630316734313964844e+00
9.175436019897460938e+00
9.036282539367675781e+00
8.462439537048339844e+00
9.014407157897949219e+00
8.576352119445800781e+00
8.764922142028808594e+00
9.085110664367675781e+00
8.981553077697753906e+00
8.124258041381835938e+00
8.973247528076171875e+00
8.452191352844238281e+00
8.057754516601562500e+00
8.607978820800781250e+00
8.556863784790039062e+00
8.259819984436035156e+00
8.154175758361816406e+00
8.633893013000488281e+00
9.093114852905273438e+00
8.468627929687500000e+00
8.896671295166015625e+00
8.857151031494140625e+00
8.566661834716796875e+00
8.534337043762207031e+00
9.674151420593261719e+00
8.132023811340332031e+00
9.084369659423828125e+00
9.106136322021484375e+00
9.470707893371582031e+00
7.853045940399169922e+00
7.814283370971679688e+00
8.087851524353027344e+00
8.036538124084472656e+00
8.527213096618652344e+00
9.129917144775390625e+00
7.737403869628906250e+00
7.612098693847656250e+00
7.669918060302734375e+00
8.563438415527343750e+00
8.987159729003906250e+00
8.300453186035156250e+00
8.436438560485839844e+00
8.711406707763671875e+00
9.461133956909179688e+00
9.203227996826171875e+00
8.404637336730957031e+00
7.802232742309570312e+00
8.642548561096191406e+00
8.619248390197753906e+00
8.478808403015136719e+00
7.252868652343750000e+00
8.173425674438476562e+00
9.132615089416503906e+00
8.530040740966796875e+00
8.344753265380859375e+00
9.487470626831054688e+00
8.889464378356933594e+00
9.941075325012207031e+00
8.866228103637695312e+00
8.719880104064941406e+00
8.643752098083496094e+00
7.744716644287109375e+00
8.562247276306152344e+00
9.665292739868164062e+00
7.476801872253417969e+00
8.289779663085937500e+00
9.436431884765625000e+00
9.178221702575683594e+00
8.579708099365234375e+00
9.963612556457519531e+00
8.890396118164062500e+00
8.807805061340332031e+00
8.026959419250488281e+00
8.155867576599121094e+00
9.635972976684570312e+00
8.611753463745117188e+00
8.245057106018066406e+00
8.606985092163085938e+00
8.641704559326171875e+00
8.427025794982910156e+00
8.863877296447753906e+00
8.403059005737304688e+00
7.940647125244140625e+00
8.385321617126464844e+00
9.552330970764160156e+00
8.187079429626464844e+00
7.979678630828857422e+00
9.211500167846679688e+00
9.102927207946777344e+00
8.621809959411621094e+00
8.700082778930664062e+00
8.198629379272460938e+00
8.429656028747558594e+00
8.541318893432617188e+00
8.350184440612792969e+00
8.906270980834960938e+00
7.431862354278564453e+00
1.031686305999755859e+01
8.578399658203125000e+00
8.651711463928222656e+00
8.388466835021972656e+00
8.581334114074707031e+00
9.029387474060058594e+00
8.646387100219726562e+00
8.822497367858886719e+00
9.489143371582031250e+00
9.094634056091308594e+00
8.795827865600585938e+00
9.023908615112304688e+00
8.841856002807617188e+00
8.187956809997558594e+00
7.974192142486572266e+00
9.026165962219238281e+00
9.257279396057128906e+00
8.703063011169433594e+00
8.570323944091796875e+00
9.042701721191406250e+00
8.962930679321289062e+00
8.618084907531738281e+00
9.166758537292480469e+00
9.136660575866699219e+00
8.389616012573242188e+00
9.249268531799316406e+00
7.766655445098876953e+00
8.722842216491699219e+00
9.353928565979003906e+00
8.341197967529296875e+00
8.369941711425781250e+00
9.020286560058593750e+00
8.616008758544921875e+00
9.089547157287597656e+00
8.910284042358398438e+00
8.683216094970703125e+00
7.544479846954345703e+00
8.354360580444335938e+00
7.809339046478271484e+00
7.954199314117431641e+00
8.099639892578125000e+00
8.845867156982421875e+00
9.875252723693847656e+00
8.715916633605957031e+00
8.969473838806152344e+00
9.161984443664550781e+00
8.820541381835937500e+00
8.591456413269042969e+00
8.237315177917480469e+00
7.924196243286132812e+00
9.973240852355957031e+00
9.563246726989746094e+00
8.770727157592773438e+00
8.645529747009277344e+00
9.053818702697753906e+00
7.992202758789062500e+00
9.266680717468261719e+00
9.739718437194824219e+00
9.843388557434082031e+00
8.744339942932128906e+00
8.246278762817382812e+00
8.182365417480468750e+00
8.944947242736816406e+00
9.064437866210937500e+00
9.151034355163574219e+00
8.932387351989746094e+00
9.404136657714843750e+00
9.054424285888671875e+00
8.046528816223144531e+00
9.201237678527832031e+00
7.910996913909912109e+00
8.433036804199218750e+00
9.561265945434570312e+00
8.732823371887207031e+00
8.273130416870117188e+00
8.525704383850097656e+00
9.413985252380371094e+00
8.358411788940429688e+00
9.315259933471679688e+00
9.070529937744140625e+00
8.190464973449707031e+00
7.867387294769287109e+00
9.241753578186035156e+00
8.821083068847656250e+00
8.774732589721679688e+00
8.703336715698242188e+00
9.041088104248046875e+00
8.749473571777343750e+00
8.016013145446777344e+00
9.661190032958984375e+00
8.894784927368164062e+00
9.268061637878417969e+00
8.602493286132812500e+00
8.935652732849121094e+00
8.275716781616210938e+00
9.323605537414550781e+00
8.295409202575683594e+00
8.072609901428222656e+00
9.256733894348144531e+00
9.764550209045410156e+00
8.401925086975097656e+00
8.115242004394531250e+00
8.041792869567871094e+00
8.550430297851562500e+00
8.775087356567382812e+00
9.079948425292968750e+00
8.334080696105957031e+00
9.041366577148437500e+00
8.680716514587402344e+00
9.202066421508789062e+00
7.779976367950439453e+00
9.057634353637695312e+00
8.477760314941406250e+00
8.965033531188964844e+00
8.639489173889160156e+00
9.146427154541015625e+00
8.864100456237792969e+00
9.189541816711425781e+00
9.135359764099121094e+00
8.609495162963867188e+00
8.525929450988769531e+00
8.341897010803222656e+00
8.550869941711425781e+00
8.158448219299316406e+00
7.908725738525390625e+00
8.581385612487792969e+00
8.632539749145507812e+00
8.923932075500488281e+00
9.909112930297851562e+00
9.301119804382324219e+00
8.780604362487792969e+00
9.033966064453125000e+00
9.275835037231445312e+00
8.062063217163085938e+00
9.080420494079589844e+00
7.679553985595703125e+00
8.978079795837402344e+00
8.834640502929687500e+00
8.982839584350585938e+00
8.547603607177734375e+00
8.217663764953613281e+00
8.962572097778320312e+00
8.089160919189453125e+00
8.838496208190917969e+00
7.593134403228759766e+00
9.062376022338867188e+00
9.111772537231445312e+00
8.338663101196289062e+00
8.633531570434570312e+00
8.389566421508789062e+00
8.860035896301269531e+00
9.156210899353027344e+00
8.351464271545410156e+00
8.885505676269531250e+00
8.551871299743652344e+00
8.253686904907226562e+00
9.607635498046875000e+00
7.958038330078125000e+00
8.443572044372558594e+00
8.772124290466308594e+00
8.118408203125000000e+00
8.594454765319824219e+00
8.486951828002929688e+00
-1.000771301269531250e+03
-1.000722778320312500e+03
-1.000157165527343750e+03
-9.995239257812500000e+02
-1.000318786621093750e+03
-1.000219726562500000e+03
-9.993917846679687500e+02
-1.000068359375000000e+03
-1.000307434082031250e+03
-9.998041992187500000e+02
-1.001024414062500000e+03
-1.000602722167968750e+03
-1.000677978515625000e+03
-1.000107421875000000e+03
-9.993983764648437500e+02
-9.997157592773437500e+02
-9.999459838867187500e+02
-9.996237182617187500e+02
-1.000431091308593750e+03
-1.000724792480468750e+03
-9.999693603515625000e+02
-9.990199584960937500e+02
-9.999260253906250000e+02
-1.000180847167968750e+03
-9.999556274414062500e+02
-9.999739990234375000e+02
-1.000010192871093750e+03
-1.000105834960937500e+03
-1.000747741699218750e+03
-1.000249755859375000e+03
-9.999126586914062500e+02
-1.000128723144531250e+03
-9.999465332031250000e+02
-1.000516540527343750e+03
-1.000028991699218750e+03
-9.996176147460937500e+02
-9.999020996093750000e+02
-1.000153991699218750e+03
-1.000050903320312500e+03
-9.994065551757812500e+02
-1.000172912597656250e+03
-1.000206542968750000e+03
-9.992921752929687500e+02
-9.997399291992187500e+02
-9.999955444335937500e+02
-9.996105957031250000e+02
-9.992254638671875000e+02
-1.000640380859375000e+03
-9.995308227539062500e+02
-1.000118835449218750e+03
-9.997200927734375000e+02
-9.998425292968750000e+02
-1.000321411132812500e+03
-1.000033264160156250e+03
-1.000078735351562500e+03
-9.997290649414062500e+02
-9.996909790039062500e+02
-1.000810668945312500e+03
-9.987614135742187500e+02
-1.000434387207031250e+03
-1.000478820800781250e+03
-1.000292907714843750e+03
-9.994469604492187500e+02
-9.994727783203125000e+02
-9.991055908203125000e+02
-9.994301757812500000e+02
-1.000290100097656250e+03
-9.997106933593750000e+02
-9.997954711914062500e+02
-9.994746093750000000e+02
-1.000269592285156250e+03
-1.000283081054687500e+03
-1.000051025390625000e+03
-9.996184082031250000e+02
-9.997120361328125000e+02
-9.999346313476562500e+02
-1.000206726074218750e+03
-1.000040649414062500e+03
-9.996283569335937500e+02
-1.000023559570312500e+03
-1.000155700683593750e+03
-9.993037719726562500e+02
-9.996210327148437500e+02
-9.996123657226562500e+02
-9.996450195312500000e+02
-1.000783020019531250e+03
-9.988720092773437500e+02
-9.994370727539062500e+02
-9.998409423828125000e+02
-1.000012023925781250e+03
-1.000529357910156250e+03
-9.992788085937500000e+02
-9.999895019531250000e+02
-9.994887084960937500e+02
-1.000164001464843750e+03
-9.999058837890625000e+02
-1.000599914550781250e+03
-1.000825317382812500e+03
-9.990402221679687500e+02
-9.992457275390625000e+02
-9.993342285156250000e+02
-1.000100585937500000e+03
-1.001015441894531250e+03
-1.000249450683593750e+03
-9.997896118164062500e+02
-9.996938476562500000e+02
-1.000559631347656250e+03
-9.999500732421875000e+02
-1.000532653808593750e+03
-1.000166320800781250e+03
-9.992657470703125000e+02
-9.999053955078125000e+02
-1.000146301269531250e+03
-9.999028930664062500e+02
-1.000011657714843750e+03
-9.995469970703125000e+02
-1.000139282226562500e+03
-1.000512451171875000e+03
-9.999712524414062500e+02
-1.000835266113281250e+03
-9.989614257812500000e+02
-1.000598693847656250e+03
-1.000167846679687500e+03
-1.000511047363281250e+03
-9.998363037109375000e+02
-9.998659057617187500e+02
-9.997235107421875000e+02
-1.000579162597656250e+03
-9.994777832031250000e+02
-9.999796142578125000e+02
-1.000141601562500000e+03
-9.996551513671875000e+02
-9.997416992187500000e+02
-9.996645507812500000e+02
-1.000608215332031250e+03
-9.991644897460937500e+02
-1.000235290527343750e+03
-9.997288818359375000e+02
-9.998999633789062500e+02
-1.000265502929687500e+03
-9.997177734375000000e+02
-1.000156677246093750e+03
-1.000465759277343750e+03
-9.990190429687500000e+02
-1.000297058105468750e+03
-1.000288635253906250e+03
-9.992866821289062500e+02
-1.000279541015625000e+03
-1.000366882324218750e+03
-9.991050415039062500e+02
-1.000298339843750000e+03
-9.993389892578125000e+02
-9.992550659179687500e+02
-9.999901123046875000e+02
-1.000682922363281250e+03
-9.998008422851562500e+02
-9.999290161132812500e+02
-1.000731994628906250e+03
-9.997891845703125000e+02
-9.999448852539062500e+02
-9.999470825195312500e+02
-1.000248962402343750e+03
-1.000161010742187500e+03
-1.000300048828125000e+03
-1.000593444824218750e+03
-1.000346679687500000e+03
-1.000227966308593750e+03
-1.000275939941406250e+03
-1.000651367187500000e+03
-9.999622192382812500e+02
-9.991549072265625000e+02
-9.999351196289062500e+02
-9.993046264648437500e+02
-9.998470458984375000e+02
-1.000194641113281250e+03
-1.000169128417968750e+03
-1.000036071777343750e+03
-1.000240539550781250e+03
-1.000533630371093750e+03
-1.000121765136718750e+03
-9.997930908203125000e+02
-1.000314880371093750e+03
-9.998884277343750000e+02
-1.000034545898437500e+03
-1.000972167968750000e+03
-1.000791320800781250e+03
-1.000440307617187500e+03
-9.991812133789062500e+02
-9.995571289062500000e+02
-1.000026916503906250e+03
-9.998524780273437500e+02
-1.000680847167968750e+03
-1.000674377441406250e+03
-1.000042297363281250e+03
-9.989568481445312500e+02
-1.000333007812500000e+03
-1.000080444335937500e+03
-1.000164245605468750e+03
-1.000208496093750000e+03
-9.994918212890625000e+02
-9.993301391601562500e+02
-9.999075317382812500e+02
-9.994880371093750000e+02
-1.000129455566406250e+03
-9.998397827148437500e+02
-9.991451416015625000e+02
-1.000748107910156250e+03
-9.997833251953125000e+02
-9.994390869140625000e+02
-9.997166748046875000e+02
-9.995933837890625000e+02
-9.999104614257812500e+02
-9.999104614257812500e+02
-9.999104614257812500e+02
-9.999104614257812500e+02
-9.999104614257812500e+02
-9.999104614257812500e+02
-9.999104614257812500e+02
-9.999104614257812500e+02
-9.999104614257812500e+02
-9.999104614257812500e+02
-9.999104614257812500e+02
-9.999104614257812500e+02
-9.999104614257812500e+02
-9.999104614257812500e+02
-9.999104614257812500e+02
-9.999104614257812500e+02
-9.999104614257812500e+02
-9.999104614257812500e+02
-9.999104614257812500e+02
-9.999104614257812500e+02
-9.999104614257812500e+02
-9.999104614257812500e+02
-9.999104614257812500e+02
-9.999104614257812500e+02
-9.999104614257812500e+02
-9.999104614257812500e+02
-9.999104614257812500e+02
-9.999104614257812500e+02
-9.999104614257812500e+02
-9.999104614257812500e+02
-9.999104614257812500e+02
-9.999104614257812500e+02
-9.999104614257812500e+02
-9.999104614257812500e+02
-9.999104614257812500e+02
-9.999104614257812500e+02
-9.999104614257812500e+02
-9.999104614257812500e+02
-9.999104614257812500e+02
-9.999104614257812500e+02
-9.999104614257812500e+02
-9.999104614257812500e+02
-9.999104614257812500e+02
-9.999104614257812500e+02
-9.999104614257812500e+02
-9.999104614257812500e+02
-9.999104614257812500e+02
-9.999104614257812500e+02
-9.999104614257812500e+02
-9.999104614257812500e+02
-9.999104614257812500e+02
-9.999104614257812500e+02
-9.999104614257812500e+02
-9.999104614257812500e+02
-9.999104614257812500e+02
-9.999104614257812500e+02
-9.999104614257812500e+02
-9.999104614257812500e+02
-9.999104614257812500e+02
-9.999104614257812500e+02
-9.999104614257812500e+02
-9.999104614257812500e+02
-9.999104614257812500e+02
-9.999104614257812500e+02
-9.999104614257812500e+02
-9.999104614257812500e+02
-9.999104614257812500e+02
-9.999104614257812500e+02
-9.999104614257812500e+02
-9.999104614257812500e+02
-9.999104614257812500e+02
-9.999104614257812500e+02
-9.999104614257812500e+02
-9.999104614257812500e+02
-9.999104614257812500e+02
-9.999104614257812500e+02
-9.999104614257812500e+02
-9.999104614257812500e+02
-9.999104614257812500e+02
-9.999104614257812500e+02
-9.999104614257812500e+02
-9.999104614257812500e+02
-9.999104614257812500e+02
-9.999104614257812500e+02
-9.999104614257812500e+02
-9.999104614257812500e+02
-9.999104614257812500e+02
-9.999104614257812500e+02
-9.999104614257812500e+02
-9.999104614257812500e+02
-9.999104614257812500e+02
-9.999104614257812500e+02
-9.999104614257812500e+02
-9.999104614257812500e+02
-9.999104614257812500e+02
-9.999104614257812500e+02
-9.999104614257812500e+02
-9.999104614257812500e+02
-9.999104614257812500e+02
-9.999104614257812500e+02
-9.999104614257812500e+02
-9.999104614257812500e+02
-9.999104614257812500e+02
-9.999104614257812500e+02
-9.999104614257812500e+02
-9.999104614257812500e+02
-9.999104614257812500e+02
-9.999104614257812500e+02
-9.999104614257812500e+02
-9.999104614257812500e+02
-9.999104614257812500e+02
-9.999104614257812500e+02
-9.999104614257812500e+02
-9.999104614257812500e+02
-9.999104614257812500e+02
-9.999104614257812500e+02
-9.999104614257812500e+02
-9.999104614257812500e+02
-9.999104614257812500e+02
-9.999104614257812500e+02
-9.999104614257812500e+02
-9.999104614257812500e+02
-9.999104614257812500e+02
-9.999104614257812500e+02
-9.999104614257812500e+02
-9.999104614257812500e+02
-9.999104614257812500e+02
-9.999104614257812500e+02
-9.999104614257812500e+02
-9.999104614257812500e+02
-9.999104614257812500e+02
-9.999104614257812500e+02
-9.999104614257812500e+02
-9.999104614257812500e+02
-9.999104614257812500e+02
-9.999104614257812500e+02
-9.999104614257812500e+02
-9.999104614257812500e+02
-9.999104614257812500e+02
-9.999104614257812500e+02
-9.999104614257812500e+02
-9.999104614257812500e+02
-9.999104614257812500e+02
-9.999104614257812500e+02
-9.999104614257812500e+02
-9.999104614257812500e+02
-9.999104614257812500e+02
-9.999104614257812500e+02
-9.999104614257812500e+02
-9.999104614257812500e+02
-9.999104614257812500e+02
-9.999104614257812500e+02
-9.999104614257812500e+02
-9.999104614257812500e+02
-9.999104614257812500e+02
-9.999104614257812500e+02
-9.999104614257812500e+02
-9.999104614257812500e+02
-9.999104614257812500e+02
-9.999104614257812500e+02
-9.999104614257812500e+02
-9.999104614257812500e+02
-9.999104614257812500e+02
-9.999104614257812500e+02
-9.999104614257812500e+02
-9.999104614257812500e+02
-9.999104614257812500e+02
-9.999104614257812500e+02
-9.999104614257812500e+02
-9.999104614257812500e+02
-9.999104614257812500e+02
-9.999104614257812500e+02
-9.999104614257812500e+02
-9.999104614257812500e+02
-9.999104614257812500e+02
-9.999104614257812500e+02
-9.999104614257812500e+02
-9.999104614257812500e+02
-9.999104614257812500e+02
-9.999104614257812500e+02
-9.999104614257812500e+02
-9.999104614257812500e+02
-9.999104614257812500e+02
-9.999104614257812500e+02
-9.999104614257812500e+02
-9.999104614257812500e+02
-9.999104614257812500e+02
-9.999104614257812500e+02
-9.999104614257812500e+02
-9.999104614257812500e+02
-9.999104614257812500e+02
-9.999104614257812500e+02
-9.999104614257812500e+02
-9.999104614257812500e+02
-9.999104614257812500e+02
-9.999104614257812500e+02
-9.999104614257812500e+02
-9.999104614257812500e+02
-9.999104614257812500e+02
-9.999104614257812500e+02
-9.999104614257812500e+02
-9.999104614257812500e+02
-9.999104614257812500e+02
-9.999104614257812500e+02
-9.999104614257812500e+02
-9.999104614257812500e+02
-9.999104614257812500e+02
-9.999104614257812500e+02
-9.999104614257812500e+02
-9.999104614257812500e+02
-9.999104614257812500e+02
-9.999104614257812500e+02
-9.999104614257812500e+02
-9.999104614257812500e+02
-9.999104614257812500e+02
-9.999104614257812500e+02
-9.999104614257812500e+02
-9.999104614257812500e+02
-9.999104614257812500e+02
-9.999104614257812500e+02
-9.999104614257812500e+02
-9.999104614257812500e+02
-9.999104614257812500e+02
-9.999104614257812500e+02
-9.999104614257812500e+02
-9.999104614257812500e+02
-9.999104614257812500e+02
-9.999104614257812500e+02
-9.999104614257812500e+02
-9.999104614257812500e+02
-9.999104614257812500e+02
-9.999104614257812500e+02
-9.999104614257812500e+02
-9.999104614257812500e+02
-9.999104614257812500e+02
-9.999104614257812500e+02
-9.999104614257812500e+02
-9.999104614257812500e+02
-9.999104614257812500e+02
-9.999104614257812500e+02
-9.999104614257812500e+02
-9.999104614257812500e+02
-9.999104614257812500e+02
-9.999104614257812500e+02
-9.999104614257812500e+02
-9.999104614257812500e+02
-9.999104614257812500e+02
-9.999104614257812500e+02
-9.999104614257812500e+02
-9.999104614257812500e+02
-9.999104614257812500e+02
-9.999104614257812500e+02
-9.999104614257812500e+02
-9.999104614257812500e+02
-9.999104614257812500e+02
-9.999104614257812500e+02
-9.999104614257812500e+02
-9.999104614257812500e+02
-9.999104614257812500e+02
-9.999104614257812500e+02
-9.999104614257812500e+02
-9.999104614257812500e+02
-9.999104614257812500e+02
-9.999104614257812500e+02
-9.999104614257812500e+02
-9.999104614257812500e+02
-9.999104614257812500e+02
-9.999104614257812500e+02
-9.999104614257812500e+02
-9.999104614257812500e+02
-9.999104614257812500e+02
-9.999104614257812500e+02
-9.999104614257812500e+02
-9.999104614257812500e+02
-9.999104614257812500e+02
-9.999104614257812500e+02
-9.999104614257812500e+02
-9.999104614257812500e+02
-9.999104614257812500e+02
-9.999104614257812500e+02
-9.999104614257812500e+02
-9.999104614257812500e+02
-9.999104614257812500e+02
-9.999104614257812500e+02
-9.999104614257812500e+02
-9.999104614257812500e+02
-9.999104614257812500e+02
-9.999104614257812500e+02
-9.999104614257812500e+02
-9.999104614257812500e+02
-9.999104614257812500e+02
-9.999104614257812500e+02
-9.999104614257812500e+02
-9.999104614257812500e+02
-9.999104614257812500e+02
-9.999104614257812500e+02
-9.999104614257812500e+02
-9.999104614257812500e+02
-9.999104614257812500e+02
-9.999104614257812500e+02
-9.999104614257812500e+02
-9.999104614257812500e+02
-9.999104614257812500e+02
-9.999104614257812500e+02
-9.999104614257812500e+02
-9.999104614257812500e+02
-9.999104614257812500e+02
-9.999104614257812500e+02
-9.999104614257812500e+02
-9.999104614257812500e+02
-9.999104614257812500e+02
-9.999104614257812500e+02
-9.999104614257812500e+02
-9.999104614257812500e+02
-9.999104614257812500e+02
-9.999104614257812500e+02
-9.999104614257812500e+02
-9.999104614257812500e+02
-9.999104614257812500e+02
-9.999104614257812500e+02
-9.999104614257812500e+02
-9.999104614257812500e+02
-9.999104614257812500e+02
-9.999104614257812500e+02
-9.999104614257812500e+02
-9.999104614257812500e+02
-9.999104614257812500e+02
-9.999104614257812500e+02
-9.999104614257812500e+02
-9.999104614257812500e+02
-9.999104614257812500e+02
-9.999104614257812500e+02
-9.999104614257812500e+02
-9.999104614257812500e+02
-9.999104614257812500e+02
-9.999104614257812500e+02
-9.999104614257812500e+02
-9.999104614257812500e+02
-9.999104614257812500e+02
-9.999104614257812500e+02
-9.999104614257812500e+02
-9.999104614257812500e+02
-9.999104614257812500e+02
-9.999104614257812500e+02
-9.999104614257812500e+02
-9.999104614257812500e+02
-9.999104614257812500e+02
-9.999104614257812500e+02
-9.999104614257812500e+02
-9.999104614257812500e+02
-9.999104614257812500e+02
-9.999104614257812500e+02
-9.999104614257812500e+02
-9.999104614257812500e+02
-9.999104614257812500e+02
-9.999104614257812500e+02
-9.999104614257812500e+02
-9.999104614257812500e+02
-9.999104614257812500e+02
-9.999104614257812500e+02
-9.999104614257812500e+02
-9.999104614257812500e+02
-9.999104614257812500e+02
-9.999104614257812500e+02
-9.999104614257812500e+02
-9.999104614257812500e+02
-9.999104614257812500e+02
-9.999104614257812500e+02
-9.999104614257812500e+02
-9.999104614257812500e+02
-9.999104614257812500e+02
-9.999104614257812500e+02
-9.999104614257812500e+02
-9.999104614257812500e+02
-9.999104614257812500e+02
-9.999104614257812500e+02
-9.999104614257812500e+02
-9.999104614257812500e+02
-9.999104614257812500e+02
-9.999104614257812500e+02
-9.999104614257812500e+02
-9.999104614257812500e+02
-9.999104614257812500e+02
-9.999104614257812500e+02
-9.999104614257812500e+02
-9.999104614257812500e+02
-9.999104614257812500e+02
-9.999104614257812500e+02
-9.999104614257812500e+02
-9.999104614257812500e+02
-9.999104614257812500e+02
-9.999104614257812500e+02
-9.999104614257812500e+02
-9.999104614257812500e+02
-9.999104614257812500e+02
-9.999104614257812500e+02
-9.999104614257812500e+02
-9.999104614257812500e+02
-9.999104614257812500e+02
-9.999104614257812500e+02
-9.999104614257812500e+02
-9.999104614257812500e+02
-9.999104614257812500e+02
-9.999104614257812500e+02
-9.999104614257812500e+02
-9.999104614257812500e+02
-9.999104614257812500e+02
-9.999104614257812500e+02
-9.999104614257812500e+02
-9.999104614257812500e+02
-9.999104614257812500e+02
-9.999104614257812500e+02
-9.999104614257812500e+02
-9.999104614257812500e+02
-9.999104614257812500e+02
-9.999104614257812500e+02
-9.999104614257812500e+02
-9.999104614257812500e+02
-9.999104614257812500e+02
-9.999104614257812500e+02
-9.999104614257812500e+02
-9.999104614257812500e+02
-9.999104614257812500e+02
-9.999104614257812500e+02
-9.999104614257812500e+02
-9.999104614257812500e+02
-9.999104614257812500e+02
-9.999104614257812500e+02
-9.999104614257812500e+02
-9.999104614257812500e+02
-9.999104614257812500e+02
-9.999104614257812500e+02
-9.999104614257812500e+02
-9.999104614257812500e+02
-9.999104614257812500e+02
-9.999104614257812500e+02
-9.999104614257812500e+02
-9.999104614257812500e+02
-9.999104614257812500e+02
-9.999104614257812500e+02
-9.999104614257812500e+02
-9.999104614257812500e+02
-9.999104614257812500e+02
-9.999104614257812500e+02
-9.999104614257812500e+02
-9.999104614257812500e+02
-9.999104614257812500e+02
-9.999104614257812500e+02
-9.999104614257812500e+02
-9.999104614257812500e+02
-9.999104614257812500e+02
-9.999104614257812500e+02
-9.999104614257812500e+02
-9.999104614257812500e+02
-9.999104614257812500e+02
-9.999104614257812500e+02
-9.999104614257812500e+02
-9.999104614257812500e+02
-9.999104614257812500e+02
-9.999104614257812500e+02
-9.999104614257812500e+02
-9.999104614257812500e+02
-9.999104614257812500e+02
-9.999104614257812500e+02
-9.999104614257812500e+02
-9.999104614257812500e+02
-9.999104614257812500e+02
-9.999104614257812500e+02
-9.999104614257812500e+02
-9.999104614257812500e+02
-9.999104614257812500e+02
-9.999104614257812500e+02
-9.999104614257812500e+02
-9.999104614257812500e+02
-9.999104614257812500e+02
-9.999104614257812500e+02
-9.999104614257812500e+02
-9.999104614257812500e+02
-9.999104614257812500e+02
-9.999104614257812500e+02
-9.999104614257812500e+02
-9.999104614257812500e+02
-9.999104614257812500e+02
-9.999104614257812500e+02
-9.999104614257812500e+02
-9.999104614257812500e+02
-9.999104614257812500e+02
-9.999104614257812500e+02
-9.999104614257812500e+02
-9.999104614257812500e+02
-9.999104614257812500e+02
-9.999104614257812500e+02
-9.999104614257812500e+02
-9.999104614257812500e+02
-9.999104614257812500e+02
-9.999104614257812500e+02
-9.999104614257812500e+02
-9.999104614257812500e+02
-9.999104614257812500e+02
-9.999104614257812500e+02
-9.999104614257812500e+02
-9.999104614257812500e+02
-9.999104614257812500e+02
-9.999104614257812500e+02
-9.999104614257812500e+02
-9.999104614257812500e+02
-9.999104614257812500e+02
-9.999104614257812500e+02
-9.999104614257812500e+02
-9.999104614257812500e+02
-9.999104614257812500e+02
-9.999104614257812500e+02
-9.999104614257812500e+02
-9.999104614257812500e+02
-9.999104614257812500e+02
-9.999104614257812500e+02
-9.999104614257812500e+02
-9.999104614257812500e+02
-9.999104614257812500e+02
-9.999104614257812500e+02
-9.999104614257812500e+02
-9.999104614257812500e+02
-9.999104614257812500e+02
-9.999104614257812500e+02
-9.999104614257812500e+02
-9.999104614257812500e+02
-9.999104614257812500e+02
-9.999104614257812500e+02
-9.999104614257812500e+02
-9.999104614257812500e+02
-9.999104614257812500e+02
-9.999104614257812500e+02
-9.999104614257812500e+02
-9.999104614257812500e+02
-9.999104614257812500e+02
-9.999104614257812500e+02
-9.999104614257812500e+02
-9.999104614257812500e+02
-9.999104614257812500e+02
-9.999104614257812500e+02
-9.999104614257812500e+02
-9.999104614257812500e+02
-9.999104614257812500e+02
-9.999104614257812500e+02
-9.999104614257812500e+02
-9.999104614257812500e+02
-9.999104614257812500e+02
-9.999104614257812500e+02
-9.999104614257812500e+02
-9.999104614257812500e+02
-9.999104614257812500e+02
-9.999104614257812500e+02
-9.999104614257812500e+02
-9.999104614257812500e+02
-9.999104614257812500e+02
-9.999104614257812500e+02
-9.999104614257812500e+02
-9.999104614257812500e+02
-9.999104614257812500e+02
-9.999104614257812500e+02
-9.999104614257812500e+02
-9.999104614257812500e+02
-9.999104614257812500e+02
-9.999104614257812500e+02
-9.999104614257812500e+02
-9.999104614257812500e+02
-9.999104614257812500e+02
-9.999104614257812500e+02
-9.999104614257812500e+02
-9.999104614257812500e+02
-9.999104614257812500e+02
-9.999104614257812500e+02
-9.999104614257812500e+02
-9.999104614257812500e+02
-9.999104614257812500e+02
-9.999104614257812500e+02
-9.999104614257812500e+02
-9.999104614257812500e+02
-9.999104614257812500e+02
-9.999104614257812500e+02
-9.999104614257812500e+02
-9.999104614257812500e+02
-9.999104614257812500e+02
-9.999104614257812500e+02
-9.999104614257812500e+02
-9.999104614257812500e+02
-9.999104614257812500e+02
-9.999104614257812500e+02
-9.999104614257812500e+02
-9.999104614257812500e+02
-9.999104614257812500e+02
-9.999104614257812500e+02
-9.999104614257812500e+02
-9.999104614257812500e+02
-9.999104614257812500e+02
-9.999104614257812500e+02
-9.999104614257812500e+02
-9.999104614257812500e+02
-9.999104614257812500e+02
-9.999104614257812500e+02
-9.999104614257812500e+02
-9.999104614257812500e+02
-9.999104614257812500e+02
-9.999104614257812500e+02
-9.999104614257812500e+02
-9.999104614257812500e+02
-9.999104614257812500e+02
-9.999104614257812500e+02
-9.999104614257812500e+02
-9.999104614257812500e+02
-9.999104614257812500e+02
-9.999104614257812500e+02
-9.999104614257812500e+02
-9.999104614257812500e+02
-9.999104614257812500e+02
-9.999104614257812500e+02
-9.999104614257812500e+02
-9.999104614257812500e+02
-9.999104614257812500e+02
-9.999104614257812500e+02
-9.999104614257812500e+02
-9.999104614257812500e+02
-9.999104614257812500e+02
-9.999104614257812500e+02
-9.999104614257812500e+02
-9.999104614257812500e+02
-9.999104614257812500e+02
-9.999104614257812500e+02
-9.999104614257812500e+02
-9.999104614257812500e+02
-9.999104614257812500e+02
-9.999104614257812500e+02
-9.999104614257812500e+02
-9.999104614257812500e+02
-9.999104614257812500e+02
-9.999104614257812500e+02
-9.999104614257812500e+02
-9.999104614257812500e+02
-9.999104614257812500e+02
-9.999104614257812500e+02
-9.999104614257812500e+02
-9.999104614257812500e+02
-9.999104614257812500e+02
-9.999104614257812500e+02
-9.999104614257812500e+02
-9.999104614257812500e+02
-9.999104614257812500e+02
-9.999104614257812500e+02
-9.999104614257812500e+02
-9.999104614257812500e+02
-9.999104614257812500e+02
-9.999104614257812500e+02
-9.999104614257812500e+02
-9.999104614257812500e+02
-9.999104614257812500e+02
-9.999104614257812500e+02
-9.999104614257812500e+02
-9.999104614257812500e+02
-9.999104614257812500e+02
-9.999104614257812500e+02
-9.999104614257812500e+02
-9.999104614257812500e+02
-9.999104614257812500e+02
-9.999104614257812500e+02
-9.999104614257812500e+02
-9.999104614257812500e+02
-9.999104614257812500e+02
-9.999104614257812500e+02
-9.999104614257812500e+02
-9.999104614257812500e+02
-9.999104614257812500e+02
-9.999104614257812500e+02
-9.999104614257812500e+02
-9.999104614257812500e+02
-9.999104614257812500e+02
-9.999104614257812500e+02
-9.999104614257812500e+02
-9.999104614257812500e+02
-9.999104614257812500e+02
-9.999104614257812500e+02
-9.999104614257812500e+02
-9.999104614257812500e+02
-9.999104614257812500e+02
-9.999104614257812500e+02
-9.999104614257812500e+02
-9.999104614257812500e+02
-9.999104614257812500e+02
-9.999104614257812500e+02
-9.999104614257812500e+02
-9.999104614257812500e+02
-9.999104614257812500e+02
-9.999104614257812500e+02
-9.999104614257812500e+02
-9.999104614257812500e+02
-9.999104614257812500e+02
-9.999104614257812500e+02
-9.999104614257812500e+02
-9.999104614257812500e+02
-9.999104614257812500e+02
-9.999104614257812500e+02
-9.999104614257812500e+02
-9.999104614257812500e+02
-9.999104614257812500e+02
-9.999104614257812500e+02
-9.999104614257812500e+02
-9.999104614257812500e+02
-9.999104614257812500e+02
-9.999104614257812500e+02
-9.999104614257812500e+02
-9.999104614257812500e+02
-9.999104614257812500e+02
-9.999104614257812500e+02
-9.999104614257812500e+02
-9.999104614257812500e+02
-9.999104614257812500e+02
-9.999104614257812500e+02
-9.999104614257812500e+02
-9.999104614257812500e+02
-9.999104614257812500e+02
-9.999104614257812500e+02
-9.999104614257812500e+02
-9.999104614257812500e+02
-9.999104614257812500e+02
-9.999104614257812500e+02
-9.999104614257812500e+02
-9.999104614257812500e+02
-9.999104614257812500e+02
-9.999104614257812500e+02
-9.999104614257812500e+02
-9.999104614257812500e+02
-9.999104614257812500e+02
-9.999104614257812500e+02
-9.999104614257812500e+02
-9.999104614257812500e+02
-9.999104614257812500e+02
-9.999104614257812500e+02
-9.999104614257812500e+02
-9.999104614257812500e+02
-9.999104614257812500e+02
-9.999104614257812500e+02
-9.999104614257812500e+02
-9.999104614257812500e+02
-9.999104614257812500e+02
-9.999104614257812500e+02
-9.999104614257812500e+02
-9.999104614257812500e+02
-9.999104614257812500e+02
-9.999104614257812500e+02
-9.999104614257812500e+02
-9.999104614257812500e+02
-9.999104614257812500e+02
-9.999104614257812500e+02
-9.999104614257812500e+02
-9.999104614257812500e+02
-9.999104614257812500e+02
-9.999104614257812500e+02
-9.999104614257812500e+02
-9.999104614257812500e+02
-9.999104614257812500e+02
-9.999104614257812500e+02
-9.999104614257812500e+02
-9.999104614257812500e+02
-9.999104614257812500e+02
-9.999104614257812500e+02
-9.999104614257812500e+02
-9.999104614257812500e+02
-9.999104614257812500e+02
-9.999104614257812500e+02
-9.999104614257812500e+02
-9.999104614257812500e+02
-9.999104614257812500e+02
-9.999104614257812500e+02
-9.999104614257812500e+02
-9.999104614257812500e+02
-9.999104614257812500e+02
-9.999104614257812500e+02
-9.999104614257812500e+02
-9.999104614257812500e+02
-9.999104614257812500e+02
-9.999104614257812500e+02
-9.999104614257812500e+02
-9.999104614257812500e+02
-9.999104614257812500e+02
-9.999104614257812500e+02
-9.999104614257812500e+02
-9.999104614257812500e+02
-9.999104614257812500e+02
-9.999104614257812500e+02
-9.999104614257812500e+02
-9.999104614257812500e+02
-9.999104614257812500e+02
-9.999104614257812500e+02
-9.999104614257812500e+02
-9.999104614257812500e+02
-9.999104614257812500e+02
-9.999104614257812500e+02
-9.999104614257812500e+02
-9.999104614257812500e+02
-9.999104614257812500e+02
-9.999104614257812500e+02
-9.999104614257812500e+02
-9.999104614257812500e+02
-9.999104614257812500e+02
-9.999104614257812500e+02
-9.999104614257812500e+02
-9.999104614257812500e+02
-9.999104614257812500e+02
-9.999104614257812500e+02
-9.999104614257812500e+02
-9.999104614257812500e+02
-9.999104614257812500e+02
-9.999104614257812500e+02
-9.999104614257812500e+02
-9.999104614257812500e+02
-9.999104614257812500e+02
-9.999104614257812500e+02
-9.999104614257812500e+02
-9.999104614257812500e+02
-9.999104614257812500e+02
-9.999104614257812500e+02
-9.999104614257812500e+02
-9.999104614257812500e+02
-9.999104614257812500e+02
-9.999104614257812500e+02
-9.999104614257812500e+02
-9.999104614257812500e+02
-9.999104614257812500e+02
-9.999104614257812500e+02
-9.999104614257812500e+02
-9.999104614257812500e+02
-9.999104614257812500e+02
-9.999104614257812500e+02
-9.999104614257812500e+02
-9.999104614257812500e+02
-9.999104614257812500e+02
-9.999104614257812500e+02
-9.999104614257812500e+02
-9.999104614257812500e+02
-9.999104614257812500e+02
-9.999104614257812500e+02
-9.999104614257812500e+02
-9.999104614257812500e+02
-9.999104614257812500e+02
-9.999104614257812500e+02
-9.999104614257812500e+02
-9.999104614257812500e+02
-9.999104614257812500e+02
-9.999104614257812500e+02
-9.999104614257812500e+02
-9.999104614257812500e+02
-9.999104614257812500e+02
-9.999104614257812500e+02
-9.999104614257812500e+02
-9.999104614257812500e+02
-9.999104614257812500e+02
-9.999104614257812500e+02
-9.999104614257812500e+02
-9.999104614257812500e+02
-9.999104614257812500e+02
-9.999104614257812500e+02
-9.999104614257812500e+02
-9.999104614257812500e+02
-9.999104614257812500e+02
-9.999104614257812500e+02
-9.999104614257812500e+02
-9.999104614257812500e+02
-9.999104614257812500e+02
-9.999104614257812500e+02
-9.999104614257812500e+02
-9.999104614257812500e+02
-9.999104614257812500e+02
-9.999104614257812500e+02
-9.999104614257812500e+02
-9.999104614257812500e+02
-9.999104614257812500e+02
-9.999104614257812500e+02
-9.999104614257812500e+02
-9.999104614257812500e+02
-9.999104614257812500e+02
-9.999104614257812500e+02
-9.999104614257812500e+02
-9.999104614257812500e+02
-9.999104614257812500e+02
-9.999104614257812500e+02
-9.999104614257812500e+02
-9.999104614257812500e+02
-9.999104614257812500e+02
-9.999104614257812500e+02
-9.999104614257812500e+02
-9.999104614257812500e+02
-9.999104614257812500e+02
-9.999104614257812500e+02
-9.999104614257812500e+02
-9.999104614257812500e+02
-9.999104614257812500e+02
-9.999104614257812500e+02
-9.999104614257812500e+02
-9.999104614257812500e+02
-9.999104614257812500e+02
-9.999104614257812500e+02
-9.999104614257812500e+02
-9.999104614257812500e+02
-9.999104614257812500e+02
-9.999104614257812500e+02
-9.999104614257812500e+02
-9.999104614257812500e+02
-9.999104614257812500e+02
-9.999104614257812500e+02
-9.999104614257812500e+02
-9.999104614257812500e+02
-9.999104614257812500e+02
-9.999104614257812500e+02
-9.999104614257812500e+02
-9.999104614257812500e+02
-9.999104614257812500e+02
-9.999104614257812500e+02
-9.999104614257812500e+02
-9.999104614257812500e+02
-9.999104614257812500e+02
