1.635855205641957998e+09
1.635855205650043964e+09
1.635855206651545048e+09
1.635855207651649952e+09
1.635855208651638031e+09
1.635855209651632071e+09
1.635855210651638985e+09
1.635855211651633978e+09
1.635855212651638031e+09
1.635855213651642084e+09
1.635855214651669025e+09
1.635855215651638985e+09
1.635855216651650906e+09
1.635855217651710033e+09
1.635855218651658058e+09
1.635855219651648045e+09
1.635855220651655912e+09
1.635855221651639938e+09
1.635855222651652098e+09
1.635855223651668072e+09
1.635855224651669025e+09
1.635855225651654005e+09
1.635855226651669979e+09
1.635855227651663065e+09
1.635855228651693106e+09
1.635855229651680946e+09
1.635855230651668072e+09
1.635855231651637077e+09
1.635855232651640892e+09
1.635855233651648998e+09
1.635855234651667118e+09
1.635855235651665926e+09
1.635855236651645899e+09
1.635855237651655912e+09
1.635855238651668072e+09
1.635855239651676893e+09
1.635855240651670933e+09
1.635855241651679039e+09
1.635855242651679039e+09
1.635855243651664019e+09
1.635855244651648998e+09
1.635855245651633978e+09
1.635855246651721954e+09
1.635855248651657104e+09
1.635855249651602983e+09
1.635855250651599884e+09
1.635855251651634932e+09
1.635855252651604891e+09
1.635855253651571989e+09
1.635855254651577950e+09
1.635855255651562929e+09
1.635855256651550055e+09
1.635855257651432991e+09
1.635855258651511908e+09
1.635855259651582003e+09
1.635855260651561022e+09
1.635855261651550055e+09
1.635855262651544094e+09
1.635855263651550055e+09
1.635855264651566029e+09
1.635855265651490927e+09
1.635855266651320934e+09
1.635855267651561975e+09
1.635855268651573896e+09
1.635855269651565075e+09
1.635855270651566982e+09
1.635855271651567936e+09
1.635855272651571989e+09
1.635855273651495934e+09
1.635855274651583910e+09
1.635855275651563883e+09
1.635855276651727915e+09
1.635855277651609898e+09
1.635855278651585102e+09
1.635855279651577950e+09
1.635855280651580095e+09
1.635855281651576996e+09
1.635855282651571989e+09
1.635855283651483059e+09
1.635855284651568890e+09
1.635855285651546001e+09
1.635855286651575089e+09
1.635855287651593924e+09
1.635855288651597023e+09
1.635855289651599884e+09
1.635855290651607037e+09
1.635855291651593924e+09
1.635855292651565075e+09
1.635855293651597023e+09
1.635855294651381969e+09
1.635855295651596069e+09
1.635855296651701927e+09
1.635855297651667118e+09
1.635855298651667118e+09
1.635855299651658058e+09
1.635855300651827097e+09
1.635855301651551962e+09
1.635855302651464939e+09
1.635855303651524067e+09
1.635855304651531935e+09
1.635855305651700020e+09
1.635855306651562929e+09
1.635855307651700020e+09
1.635855308651669025e+09
1.635855309651540041e+09
1.635855310651597977e+09
1.635855311651570082e+09
1.635855312651644945e+09
1.635855313651484966e+09
1.635855314651571989e+09
1.635855315651582003e+09
1.635855316651757002e+09
1.635855317651566982e+09
1.635855318651552916e+09
1.635855319651933908e+09
1.635855320651551962e+09
1.635855321651532888e+09
1.635855322651586056e+09
1.635855323651563883e+09
1.635855324651559114e+09
1.635855325651559114e+09
1.635855326651525021e+09
1.635855327651618004e+09
1.635855328651580095e+09
1.635855329651586056e+09
1.635855330651591063e+09
1.635855331651599884e+09
1.635855332651593924e+09
1.635855333651595116e+09
1.635855334651578903e+09
1.635855335651575089e+09
1.635855336651590109e+09
1.635855337651663065e+09
1.635855338651673079e+09
1.635855339651675940e+09
1.635855340651674986e+09
1.635855341651602983e+09
1.635855342651645899e+09
1.635855343651643038e+09
1.635855344651670933e+09
1.635855345651602030e+09
1.635855346651598930e+09
1.635855347651592970e+09
1.635855348651638031e+09
1.635855349651581049e+09
1.635855350651516914e+09
1.635855351651592970e+09
1.635855352651629925e+09
1.635855353651664019e+09
1.635855354651663065e+09
1.635855355651587009e+09
1.635855356651767015e+09
1.635855357651710987e+09
1.635855358651598930e+09
1.635855359651354074e+09
1.635855360651595116e+09
1.635855361651556969e+09
1.635855362651549101e+09
1.635855363651554108e+09
1.635855364651592970e+09
1.635855365651578903e+09
1.635855366651520014e+09
1.635855367651602983e+09
1.635855368651639938e+09
1.635855369651592970e+09
1.635855370651596069e+09
1.635855371651624918e+09
1.635855372651592016e+09
1.635855373651588917e+09
1.635855374651580095e+09
1.635855375651551962e+09
1.635855376651561022e+09
1.635855377651593924e+09
1.635855378651603937e+09
1.635855379651578903e+09
1.635855380651561022e+09
1.635855381651545048e+09
1.635855382651560068e+09
1.635855383651536942e+09
1.635855384651485920e+09
1.635855385651535988e+09
1.635855386651609898e+09
1.635855387651592970e+09
1.635855388651582956e+09
1.635855389651575089e+09
1.635855390651567936e+09
1.635855391651549101e+09
1.635855392651489973e+09
1.635855393651560068e+09
1.635855394651555061e+09
1.635855395651573896e+09
1.635855396651593924e+09
1.635855397651603937e+09
1.635855398651599884e+09
1.635855399651587009e+09
1.635855400651618004e+09
1.635855401650638103e+09
1.635855402651597023e+09
1.635855403651616096e+09
1.635855404651585102e+09
1.635855405651580095e+09
1.635855406651592016e+09
1.635855407651592016e+09
1.635855408651566982e+09
1.635855409651592016e+09
1.635855410651524067e+09
1.635855411651578903e+09
1.635855412651563883e+09
1.635855413651587963e+09
1.635855414651590109e+09
1.635855415651551008e+09
1.635855416651526928e+09
1.635855417651557922e+09
1.635855418651513100e+09
1.635855419651592970e+09
1.635855420651607990e+09
1.635855421651513100e+09
1.635855422651480913e+09
1.635855423651488066e+09
1.635855424651515961e+09
1.635855425651602983e+09
1.635855426651599884e+09
1.635855427651619911e+09
1.635855428651611090e+09
1.635855429651614904e+09
1.635855430651851892e+09
1.635855431651743889e+09
1.635855432651597977e+09
1.635855433651583910e+09
1.635855434651571989e+09
1.635855435651586056e+09
1.635855436651570082e+09
1.635855437651609898e+09
1.635855438651585102e+09
1.635855439651523113e+09
1.635855440651506901e+09
1.635855441651575089e+09
1.635855442651549101e+09
1.635855443651549101e+09
1.635855444651580095e+09
1.635855445651551008e+09
1.635855446651515007e+09
1.635855447651598930e+09
1.635855448651588917e+09
1.635855449651427984e+09
1.635855450651570082e+09
1.635855451651690960e+09
1.635855452651627064e+09
1.635855453651834965e+09
1.635855454651575089e+09
1.635855455651570082e+09
1.635855456651578903e+09
1.635855457651617050e+09
1.635855458651578903e+09
1.635855459651580095e+09
1.635855460651582003e+09
1.635855461651571035e+09
1.635855462651582003e+09
1.635855463651575089e+09
1.635855464651535034e+09
1.635855465651591063e+09
1.635855466651525974e+09
1.635855467651585102e+09
1.635855468651586056e+09
1.635855469651597023e+09
1.635855470651577950e+09
1.635855471651511908e+09
1.635855472652192116e+09
1.635855473651551962e+09
1.635855474651469946e+09
1.635855475651551962e+09
1.635855476651567936e+09
1.635855477651560068e+09
1.635855478651515007e+09
1.635855479651592970e+09
1.635855480651568890e+09
1.635855481651511908e+09
1.635855482651571989e+09
1.635855483651587009e+09
1.635855484651498079e+09
1.635855485651439905e+09
1.635855486651509047e+09
1.635855487651573896e+09
1.635855488651590109e+09
1.635855489651580095e+09
1.635855490651557922e+09
1.635855491651559114e+09
1.635855492651525974e+09
1.635855493651540995e+09
1.635855494651547909e+09
1.635855495651407003e+09
1.635855496651551962e+09
1.635855497651568890e+09
1.635855498651510000e+09
1.635855499651642084e+09
1.635855500651570082e+09
1.635855501651566982e+09
1.635855502651571989e+09
1.635855503651573896e+09
1.635855504651596069e+09
1.635855505651521921e+09
1.635855506651590109e+09
1.635855507651582956e+09
1.635855508651562929e+09
1.635855509651565075e+09
1.635855510651552916e+09
1.635855511651489019e+09
1.635855512651494980e+09
1.635855513651626110e+09
1.635855514651609898e+09
1.635855515651598930e+09
1.635855516651552916e+09
1.635855517651617050e+09
1.635855518651592016e+09
1.635855519651580095e+09
1.635855520651561975e+09
1.635855521651597023e+09
1.635855522651638985e+09
1.635855523651530981e+09
1.635855524651473999e+09
1.635855525651546955e+09
1.635855526651582956e+09
1.635855527651680946e+09
1.635855528651504993e+09
1.635855529650904894e+09
1.635855530651602983e+09
1.635855531651587963e+09
1.635855532651635885e+09
1.635855533651916981e+09
1.635855534651634932e+09
1.635855535651628017e+09
1.635855536651927948e+09
1.635855537651542902e+09
1.635855538651607990e+09
1.635855539651618004e+09
1.635855540651597023e+09
1.635855541651598930e+09
1.635855542651596069e+09
1.635855543651501894e+09
1.635855544651506901e+09
1.635855545651572943e+09
1.635855546651565075e+09
1.635855547651457071e+09
1.635855548651526928e+09
1.635855549651546001e+09
1.635855550651534081e+09
1.635855551651551008e+09
1.635855552651473999e+09
1.635855553652206898e+09
1.635855554651568890e+09
1.635855555651585102e+09
1.635855556651535034e+09
1.635855557651443958e+09
1.635855558651566982e+09
1.635855559651628017e+09
1.635855560651514053e+09
1.635855561651617050e+09
1.635855562651566982e+09
1.635855563651580095e+09
1.635855564651576042e+09
1.635855565651572943e+09
1.635855566651441097e+09
1.635855567651458979e+09
1.635855568651595116e+09
1.635855569651607037e+09
1.635855570651607037e+09
1.635855571651633024e+09
1.635855572651604891e+09
1.635855573651582003e+09
1.635855574651572943e+09
1.635855575651479006e+09
1.635855576651459932e+09
1.635855577651511908e+09
1.635855578651635885e+09
1.635855579651529074e+09
1.635855580651587009e+09
1.635855581651592970e+09
1.635855582651583910e+09
1.635855583651566029e+09
1.635855584651582956e+09
1.635855585651561975e+09
1.635855586651561975e+09
1.635855587651597023e+09
1.635855588651604891e+09
1.635855589651599884e+09
1.635855590651638031e+09
1.635855591651578903e+09
1.635855592651563883e+09
1.635855593651551962e+09
1.635855594651551962e+09
1.635855595651488066e+09
1.635855596651457071e+09
1.635855597651623964e+09
1.635855598651597977e+09
1.635855599651566982e+09
1.635855600651557922e+09
1.635855601651585102e+09
1.635855602651612043e+09
1.635855603651586056e+09
1.635855604651493073e+09
1.635855605651618004e+09
1.635855606651582956e+09
1.635855607651597977e+09
1.635855608651582956e+09
1.635855609651544094e+09
1.635855610651551962e+09
1.635855611651544094e+09
1.635855612651546955e+09
1.635855613651546001e+09
1.635855614651529074e+09
1.635855615651542902e+09
1.635855616651559114e+09
1.635855617651593924e+09
1.635855618651593924e+09
1.635855619651645899e+09
1.635855620651597977e+09
1.635855621651568890e+09
1.635855622651572943e+09
1.635855623651563883e+09
1.635855624651518106e+09
1.635855625651596069e+09
1.635855626651309013e+09
1.635855627651606083e+09
1.635855628651581049e+09
1.635855629651573896e+09
1.635855630651567936e+09
1.635855631651496887e+09
1.635855632651575089e+09
1.635855633651545048e+09
1.635855634651612043e+09
1.635855635651571035e+09
1.635855636650681019e+09
1.635855637651642084e+09
1.635855638651555061e+09
1.635855639651572943e+09
1.635855640651583910e+09
1.635855641651556015e+09
1.635855642651540995e+09
1.635855643651555061e+09
1.635855644651549101e+09
1.635855645651583910e+09
1.635855646651532888e+09
1.635855647651587963e+09
1.635855648651617050e+09
1.635855649651518106e+09
1.635855650651563883e+09
1.635855651651566982e+09
1.635855652651556015e+09
1.635855653651073933e+09
1.635855654651571035e+09
1.635855655651554108e+09
1.635855656651478052e+09
1.635855657651565075e+09
1.635855658651592016e+09
1.635855659651604891e+09
1.635855660651506901e+09
1.635855661651609898e+09
1.635855662651499033e+09
1.635855663651541948e+09
1.635855664651602030e+09
1.635855665651596069e+09
1.635855666651500940e+09
1.635855667651535034e+09
1.635855668651571035e+09
1.635855669651513100e+09
1.635855670651595116e+09
1.635855671651554108e+09
1.635855672651549101e+09
1.635855673651546955e+09
1.635855674651570082e+09
1.635855675651573896e+09
1.635855676651439905e+09
1.635855677651633024e+09
1.635855678651582003e+09
1.635855679651578903e+09
1.635855680651493073e+09
1.635855681651593924e+09
1.635855682651627064e+09
1.635855683651612043e+09
1.635855684651623964e+09
1.635855685651588917e+09
1.635855686651462078e+09
1.635855687651597977e+09
1.635855688651587963e+09
1.635855689651599884e+09
1.635855690651530027e+09
1.635855691651509047e+09
1.635855692651597977e+09
1.635855693651601076e+09
1.635855694651571989e+09
1.635855695651575089e+09
1.635855696651628971e+09
1.635855697651629925e+09
1.635855698651608944e+09
1.635855699651752949e+09
1.635855700651591063e+09
1.635855701651546001e+09
1.635855702651551962e+09
1.635855703650881052e+09
1.635855704651546001e+09
1.635855705651541948e+09
1.635855706651499987e+09
1.635855707651592016e+09
1.635855708651554108e+09
1.635855709651552916e+09
1.635855710651595116e+09
1.635855711651508093e+09
1.635855712651592016e+09
1.635855713651604891e+09
1.635855714651593924e+09
1.635855715651575089e+09
1.635855716651530981e+09
1.635855717651577950e+09
1.635855718651576042e+09
1.635855719651566029e+09
1.635855720651500940e+09
1.635855721651540041e+09
1.635855722651562929e+09
1.635855723651555061e+09
1.635855724651182890e+09
1.635855725651639938e+09
1.635855726651500940e+09
1.635855727651591063e+09
1.635855728651555061e+09
1.635855729651561975e+09
1.635855730651566982e+09
1.635855731651634932e+09
1.635855732651561975e+09
1.635855733651550055e+09
1.635855734651562929e+09
1.635855735651576996e+09
1.635855736651437044e+09
1.635855737651593924e+09
1.635855738651559114e+09
1.635855739651552916e+09
1.635855740651566982e+09
1.635855741651523113e+09
1.635855742651551008e+09
1.635855743651567936e+09
1.635855744651583910e+09
1.635855745651582956e+09
1.635855746651509047e+09
1.635855747651595116e+09
1.635855748651490927e+09
1.635855749651516914e+09
1.635855750651492119e+09
1.635855751651555061e+09
1.635855752651576042e+09
1.635855753651573896e+09
1.635855754651562929e+09
1.635855755651560068e+09
1.635855756651557922e+09
1.635855757651582003e+09
1.635855758651593924e+09
1.635855759651578903e+09
1.635855760651567936e+09
1.635855761651055098e+09
1.635855762651555061e+09
1.635855763651598930e+09
1.635855764651556015e+09
1.635855765651551962e+09
1.635855766651534081e+09
1.635855767651598930e+09
1.635855768651601076e+09
1.635855769651515961e+09
1.635855770651563883e+09
1.635855771651572943e+09
1.635855772651577950e+09
1.635855773651599884e+09
1.635855774651576042e+09
1.635855775651585102e+09
1.635855776651489019e+09
1.635855777651521921e+09
1.635855778651578903e+09
1.635855779651566982e+09
1.635855780651597023e+09
1.635855781651563883e+09
1.635855782651561022e+09
1.635855783651571989e+09
1.635855784651599884e+09
1.635855785651597023e+09
1.635855786651400089e+09
1.635855787651516914e+09
1.635855788651470900e+09
1.635855789651585102e+09
1.635855790651568890e+09
1.635855791651577950e+09
1.635855792651604891e+09
1.635855793651590109e+09
1.635855794651681900e+09
1.635855795651582956e+09
1.635855796651439905e+09
1.635855797651591063e+09
1.635855798651576996e+09
1.635855799651596069e+09
1.635855800651590109e+09
1.635855801651669025e+09
1.635855802651616096e+09
1.635855803651607037e+09
1.635855804651580095e+09
1.635855805651544094e+09
1.635855898651581049e+09
1.635855899651633978e+09
1.635855900651575089e+09
1.635855901651664972e+09
1.635855902651575089e+09
1.635855903651602983e+09
1.635855904651599884e+09
1.635855905651595116e+09
1.635855906651608944e+09
1.635855907651695013e+09
1.635855908651694059e+09
1.635855909651649952e+09
1.635855910651671886e+09
1.635855911651644945e+09
1.635855912651725054e+09
1.635855913651726007e+09
1.635855914651700974e+09
1.635855915651586056e+09
1.635855916651576996e+09
1.635855917651586056e+09
1.635855918651618958e+09
1.635855919651681900e+09
1.635855920651592016e+09
1.635855921651599884e+09
1.635855922651595116e+09
1.635855923651576996e+09
1.635855924651696920e+09
1.635855925651690960e+09
1.635855926651644945e+09
1.635855927651787043e+09
1.635855928651679993e+09
1.635855929651640892e+09
1.635855930651572943e+09
1.635855931651596069e+09
1.635855932651578903e+09
1.635855933651667118e+09
1.635855934651694059e+09
1.635855935651582956e+09
1.635855936651613951e+09
1.635855937651573896e+09
1.635855938651653051e+09
1.635855939651654959e+09
1.635855940651693106e+09
1.635855941651702881e+09
1.635855942651705980e+09
1.635855943651684046e+09
1.635855944651624918e+09
1.635855945651693106e+09
1.635855946651688099e+09
1.635855947651695013e+09
1.635855948651694059e+09
1.635855949651684999e+09
1.635855950651617050e+09
1.635855951651689053e+09
1.635855952651676893e+09
1.635855953651695013e+09
1.635855954651699066e+09
1.635855955651628017e+09
1.635855956651695013e+09
1.635855957651694059e+09
1.635855958651706934e+09
1.635855959651607037e+09
1.635855960651591063e+09
1.635855961651592016e+09
1.635855962651595116e+09
1.635855963651659012e+09
1.635855964651695967e+09
1.635855965651690006e+09
1.635855966651696920e+09
1.635855967651698112e+09
1.635855968651657104e+09
1.635855969651773930e+09
1.635855970651599884e+09
1.635855971651612997e+09
1.635855972651604891e+09
1.635855973651602983e+09
1.635855974651704073e+09
1.635855975651659966e+09
1.635855976651602983e+09
1.635855977651566029e+09
1.635855978651645899e+09
1.635855979651571035e+09
1.635855980651577950e+09
1.635855981651567936e+09
1.635855982651647091e+09
1.635855983651566982e+09
1.635855984651696920e+09
1.635855985651694059e+09
1.635855986651695967e+09
1.635855987651587963e+09
1.635855988651648998e+09
1.635855989651596069e+09
1.635855990651596069e+09
1.635855991651566982e+09
1.635855992651583910e+09
1.635855993651622057e+09
1.635855994651612043e+09
1.635855995651606083e+09
1.635855996651765108e+09
1.635855997651629925e+09
1.635855998651655912e+09
1.635855999651587009e+09
1.635856000651595116e+09
1.635856001651607037e+09
1.635856002651595116e+09
1.635856003651699066e+09
1.635856004651700974e+09
1.635856005651573896e+09
1.635856006651684999e+09
1.635856007651655912e+09
1.635856008651735067e+09
1.635856009651698112e+09
1.635856010651596069e+09
1.635856011651635885e+09
1.635856012651623011e+09
1.635856013651561022e+09
1.635856014651617050e+09
1.635856015651623964e+09
1.635856016651592016e+09
1.635856017651654959e+09
1.635856018651592016e+09
1.635856019651571035e+09
1.635856020651587009e+09
1.635856021651611090e+09
1.635856022651653051e+09
1.635856023651700020e+09
1.635856024651619911e+09
1.635856025651716948e+09
1.635856026651616096e+09
1.635856027651581049e+09
1.635856028651590109e+09
1.635856029651524067e+09
1.635856030651624918e+09
1.635856031651643991e+09
1.635856032651671886e+09
1.635856033651736021e+09
1.635856034651684046e+09
1.635856035651643038e+09
1.635856036651696920e+09
1.635856037651685953e+09
1.635856038651575089e+09
1.635856039651660919e+09
1.635856040651722908e+09
1.635856041651607037e+09
1.635856042651588917e+09
1.635856043651612043e+09
1.635856044651663065e+09
1.635856045651660919e+09
1.635856046651690960e+09
1.635856047651624918e+09
1.635856048651650906e+09
1.635856049651595116e+09
1.635856050651595116e+09
1.635856051651585102e+09
1.635856052651566982e+09
1.635856053651751041e+09
1.635856054651639938e+09
1.635856055651557922e+09
1.635856056651644945e+09
1.635856057651690960e+09
1.635856058651649952e+09
1.635856059651581049e+09
1.635856060651700974e+09
1.635856061651603937e+09
1.635856062651586056e+09
1.635856063651582003e+09
1.635856064651650906e+09
1.635856065651582003e+09
1.635856066651592970e+09
1.635856067651590109e+09
1.635856068651706934e+09
1.635856069651592016e+09
1.635856070651612043e+09
1.635856071651565075e+09
1.635856072651659966e+09
1.635856073651695013e+09
1.635856074651575089e+09
1.635856075651571989e+09
1.635856076651588917e+09
1.635856077651595116e+09
1.635856078651658058e+09
1.635856079651604891e+09
1.635856080651572943e+09
1.635856081651684046e+09
1.635856082651578903e+09
1.635856083651694059e+09
1.635856084651702881e+09
1.635856085651750088e+09
1.635856086651690006e+09
1.635856087651695013e+09
1.635856088651643038e+09
1.635856089651602983e+09
1.635856090651691914e+09
1.635856091651573896e+09
1.635856092651598930e+09
1.635856093651576042e+09
1.635856094651623011e+09
1.635856095651707888e+09
1.635856096651611090e+09
1.635856097651695967e+09
1.635856098651653051e+09
1.635856099651592970e+09
1.635856100651657104e+09
1.635856101651598930e+09
1.635856102651695013e+09
1.635856103651700020e+09
1.635856104651689053e+09
1.635856105651686907e+09
1.635856106651587009e+09
1.635856107651576042e+09
1.635856108651652098e+09
1.635856109651729107e+09
1.635856110651637077e+09
1.635856111651590109e+09
1.635856112651588917e+09
1.635856113651607990e+09
1.635856114651609898e+09
1.635856115651650906e+09
1.635856116651900053e+09
1.635856117651642084e+09
1.635856118651690960e+09
1.635856119651648998e+09
1.635856120651653051e+09
1.635856121651649952e+09
1.635856122651411057e+09
1.635856123651401997e+09
1.635856124651735067e+09
1.635856125651592016e+09
1.635856126651560068e+09
1.635856127651582956e+09
1.635856128651643991e+09
1.635856129651601076e+09
1.635856130651601076e+09
1.635856131651599884e+09
1.635856132651613951e+09
1.635856133651653051e+09
1.635856134651602983e+09
1.635856135651602983e+09
1.635856136651670933e+09
1.635856137651752949e+09
1.635856138651642084e+09
1.635856139651649952e+09
1.635856140651683092e+09
1.635856141651576996e+09
1.635856142651607037e+09
1.635856143651647091e+09
1.635856144651730061e+09
1.635856145651642084e+09
1.635856146651676893e+09
1.635856147651587963e+09
1.635856148651725054e+09
1.635856149651735067e+09
1.635856150651561975e+09
1.635856151651588917e+09
1.635856152651675940e+09
1.635856153651647091e+09
1.635856154651693106e+09
1.635856155651554108e+09
1.635856156651550055e+09
1.635856157651585102e+09
1.635856158651634932e+09
1.635856159651649952e+09
1.635856160651576996e+09
1.635856161651588917e+09
1.635856162651571035e+09
1.635856163651644945e+09
1.635856164651638031e+09
1.635856165651679993e+09
1.635856166651587009e+09
1.635856167651633024e+09
1.635856168651642084e+09
1.635856169651595116e+09
1.635856170651566982e+09
1.635856171651664019e+09
1.635856172651582003e+09
1.635856173651650906e+09
1.635856174651643038e+09
1.635856175651676893e+09
1.635856176651714087e+09
1.635856177651671886e+09
1.635856178651632071e+09
1.635856179651582956e+09
1.635856180651736975e+09
1.635856181651571035e+09
1.635856182651680946e+09
1.635856183651670933e+09
1.635856184651582956e+09
1.635856185651731968e+09
1.635856186651657104e+09
1.635856187651676893e+09
1.635856188651633978e+09
1.635856189651742935e+09
1.635856190651695967e+09
1.635856191651635885e+09
1.635856192651736975e+09
1.635856193651552916e+09
1.635856194651552916e+09
1.635856195651571989e+09
1.635856196651568890e+09
1.635856197651565075e+09
1.635856198651639938e+09
1.635856199651653051e+09
1.635856200651583910e+09
1.635856201651635885e+09
1.635856202651623964e+09
1.635856203651560068e+09
1.635856204651613951e+09
1.635856205651612043e+09
1.635856206651737928e+09
1.635856207651678085e+09
1.635856208651643991e+09
1.635856209651741028e+09
1.635856210651678085e+09
1.635856211651645899e+09
1.635856212651674032e+09
1.635856213651731014e+09
1.635856214651590109e+09
1.635856215651576996e+09
1.635856216651674032e+09
1.635856217651614904e+09
1.635856218651633024e+09
1.635856219651742935e+09
1.635856220651700974e+09
1.635856221651633978e+09
1.635856222651726961e+09
1.635856223651578903e+09
1.635856224651592970e+09
1.635856225651751995e+09
1.635856226651698112e+09
1.635856227651602030e+09
1.635856228651634932e+09
1.635856229651581049e+09
1.635856230651592016e+09
1.635856231651674032e+09
1.635856232651658058e+09
1.635856233651592016e+09
1.635856234651591063e+09
1.635856235651607990e+09
1.635856236651575089e+09
1.635856237651598930e+09
1.635856238651634932e+09
1.635856239651561022e+09
1.635856240651565075e+09
1.635856241651667118e+09
1.635856242651667118e+09
1.635856243651595116e+09
1.635856244651585102e+09
1.635856245651583910e+09
1.635856246651575089e+09
1.635856247651623011e+09
1.635856248651629925e+09
1.635856249651675940e+09
1.635856250651654005e+09
1.635856251651619911e+09
1.635856252651575089e+09
1.635856253651690960e+09
1.635856254651588917e+09
1.635856255651575089e+09
1.635856256651607990e+09
1.635856257651592970e+09
1.635856258651635885e+09
1.635856259651644945e+09
1.635856260651671886e+09
1.635856261651575089e+09
1.635856262651637077e+09
1.635856263651604891e+09
1.635856264651602030e+09
1.635856265651657104e+09
1.635856266651580095e+09
1.635856267651657104e+09
1.635856268651387930e+09
1.635856269651632071e+09
1.635856270651643991e+09
1.635856271651648045e+09
1.635856272651596069e+09
1.635856273651650906e+09
1.635856274651597977e+09
1.635856275651585102e+09
1.635856276651734114e+09
1.635856277651578903e+09
1.635856278651640892e+09
1.635856279651634932e+09
1.635856280651654005e+09
1.635856281651607037e+09
1.635856282651591063e+09
1.635856283651591063e+09
1.635856284651607037e+09
1.635856285651578903e+09
1.635856286651638985e+09
1.635856287651595116e+09
1.635856288651639938e+09
1.635856289651669979e+09
1.635856290651655912e+09
1.635856291651571035e+09
1.635856292651633978e+09
1.635856293651591063e+09
1.635856294651618004e+09
1.635856295651626110e+09
1.635856296651652098e+09
1.635856297651583910e+09
1.635856298651629925e+09
1.635856299651587963e+09
1.635856300651667118e+09
1.635856301651753902e+09
1.635856302651683092e+09
1.635856303651568890e+09
1.635856304651578903e+09
1.635856305651637077e+09
1.635856306651669025e+09
1.635856307651602983e+09
1.635856308651639938e+09
1.635856309651736975e+09
1.635856310651645899e+09
1.635856311651678085e+09
1.635856312651563883e+09
1.635856313651652098e+09
1.635856314651614904e+09
1.635856315651609898e+09
1.635856316651751041e+09
1.635856317651685953e+09
1.635856318651640892e+09
1.635856319651640892e+09
1.635856320651649952e+09
1.635856321651592016e+09
1.635856322651637077e+09
1.635856323651559114e+09
1.635856324651725054e+09
1.635856325651622057e+09
1.635856326651566029e+09
1.635856327651571989e+09
1.635856328651642084e+09
1.635856329651552916e+09
1.635856330651663065e+09
1.635856331651643991e+09
1.635856332651565075e+09
1.635856333651576996e+09
1.635856334651587963e+09
1.635856335651561022e+09
1.635856336651592970e+09
1.635856337651575089e+09
1.635856338651643991e+09
1.635856339651655912e+09
1.635856340651659012e+09
1.635856341651669025e+09
1.635856342651566982e+09
1.635856343651581049e+09
1.635856344651659966e+09
1.635856345651590109e+09
1.635856346651756048e+09
1.635856347651601076e+09
1.635856348651643991e+09
1.635856349651647091e+09
1.635856350651663065e+09
1.635856351651577950e+09
1.635856352651598930e+09
1.635856353651613951e+09
1.635856354651597023e+09
1.635856355651575089e+09
1.635856356651655912e+09
1.635856357651596069e+09
1.635856358651393890e+09
1.635856359651637077e+09
1.635856360651663065e+09
1.635856361651670933e+09
1.635856362651679993e+09
1.635856363651572943e+09
1.635856364651657104e+09
1.635856365651586056e+09
1.635856366651565075e+09
1.635856367651649952e+09
1.635856368651632071e+09
1.635856369651562929e+09
1.635856370651657104e+09
1.635856371651648045e+09
1.635856372651563883e+09
1.635856373651648998e+09
1.635856374651577950e+09
1.635856375651688099e+09
1.635856376651751995e+09
1.635856377651679039e+09
1.635856378651635885e+09
1.635856379651612997e+09
1.635856380651627064e+09
1.635856381651629925e+09
1.635856382651573896e+09
1.635856383651575089e+09
1.635856384651639938e+09
1.635856385651585102e+09
1.635856386651559114e+09
1.635856387651572943e+09
1.635856388651643991e+09
1.635856389651629925e+09
1.635856390651642084e+09
1.635856391651571035e+09
1.635856392651576042e+09
1.635856393651587009e+09
1.635856394651566029e+09
1.635856395651403904e+09
1.635856396651706934e+09
1.635856397651654959e+09
1.635856398651633978e+09
1.635856399651731014e+09
1.635856400651633978e+09
1.635856401651601076e+09
1.635856402651678085e+09
1.635856403651690960e+09
1.635856404651642084e+09
1.635856405651586056e+09
1.635856406651580095e+09
1.635856407651638985e+09
1.635856408651639938e+09
1.635856409651635885e+09
1.635856410651675940e+09
1.635856411651596069e+09
1.635856412651657104e+09
1.635856413651587963e+09
1.635856414651678085e+09
1.635856415651747942e+09
1.635856416651582003e+09
1.635856417651596069e+09
1.635856418651629925e+09
1.635856419651736975e+09
1.635856420651633978e+09
1.635856421651694059e+09
1.635856422651635885e+09
1.635856423651573896e+09
1.635856424651652098e+09
1.635856425651675940e+09
1.635856426651736975e+09
1.635856427651700974e+09
1.635856428651629925e+09
1.635856429651628971e+09
1.635856430651674032e+09
1.635856431651640892e+09
1.635856432651654959e+09
1.635856433651627064e+09
1.635856434651681900e+09
1.635856435651592970e+09
1.635856436651628971e+09
1.635856437651746035e+09
1.635856438651644945e+09
1.635856439651611090e+09
1.635856440651740074e+09
1.635856441651643991e+09
1.635856442651618958e+09
1.635856443651638031e+09
1.635856444651680946e+09
1.635856445651628017e+09
1.635856446651623011e+09
1.635856447651678085e+09
1.635856448651632071e+09
1.635856449651654005e+09
1.635856450651587009e+09
1.635856451651663065e+09
1.635856452651576042e+09
1.635856453651626110e+09
1.635856454651586056e+09
1.635856455651576996e+09
1.635856456651678085e+09
1.635856457651670933e+09
1.635856458651633978e+09
1.635856459651649952e+09
1.635856460651607990e+09
1.635856461651659012e+09
1.635856462651601076e+09
1.635856463651629925e+09
1.635856464651689053e+09
1.635856465651645899e+09
1.635856466651699066e+09
1.635856467651654005e+09
1.635856468651634932e+09
1.635856469651645899e+09
1.635856470651634932e+09
1.635856471651648998e+09
1.635856472651698112e+09
1.635856473651571989e+09
1.635856474651638985e+09
1.635856475651603937e+09
1.635856476651623011e+09
1.635856477651565075e+09
1.635856478651629925e+09
1.635856479651647091e+09
1.635856480651565075e+09
1.635856481651485920e+09
1.635856482651727915e+09
1.635856483651587963e+09
1.635856484651700020e+09
1.635856485651730061e+09
1.635856486651607990e+09
1.635856487651587963e+09
1.635856488651633024e+09
1.635856489651737928e+09
1.635856490651586056e+09
1.635856491651663065e+09
1.635856492651578903e+09
1.635856493651643991e+09
1.635856494651597023e+09
1.635856495651566982e+09
1.635856496651580095e+09
1.635856497651648998e+09
1.635856498651633024e+09
1.635856499651693106e+09
1.635856500651715040e+09
1.635856501651652098e+09
1.635856502651650906e+09
1.635856503651580095e+09
1.635856504651567936e+09
1.635856505651576996e+09
1.635856506651571989e+09
1.635856507651578903e+09
1.635856508651640892e+09
1.635856509651632071e+09
1.635856510651680946e+09
1.635856511651699066e+09
1.635856512651737928e+09
1.635856513651571035e+09
1.635856514651591063e+09
1.635856515651559114e+09
1.635856516651731968e+09
1.635856517651588917e+09
1.635856518651642084e+09
1.635856519651738882e+09
1.635856520651591063e+09
1.635856521651648998e+09
1.635856522651736975e+09
1.635856523651596069e+09
1.635856524651576042e+09
1.635856525651747942e+09
1.635856526651588917e+09
1.635856527651626110e+09
1.635856528651635885e+09
1.635856529651760101e+09
1.635856530651566029e+09
1.635856531651640892e+09
1.635856532651746035e+09
1.635856533651556969e+09
1.635856534651680946e+09
1.635856535651581049e+09
1.635856536651631117e+09
1.635856537651685953e+09
1.635856538651633024e+09
1.635856539651715040e+09
1.635856540651671886e+09
1.635856541651647091e+09
1.635856542651637077e+09
1.635856543651561975e+09
1.635856544651745081e+09
1.635856545651673079e+09
1.635856546651675940e+09
1.635856547651750088e+09
1.635856548651626110e+09
1.635856549651659966e+09
1.635856550651597977e+09
1.635856551651647091e+09
1.635856552651685953e+09
1.635856553651626110e+09
1.635856554651688099e+09
1.635856555651743889e+09
1.635856556651597023e+09
1.635856557651654959e+09
1.635856558651624918e+09
1.635856559651619911e+09
1.635856560651667118e+09
1.635856561651681900e+09
1.635856562651582003e+09
1.635856563651568890e+09
1.635856564651598930e+09
1.635856565651612043e+09
1.635856566651642084e+09
1.635856567651587009e+09
1.635856568651640892e+09
1.635856569651747942e+09
1.635856570651681900e+09
1.635856571651664972e+09
1.635856572651590109e+09
1.635856573651632071e+09
1.635856574651597023e+09
1.635856575651602983e+09
1.635856576651736021e+09
1.635856577651693106e+09
1.635856578651633024e+09
1.635856579651736975e+09
1.635856580651591063e+09
1.635856581651487112e+09
1.635856582651671886e+09
1.635856583651742935e+09
1.635856584651599884e+09
1.635856585651598930e+09
1.635856586651746988e+09
1.635856587651582956e+09
1.635856588651634932e+09
1.635856589651693106e+09
1.635856590651623011e+09
1.635856591651658058e+09
1.635856592651592970e+09
1.635856593651586056e+09
1.635856594651741982e+09
1.635856595651698112e+09
1.635856596651561022e+09
1.635856597651686907e+09
1.635856598651633978e+09
1.635856599651659966e+09
1.635856600651578903e+09
1.635856601651654005e+09
1.635856602651567936e+09
1.635856603651633024e+09
1.635856604651592016e+09
1.635856605651648998e+09
1.635856606651680946e+09
1.635856607651489019e+09
1.635856608651634932e+09
1.635856609651510000e+09
1.635856610651576996e+09
1.635856611651639938e+09
1.635856612651643991e+09
1.635856613651626110e+09
1.635856614651567936e+09
1.635856615651673079e+09
1.635856616651633024e+09
1.635856617651669025e+09
1.635856618651633978e+09
1.635856619651742935e+09
1.635856620651674032e+09
1.635856621651593924e+09
1.635856622651648045e+09
1.635856623651577950e+09
1.635856624651681900e+09
1.635856625651748896e+09
1.635856626651678085e+09
1.635856627651668072e+09
1.635856628651637077e+09
1.635856629651654959e+09
1.635856630651684999e+09
1.635856631651586056e+09
1.635856632651741982e+09
1.635856633651566982e+09
1.635856634651566029e+09
1.635856635651671886e+09
1.635856636651737928e+09
1.635856637651653051e+09
1.635856638651639938e+09
1.635856639651643991e+09
1.635856640651691914e+09
1.635856641651601076e+09
1.635856642651738882e+09
1.635856643651681900e+09
1.635856644651585102e+09
1.635856645651673079e+09
1.635856646651747942e+09
1.635856647651698112e+09
1.635856648651635885e+09
1.635856649651643038e+09
1.635856650651618004e+09
1.635856651651683092e+09
1.635856652651694059e+09
1.635856653651734114e+09
1.635856654651565075e+09
1.635856655651695967e+09
1.635856656651660919e+09
1.635856657651684046e+09
1.635856658651390076e+09
1.635856659651702881e+09
1.635856660651565075e+09
1.635856661651662111e+09
1.635856662651577950e+09
1.635856663651680946e+09
1.635856664651602030e+09
1.635856665651616096e+09
1.635856666651612997e+09
1.635856667651604891e+09
1.635856668651634932e+09
1.635856669651659966e+09
1.635856670651578903e+09
1.635856671651596069e+09
1.635856672651566029e+09
1.635856673651593924e+09
1.635856674651611090e+09
1.635856675651679993e+09
1.635856676651690960e+09
1.635856677651576996e+09
1.635856678651633024e+09
1.635856679651665926e+09
1.635856680651741028e+09
1.635856681651563883e+09
1.635856682651684046e+09
1.635856683651640892e+09
1.635856684651597023e+09
1.635856685651585102e+09
1.635856686651746988e+09
1.635856687651613951e+09
1.635856688651650906e+09
1.635856689651663065e+09
1.635856690651565075e+09
1.635856691651598930e+09
1.635856692651592016e+09
1.635856693651591063e+09
1.635856694651597023e+09
1.635856695651633024e+09
1.635856696651583910e+09
1.635856697651602983e+09
1.635856698651642084e+09
1.635856699651662111e+09
1.635856700651607037e+09
1.635856701651577950e+09
1.635856702651618958e+09
1.635856703651578903e+09
1.635856704651635885e+09
1.635856705651681900e+09
1.635856706651696920e+09
1.635856707651559114e+09
1.635856708651580095e+09
1.635856709651649952e+09
1.635856710651648045e+09
1.635856711651588917e+09
1.635856712651621103e+09
1.635856713651602030e+09
1.635856714651626110e+09
1.635856715651581049e+09
1.635856716651602030e+09
1.635856717651736021e+09
1.635856718651633978e+09
1.635856719651664972e+09
1.635856720651737928e+09
1.635856721651693106e+09
1.635856722651628971e+09
1.635856723651593924e+09
1.635856724651602030e+09
1.635856725651740074e+09
1.635856726651735067e+09
1.635856727651696920e+09
1.635856728651642084e+09
1.635856729651691914e+09
1.635856730651757002e+09
1.635856731651606083e+09
1.635856732651675940e+09
1.635856733651635885e+09
1.635856734651626110e+09
1.635856735651741028e+09
1.635856736651580095e+09
1.635856737651735067e+09
1.635856738651382923e+09
1.635856739651659012e+09
1.635856740651639938e+09
1.635856741651590109e+09
1.635856742651593924e+09
1.635856743651648045e+09
1.635856744651384115e+09
1.635856745651428938e+09
1.635856746651702881e+09
1.635856747651545048e+09
1.635856748651603937e+09
1.635856749651648045e+09
1.635856750651644945e+09
1.635856751651663065e+09
1.635856752651658058e+09
1.635856753651856899e+09
1.635856754651604891e+09
1.635856755651536942e+09
1.635856756651650906e+09
1.635856757651683092e+09
1.635856758651659012e+09
1.635856759651801109e+09
1.635856760651804924e+09
1.635856761651618958e+09
1.635856762651537895e+09
1.635856763651556969e+09
1.635856764651621103e+09
1.635856765651819944e+09
1.635856766651628971e+09
1.635856767651623964e+09
1.635856768651652098e+09
1.635856769651622057e+09
1.635856770651681900e+09
1.635856771651621103e+09
1.635856772651618004e+09
1.635856773651599884e+09
1.635856774651619911e+09
1.635856775651621103e+09
1.635856776651602030e+09
1.635856777651585102e+09
1.635856778651655912e+09
1.635856779651635885e+09
1.635856780651618958e+09
1.635856781651638031e+09
1.635856782651623011e+09
1.635856783651611090e+09
1.635856784651626110e+09
1.635856785651628971e+09
1.635856786651540995e+09
1.635856787651652098e+09
1.635856788651659966e+09
1.635856789651680946e+09
1.635856790651642084e+09
1.635856791651624918e+09
1.635856792651627064e+09
1.635856793651628971e+09
1.635856794651621103e+09
1.635856795651622057e+09
1.635856796651617050e+09
1.635856797651624918e+09
1.635856798651653051e+09
1.635856799651623964e+09
1.635856800651607990e+09
1.635856801651618958e+09
1.635856802651614904e+09
1.635856803651587963e+09
1.635856804651590109e+09
1.635856805651635885e+09
1.635856806651665926e+09
1.635856807651652098e+09
1.635856808651654005e+09
1.635856809651648998e+09
1.635856810651638031e+09
1.635856811651616096e+09
1.635856812651395082e+09
1.635856813651684046e+09
1.635856814651720047e+09
1.635856815651619911e+09
1.635856816651619911e+09
1.635856817651638031e+09
1.635856818651596069e+09
1.635856819651631117e+09
1.635856820651572943e+09
1.635856821651622057e+09
1.635856822651627064e+09
1.635856823651628971e+09
1.635856824651527882e+09
1.635856825651603937e+09
1.635856826651650906e+09
1.635856827651629925e+09
1.635856828651593924e+09
1.635856829651668072e+09
1.635856830651637077e+09
1.635856831651627064e+09
1.635856832651631117e+09
1.635856833651532888e+09
1.635856834651602983e+09
1.635856835651642084e+09
1.635856836651529074e+09
1.635856837651633978e+09
1.635856838651598930e+09
1.635856839651535988e+09
1.635856840651627064e+09
1.635856841651604891e+09
1.635856842651611090e+09
1.635856843651638031e+09
1.635856844651649952e+09
1.635856845651628971e+09
1.635856846651525021e+09
1.635856847651638031e+09
1.635856848651592016e+09
1.635856849651633024e+09
1.635856850651576996e+09
1.635856851651616096e+09
1.635856852651619911e+09
1.635856853651628971e+09
1.635856854651541948e+09
1.635856855651551962e+09
1.635856856651644945e+09
1.635856857651653051e+09
1.635856858651593924e+09
1.635856859651563883e+09
1.635856860651587963e+09
1.635856861651608944e+09
1.635856862651559114e+09
1.635856863651648045e+09
1.635856864651648045e+09
1.635856865651611090e+09
1.635856866651549101e+09
1.635856867651643991e+09
1.635856868651592016e+09
1.635856869651640892e+09
1.635856870651635885e+09
1.635856871651629925e+09
1.635856872651532888e+09
1.635856873651657104e+09
1.635856874651635885e+09
1.635856875651388884e+09
1.635856876651715040e+09
1.635856877651648045e+09
1.635856878651591063e+09
1.635856879651546955e+09
1.635856880651639938e+09
1.635856881651722908e+09
1.635856882651634932e+09
1.635856883651621103e+09
1.635856884651621103e+09
1.635856885651623964e+09
1.635856886651642084e+09
1.635856887651618958e+09
1.635856888651590109e+09
1.635856889651619911e+09
1.635856890651618004e+09
1.635856891651643038e+09
1.635856892651643038e+09
1.635856893651633978e+09
1.635856894651632071e+09
1.635856895651634932e+09
1.635856896651643991e+09
1.635856897651618958e+09
1.635856898651588917e+09
1.635856899651618958e+09
1.635856900651631117e+09
1.635856901651626110e+09
1.635856902651623011e+09
1.635856903651621103e+09
1.635856904651796103e+09
1.635856905651639938e+09
1.635856906651570082e+09
1.635856907651628971e+09
1.635856908651606083e+09
1.635856909651546955e+09
1.635856910651616096e+09
1.635856911651549101e+09
1.635856912651640892e+09
1.635856913651606083e+09
1.635856914651649952e+09
1.635856915651668072e+09
1.635856916651714087e+09
1.635856917651660919e+09
1.635856918651655912e+09
1.635856919651549101e+09
1.635856920651643991e+09
1.635856921651645899e+09
1.635856922651633024e+09
1.635856923651602983e+09
1.635856924651547909e+09
1.635856925651530027e+09
1.635856926651634932e+09
1.635856927651654005e+09
1.635856928651597977e+09
1.635856929651520014e+09
1.635856930651632071e+09
1.635856931651644945e+09
1.635856932651634932e+09
1.635856933651629925e+09
1.635856934651624918e+09
1.635856935651612043e+09
1.635856936651616096e+09
1.635856937651611090e+09
1.635856938651663065e+09
1.635856939651798010e+09
1.635856940651633024e+09
1.635856941651635885e+09
1.635856942651628971e+09
1.635856943651642084e+09
1.635856944651638031e+09
1.635856945651647091e+09
1.635856946651643991e+09
1.635856947651638985e+09
1.635856948651597023e+09
1.635856949651632071e+09
1.635856950651405096e+09
1.635856951651595116e+09
1.635856952651633978e+09
1.635856953651485920e+09
1.635856954651554108e+09
1.635856955651561022e+09
1.635856956651592970e+09
1.635856957651629925e+09
1.635856958651603937e+09
1.635856959651539087e+09
1.635856960651639938e+09
1.635856961651635885e+09
1.635856962651637077e+09
1.635856963651645899e+09
1.635856964651634932e+09
1.635856965651437998e+09
1.635856966651592970e+09
1.635856967651633978e+09
1.635856968651601076e+09
1.635856969651525021e+09
1.635856970651612997e+09
1.635856971651612997e+09
1.635856972651609898e+09
1.635856973651637077e+09
1.635856974651652098e+09
1.635856975651540041e+09
1.635856976651601076e+09
1.635856977651532888e+09
1.635856978651597977e+09
1.635856979651639938e+09
1.635856980651515961e+09
1.635856981651642084e+09
1.635856982651638031e+09
1.635856983651643038e+09
1.635856984651631117e+09
1.635856985651550055e+09
1.635856986651633978e+09
1.635856987651556969e+09
1.635856988651606083e+09
1.635856989651632071e+09
1.635856990651633978e+09
1.635856991651628971e+09
1.635856992651634932e+09
1.635856993651645899e+09
1.635856994651631117e+09
1.635856995651607990e+09
1.635856996651642084e+09
1.635856997651546001e+09
1.635856998651657104e+09
1.635856999651644945e+09
1.635857000651592016e+09
1.635857001651690006e+09
1.635857002651628971e+09
1.635857003651623964e+09
1.635857004651618958e+09
1.635857005651532888e+09
1.635857006651637077e+09
1.635857007651654005e+09
1.635857008651598930e+09
1.635857009651623011e+09
1.635857010651648045e+09
1.635857011651542902e+09
1.635857012651540041e+09
1.635857013651648998e+09
1.635857014651546001e+09
1.635857015651633024e+09
1.635857016651633978e+09
1.635857017651633978e+09
1.635857018651603937e+09
1.635857019651622057e+09
1.635857020651627064e+09
1.635857021651587009e+09
1.635857022651633024e+09
1.635857023651618004e+09
1.635857024651607990e+09
1.635857025651894093e+09
1.635857026651513100e+09
1.635857027651623964e+09
