1.635852457536238909e+09
1.635852459551551104e+09
1.635852460551718950e+09
1.635852461551486969e+09
1.635852462551491022e+09
1.635852463551491976e+09
1.635852464551489115e+09
1.635852465551495075e+09
1.635852466551492929e+09
1.635852467551441908e+09
1.635852468551418066e+09
1.635852469551495075e+09
1.635852470551712990e+09
1.635852471551486015e+09
1.635852472551381111e+09
1.635852473551487923e+09
1.635852474551502943e+09
1.635852475551513910e+09
1.635852476551455975e+09
1.635852477551496029e+09
1.635852478551490068e+09
1.635852479551496983e+09
1.635852480551482916e+09
1.635852481551485062e+09
1.635852482551475048e+09
1.635852483551493883e+09
1.635852484551474094e+09
1.635852485551485062e+09
1.635852486551498890e+09
1.635852487551484108e+09
1.635852488551507950e+09
1.635852489551497936e+09
1.635852490551495075e+09
1.635852491551495075e+09
1.635852492551485062e+09
1.635852493551495075e+09
1.635852494551489115e+09
1.635852495551584005e+09
1.635852496551484108e+09
1.635852497551491022e+09
1.635852498551475048e+09
1.635852499551481962e+09
1.635852500551496983e+09
1.635852501551517963e+09
1.635852502551489115e+09
1.635852503551532984e+09
1.635852504551491022e+09
1.635852505551480055e+09
1.635852506551491022e+09
1.635852507551443100e+09
1.635852508551493883e+09
1.635852509551462889e+09
1.635852510552138090e+09
1.635852511551492929e+09
1.635852512551580906e+09
1.635852513551486969e+09
1.635852514551776886e+09
1.635852515551513910e+09
1.635852516551496983e+09
1.635852517551486015e+09
1.635852518551492929e+09
1.635852519551484108e+09
1.635852520551496983e+09
1.635852521551493883e+09
1.635852522551492929e+09
1.635852523551496029e+09
1.635852524551486969e+09
1.635852525551491976e+09
1.635852526551493883e+09
1.635852527551510096e+09
1.635852528551451921e+09
1.635852529551485062e+09
1.635852530551492929e+09
1.635852531551440001e+09
1.635852532551491976e+09
1.635852533551446915e+09
1.635852534551481962e+09
1.635852535551448107e+09
1.635852536551486969e+09
1.635852537551529884e+09
1.635852538551486969e+09
1.635852539551486015e+09
1.635852540551487923e+09
1.635852541551493883e+09
1.635852542551717043e+09
1.635852543551482916e+09
1.635852544551511049e+09
1.635852545551487923e+09
1.635852546551517963e+09
1.635852547551485062e+09
1.635852548551443100e+09
1.635852549551492929e+09
1.635852550551496983e+09
1.635852551551490068e+09
1.635852552551489115e+09
1.635852553551491976e+09
1.635852554551491976e+09
1.635852555551491976e+09
1.635852556551491022e+09
1.635852557551486015e+09
1.635852558552092075e+09
1.635852559551482916e+09
1.635852560551482916e+09
1.635852561551457882e+09
1.635852562551497936e+09
1.635852563551486969e+09
1.635852564551496983e+09
1.635852565551446915e+09
1.635852566551444054e+09
1.635852567551500082e+09
