0.000000000000000000e+00
-9.998989257812500000e+02
-9.986128540039062500e+02
-1.000598510742187500e+03
-9.997011108398437500e+02
-9.996384887695312500e+02
-9.989047241210937500e+02
-1.000558471679687500e+03
-9.994135742187500000e+02
-9.999613647460937500e+02
-9.997947998046875000e+02
-9.999528198242187500e+02
-9.998588867187500000e+02
-9.998864135742187500e+02
-1.000029357910156250e+03
-9.998123779296875000e+02
-1.000633361816406250e+03
-1.000838317871093750e+03
-9.992233276367187500e+02
-9.998194580078125000e+02
-9.996250610351562500e+02
-9.996380615234375000e+02
-1.000675476074218750e+03
-1.000189819335937500e+03
-1.001094116210937500e+03
-1.000433166503906250e+03
-9.998634033203125000e+02
-9.999852905273437500e+02
-1.000542602539062500e+03
-1.000011413574218750e+03
-1.000164245605468750e+03
-1.000227478027343750e+03
-9.998084716796875000e+02
-1.000541442871093750e+03
-1.000132446289062500e+03
-1.000188354492187500e+03
-1.000157897949218750e+03
-9.997141723632812500e+02
-1.000998962402343750e+03
-1.000070800781250000e+03
-1.000198974609375000e+03
-1.000050048828125000e+03
-1.000479736328125000e+03
-1.000225830078125000e+03
-9.998397216796875000e+02
-9.994282836914062500e+02
-1.000203796386718750e+03
-9.999567871093750000e+02
-9.999456787109375000e+02
-1.000971923828125000e+03
-1.000082885742187500e+03
-1.000739257812500000e+03
-1.001119934082031250e+03
-1.000877258300781250e+03
-9.996832885742187500e+02
-1.000779968261718750e+03
-1.000438110351562500e+03
-1.000408874511718750e+03
-1.000676513671875000e+03
-1.000382751464843750e+03
-1.000271362304687500e+03
-1.000276306152343750e+03
-9.998433837890625000e+02
-9.988639526367187500e+02
-1.000736083984375000e+03
-9.995700073242187500e+02
-1.000184326171875000e+03
-1.001127868652343750e+03
-9.999382324218750000e+02
-9.996042480468750000e+02
-9.995531616210937500e+02
-1.000408630371093750e+03
-9.989702758789062500e+02
-1.001352966308593750e+03
-1.000295715332031250e+03
-1.000306762695312500e+03
-1.000983337402343750e+03
-9.995151367187500000e+02
-9.992918701171875000e+02
-1.000067871093750000e+03
-9.999729003906250000e+02
-9.999541625976562500e+02
-1.000509643554687500e+03
-9.997592163085937500e+02
-9.997819824218750000e+02
-1.000175109863281250e+03
-1.000542907714843750e+03
-9.996099853515625000e+02
-1.000381225585937500e+03
-1.000393859863281250e+03
-9.997432861328125000e+02
-1.000585754394531250e+03
-9.994025268554687500e+02
-9.996510009765625000e+02
-1.000256347656250000e+03
-1.000020080566406250e+03
-1.000767395019531250e+03
-1.000112915039062500e+03
-1.000315979003906250e+03
-9.995116577148437500e+02
-1.000832946777343750e+03
-1.000209472656250000e+03
-9.999652099609375000e+02
-1.000236694335937500e+03
-9.998697509765625000e+02
-9.999916381835937500e+02
-9.998968505859375000e+02
-1.000271850585937500e+03
-1.000524536132812500e+03
-1.000399841308593750e+03
-9.997960205078125000e+02
-9.997016601562500000e+02
-1.000186035156250000e+03
-9.989827880859375000e+02
-9.999204101562500000e+02
-1.000108215332031250e+03
-1.000493164062500000e+03
-9.990479736328125000e+02
-1.000233154296875000e+03
-9.999866333007812500e+02
-9.999695434570312500e+02
-9.999824218750000000e+02
-1.000720153808593750e+03
-1.000182556152343750e+03
-9.989562988281250000e+02
-1.000119506835937500e+03
-9.997346191406250000e+02
-9.995285034179687500e+02
-9.997236938476562500e+02
-1.001237792968750000e+03
-1.000052795410156250e+03
-9.999186401367187500e+02
-9.998478393554687500e+02
-9.999406127929687500e+02
-1.000392822265625000e+03
-9.998558959960937500e+02
-9.988100585937500000e+02
-1.000550476074218750e+03
-1.000458129882812500e+03
-9.995903930664062500e+02
-1.000045410156250000e+03
-1.000075378417968750e+03
-9.988568725585937500e+02
-9.995644531250000000e+02
-9.997532348632812500e+02
-9.991734008789062500e+02
-9.998315429687500000e+02
-1.000185485839843750e+03
-1.000297241210937500e+03
-1.000843505859375000e+03
-1.000817138671875000e+03
-1.000460449218750000e+03
-1.000416198730468750e+03
-9.996492919921875000e+02
-9.997938842773437500e+02
-9.997711181640625000e+02
-1.000529602050781250e+03
-1.000150573730468750e+03
-9.996862182617187500e+02
-1.000348205566406250e+03
-9.990784301757812500e+02
-9.996096801757812500e+02
-9.996185302734375000e+02
-9.996226196289062500e+02
-9.993316040039062500e+02
-9.996241455078125000e+02
-1.000460449218750000e+03
-9.995733032226562500e+02
-9.989458618164062500e+02
-1.000062622070312500e+03
-1.000176391601562500e+03
-9.992435913085937500e+02
-9.996946411132812500e+02
-1.000052001953125000e+03
-1.000320434570312500e+03
-1.000635253906250000e+03
-1.000673767089843750e+03
-9.999751586914062500e+02
-1.000359680175781250e+03
-1.000312316894531250e+03
-9.996785278320312500e+02
-1.000131225585937500e+03
-1.000065673828125000e+03
-1.000032714843750000e+03
-9.997761840820312500e+02
-1.000491027832031250e+03
-1.000033691406250000e+03
-9.993997802734375000e+02
-1.000370300292968750e+03
-1.000051330566406250e+03
-1.000606933593750000e+03
-9.998657226562500000e+02
-1.000137878417968750e+03
-9.994567871093750000e+02
-9.989697875976562500e+02
-9.996033325195312500e+02
-9.995136108398437500e+02
-1.000607482910156250e+03
-9.999005737304687500e+02
-1.000344055175781250e+03
-9.993446044921875000e+02
-1.000186523437500000e+03
-1.000071899414062500e+03
-9.996696166992187500e+02
-9.993784790039062500e+02
-1.000809265136718750e+03
-1.000834777832031250e+03
-1.000695617675781250e+03
-9.995380249023437500e+02
-9.988519287109375000e+02
-1.000013732910156250e+03
-1.000579162597656250e+03
-1.000188720703125000e+03
-1.000555541992187500e+03
-1.000159667968750000e+03
-1.000228454589843750e+03
-9.999755859375000000e+02
-1.000705932617187500e+03
-1.000472717285156250e+03
-1.000036254882812500e+03
-1.000151245117187500e+03
-1.000161132812500000e+03
-9.999168090820312500e+02
-9.999075317382812500e+02
-1.000371948242187500e+03
-1.000513305664062500e+03
-1.000638977050781250e+03
-1.000914306640625000e+03
-1.000631103515625000e+03
-1.000732543945312500e+03
-9.998612060546875000e+02
-9.993588867187500000e+02
-9.993223876953125000e+02
-1.000111572265625000e+03
-1.000048706054687500e+03
-9.997479858398437500e+02
-1.000641357421875000e+03
-9.999705200195312500e+02
-9.990239868164062500e+02
-1.000223754882812500e+03
-1.000276855468750000e+03
-9.990722045898437500e+02
-9.999985961914062500e+02
-1.000402465820312500e+03
-9.995364379882812500e+02
-9.999821166992187500e+02
-1.000032165527343750e+03
-1.000046752929687500e+03
-1.000044250488281250e+03
-9.997648925781250000e+02
-1.000244689941406250e+03
-1.000513366699218750e+03
-1.000100036621093750e+03
-9.998914794921875000e+02
-9.991594238281250000e+02
-1.000239562988281250e+03
-1.000537963867187500e+03
-9.998566284179687500e+02
-1.001036865234375000e+03
-9.996160888671875000e+02
-9.992697753906250000e+02
-1.000435241699218750e+03
-1.001238037109375000e+03
-1.000124084472656250e+03
-9.997894897460937500e+02
-1.000724304199218750e+03
-1.000674011230468750e+03
-1.000605957031250000e+03
-1.000637634277343750e+03
-9.998930664062500000e+02
-9.994725341796875000e+02
-1.000608276367187500e+03
-1.000142272949218750e+03
-1.000459289550781250e+03
-9.997908325195312500e+02
-1.000629455566406250e+03
-9.999210205078125000e+02
-1.000533691406250000e+03
-1.000209472656250000e+03
-9.995480957031250000e+02
-1.000507263183593750e+03
-9.993476562500000000e+02
-9.999093627929687500e+02
-9.994528808593750000e+02
-9.991211547851562500e+02
-1.000832092285156250e+03
-9.995862426757812500e+02
-9.997397460937500000e+02
-9.994548339843750000e+02
-9.996372070312500000e+02
-9.997996215820312500e+02
-1.000296264648437500e+03
-1.000035766601562500e+03
-1.000100769042968750e+03
-9.999521484375000000e+02
-9.994392700195312500e+02
-1.000207641601562500e+03
-9.988746948242187500e+02
-1.000943420410156250e+03
-1.000877502441406250e+03
-1.000213500976562500e+03
-1.000482788085937500e+03
-9.998056640625000000e+02
-1.000421691894531250e+03
-1.000692443847656250e+03
-1.000987548828125000e+03
-1.001209655761718750e+03
-9.990724487304687500e+02
-1.000294799804687500e+03
-1.000029663085937500e+03
-1.000241210937500000e+03
-9.999508056640625000e+02
-1.000227478027343750e+03
-1.000385864257812500e+03
-1.000695434570312500e+03
-9.998173217773437500e+02
-9.996793212890625000e+02
-9.996270141601562500e+02
-9.994648437500000000e+02
-1.000458618164062500e+03
-1.000088256835937500e+03
-1.000561279296875000e+03
-9.993759765625000000e+02
-1.000895324707031250e+03
-9.999944458007812500e+02
-9.999046630859375000e+02
-9.993939208984375000e+02
-9.996601562500000000e+02
-1.000439819335937500e+03
-1.000377197265625000e+03
-9.994227294921875000e+02
-9.991600341796875000e+02
-1.000228393554687500e+03
-9.993624877929687500e+02
-9.994923706054687500e+02
-9.988754272460937500e+02
-9.996646118164062500e+02
-9.999475097656250000e+02
-9.997070922851562500e+02
-9.998027343750000000e+02
-9.998710327148437500e+02
-1.000763610839843750e+03
-1.000243530273437500e+03
-1.000765747070312500e+03
-9.991296386718750000e+02
-9.996588745117187500e+02
-1.000106567382812500e+03
-1.000112121582031250e+03
-9.994906616210937500e+02
-1.000491394042968750e+03
-9.997406616210937500e+02
-1.000977661132812500e+03
-9.997295532226562500e+02
-9.998952636718750000e+02
-9.998302001953125000e+02
-9.999599609375000000e+02
-1.000187377929687500e+03
-1.000395568847656250e+03
-1.000180419921875000e+03
-1.000572814941406250e+03
-1.000027038574218750e+03
-1.000084228515625000e+03
-9.998398437500000000e+02
-1.000744323730468750e+03
-9.997092895507812500e+02
-1.000301147460937500e+03
-1.000135559082031250e+03
-9.998148803710937500e+02
-9.998530883789062500e+02
-1.000331176757812500e+03
-1.000784912109375000e+03
-9.999591674804687500e+02
-1.000506103515625000e+03
-9.994137573242187500e+02
-1.000225585937500000e+03
-1.000966430664062500e+03
-9.994731445312500000e+02
-1.000012756347656250e+03
-1.000867980957031250e+03
-1.000217163085937500e+03
-1.000242309570312500e+03
-1.000375671386718750e+03
-1.000156311035156250e+03
-9.999219970703125000e+02
-1.000370666503906250e+03
-9.996365356445312500e+02
-9.993729248046875000e+02
-9.999525756835937500e+02
-9.994932250976562500e+02
-1.000009399414062500e+03
-9.997313842773437500e+02
-9.994812011718750000e+02
-1.000462036132812500e+03
-1.000229675292968750e+03
-1.000916381835937500e+03
-9.988936157226562500e+02
-1.000053405761718750e+03
-1.000446899414062500e+03
-1.000441467285156250e+03
-1.000229675292968750e+03
-9.996636352539062500e+02
-1.000459228515625000e+03
-9.995629272460937500e+02
-9.996502075195312500e+02
-9.991135253906250000e+02
-9.988717041015625000e+02
-9.987135620117187500e+02
-9.997986450195312500e+02
-9.998466186523437500e+02
-1.000040344238281250e+03
-9.996757202148437500e+02
-9.999984741210937500e+02
-9.997699584960937500e+02
-9.995152587890625000e+02
-1.000309753417968750e+03
-1.000790527343750000e+03
-9.995289306640625000e+02
-1.000814514160156250e+03
-9.995679931640625000e+02
-9.998132934570312500e+02
-9.993099975585937500e+02
-1.000078308105468750e+03
-9.999622802734375000e+02
-9.999102783203125000e+02
-1.000359069824218750e+03
-1.000306091308593750e+03
-9.995780639648437500e+02
-1.000179748535156250e+03
-9.997111206054687500e+02
-9.997736206054687500e+02
-1.000599182128906250e+03
-1.000177734375000000e+03
-9.993295288085937500e+02
-1.000269714355468750e+03
-9.998841552734375000e+02
-1.000653442382812500e+03
-9.997887573242187500e+02
-1.000675720214843750e+03
-9.995376586914062500e+02
-9.998353881835937500e+02
-1.001426574707031250e+03
-1.000505126953125000e+03
-1.000014770507812500e+03
-1.000613647460937500e+03
-9.993579711914062500e+02
-1.000171752929687500e+03
-1.000679321289062500e+03
-1.000177062988281250e+03
-1.000312377929687500e+03
-1.000290710449218750e+03
-1.000212219238281250e+03
-9.998074340820312500e+02
-1.000424804687500000e+03
-9.998535766601562500e+02
-1.000545043945312500e+03
-9.999952392578125000e+02
-9.999244384765625000e+02
-1.000189392089843750e+03
-1.000193664550781250e+03
-1.000012878417968750e+03
-9.997146606445312500e+02
-1.000198181152343750e+03
-9.998737182617187500e+02
-1.000498107910156250e+03
-9.993480834960937500e+02
-1.000508850097656250e+03
-9.999647827148437500e+02
-1.000263427734375000e+03
-9.989833374023437500e+02
-1.000975158691406250e+03
-1.000149047851562500e+03
-1.000407287597656250e+03
-1.000183105468750000e+03
-1.001202087402343750e+03
-9.995468750000000000e+02
-9.995069580078125000e+02
-9.996926879882812500e+02
-1.000625854492187500e+03
-1.000192810058593750e+03
-1.000222167968750000e+03
-1.000392578125000000e+03
-9.996375732421875000e+02
-9.998155517578125000e+02
-1.000037841796875000e+03
-1.000093872070312500e+03
-9.996890258789062500e+02
-9.997822265625000000e+02
-1.000194580078125000e+03
-9.995556030273437500e+02
-9.998953857421875000e+02
-9.996878051757812500e+02
-9.997486572265625000e+02
-1.000289611816406250e+03
-9.996368408203125000e+02
-9.998344726562500000e+02
-9.999118041992187500e+02
-9.997243652343750000e+02
-9.997669067382812500e+02
-9.991309204101562500e+02
-1.000503417968750000e+03
-1.000259338378906250e+03
-1.000224182128906250e+03
-1.000417053222656250e+03
-9.996121826171875000e+02
-1.000463012695312500e+03
-9.998438720703125000e+02
-1.000282592773437500e+03
-9.999335937500000000e+02
-9.995193481445312500e+02
-1.000091247558593750e+03
-9.998361206054687500e+02
-1.000218627929687500e+03
-1.000981689453125000e+03
-1.000080444335937500e+03
-1.000211730957031250e+03
-1.000336547851562500e+03
-9.998640747070312500e+02
-9.999201660156250000e+02
-9.997945556640625000e+02
-1.000061462402343750e+03
-1.000351989746093750e+03
-9.996879272460937500e+02
-9.998988037109375000e+02
-1.000243896484375000e+03
-1.001063110351562500e+03
-9.996439208984375000e+02
-9.996966552734375000e+02
-1.000037902832031250e+03
-9.998272705078125000e+02
-9.992109375000000000e+02
-9.999967651367187500e+02
-1.000546386718750000e+03
-1.000277099609375000e+03
-1.000378906250000000e+03
-9.993508911132812500e+02
-9.997700195312500000e+02
-1.000593688964843750e+03
-9.998041381835937500e+02
-9.999804077148437500e+02
-1.000965332031250000e+03
-1.000399841308593750e+03
-1.000248657226562500e+03
-1.000109863281250000e+03
-1.000425659179687500e+03
-9.995726928710937500e+02
-9.995900268554687500e+02
-9.997294921875000000e+02
-9.997473754882812500e+02
-9.998798828125000000e+02
-1.000341735839843750e+03
-9.998571166992187500e+02
-9.996877441406250000e+02
-9.994494628906250000e+02
-9.996510009765625000e+02
-9.999556274414062500e+02
-9.999438476562500000e+02
-1.000094482421875000e+03
-9.996977539062500000e+02
-9.993642578125000000e+02
-9.999160766601562500e+02
-1.000121154785156250e+03
-9.998401489257812500e+02
-1.000301696777343750e+03
-1.000163146972656250e+03
-1.000009521484375000e+03
-1.000205749511718750e+03
-9.998577880859375000e+02
-1.000628906250000000e+03
-9.998222045898437500e+02
-9.988977661132812500e+02
-9.995727539062500000e+02
-9.993824462890625000e+02
-9.996387329101562500e+02
-9.996426391601562500e+02
-9.995435791015625000e+02
-9.999177246093750000e+02
-9.993281250000000000e+02
-9.995734252929687500e+02
-9.998674316406250000e+02
-9.995772705078125000e+02
-1.001386230468750000e+03
-1.000351928710937500e+03
-9.999705810546875000e+02
-9.999571533203125000e+02
-1.000064880371093750e+03
-1.000302917480468750e+03
-1.000620605468750000e+03
-1.000088256835937500e+03
-1.000299682617187500e+03
-9.997297973632812500e+02
-1.000346862792968750e+03
-1.000160400390625000e+03
-9.992290649414062500e+02
-9.992175903320312500e+02
-1.000726135253906250e+03
-9.999505615234375000e+02
-1.000372863769531250e+03
-1.000424255371093750e+03
-1.000658447265625000e+03
-1.001071960449218750e+03
-9.985050048828125000e+02
-9.985050048828125000e+02
-1.000123840332031250e+03
-9.993954467773437500e+02
-1.000379943847656250e+03
-9.996102905273437500e+02
-9.993557739257812500e+02
-1.000775085449218750e+03
-1.000358642578125000e+03
-9.998574218750000000e+02
-1.000380371093750000e+03
-9.991040649414062500e+02
-9.996348876953125000e+02
-9.993870239257812500e+02
-9.991840209960937500e+02
-9.999875488281250000e+02
-9.997187500000000000e+02
-9.997985839843750000e+02
-9.995333251953125000e+02
-1.001093566894531250e+03
-1.000491882324218750e+03
-1.000408142089843750e+03
-9.994508056640625000e+02
-9.996488037109375000e+02
-1.000386413574218750e+03
-9.998687744140625000e+02
-9.989667358398437500e+02
-1.000570434570312500e+03
-1.000246215820312500e+03
-9.999159545898437500e+02
-1.000671508789062500e+03
-9.998815917968750000e+02
-1.000154785156250000e+03
-9.999111938476562500e+02
-1.000164001464843750e+03
-9.993293457031250000e+02
-1.000271484375000000e+03
-1.000200195312500000e+03
-9.991621704101562500e+02
-1.000155029296875000e+03
-9.996786499023437500e+02
-9.996592407226562500e+02
-9.998430786132812500e+02
-9.991268310546875000e+02
-1.000182495117187500e+03
-1.000377624511718750e+03
-9.999295043945312500e+02
-1.000123718261718750e+03
-9.993394775390625000e+02
-1.000717651367187500e+03
-9.999694824218750000e+02
-9.997508544921875000e+02
-1.000627563476562500e+03
-1.000487060546875000e+03
-1.000159606933593750e+03
-1.000594177246093750e+03
-9.995723266601562500e+02
-9.997528686523437500e+02
-9.992380371093750000e+02
-1.001099426269531250e+03
-9.996210937500000000e+02
-1.000172241210937500e+03
-1.000399047851562500e+03
-1.000020324707031250e+03
-9.997538452148437500e+02
-1.000508178710937500e+03
-1.000697875976562500e+03
-1.000274597167968750e+03
-9.999329833984375000e+02
-9.995393676757812500e+02
-9.994342041015625000e+02
-1.000199829101562500e+03
-9.997673339843750000e+02
-9.997397460937500000e+02
-9.991857299804687500e+02
-9.997168579101562500e+02
-9.996525268554687500e+02
-9.995209350585937500e+02
-9.992857666015625000e+02
-1.000114440917968750e+03
-1.000137390136718750e+03
-1.000336181640625000e+03
-9.993168334960937500e+02
-9.999119873046875000e+02
-9.996969604492187500e+02
-9.999613647460937500e+02
-9.994598999023437500e+02
-9.995083007812500000e+02
-1.000317993164062500e+03
-9.996257324218750000e+02
-1.000097778320312500e+03
-1.000045227050781250e+03
-9.993707885742187500e+02
-1.001058471679687500e+03
-9.994474487304687500e+02
-9.996645507812500000e+02
-1.000796203613281250e+03
-1.000776611328125000e+03
-1.000428466796875000e+03
-1.000696960449218750e+03
-1.000919494628906250e+03
-9.997143554687500000e+02
-9.999666748046875000e+02
-1.000230712890625000e+03
-9.996785888671875000e+02
-1.000203063964843750e+03
-9.996227416992187500e+02
-1.000106811523437500e+03
-1.000981811523437500e+03
-1.000138061523437500e+03
-1.000238403320312500e+03
-9.994759521484375000e+02
-1.000495239257812500e+03
-9.992324218750000000e+02
-1.000307128906250000e+03
-1.000392700195312500e+03
-1.000859069824218750e+03
-1.000142395019531250e+03
-1.000127624511718750e+03
-1.000093566894531250e+03
-9.995289916992187500e+02
-1.000510375976562500e+03
-1.000192199707031250e+03
-1.000760375976562500e+03
-9.994388427734375000e+02
-9.995409545898437500e+02
-1.000564392089843750e+03
-9.997393188476562500e+02
-9.991916503906250000e+02
-9.999783935546875000e+02
-9.998084106445312500e+02
-1.000231872558593750e+03
-1.000737915039062500e+03
-1.000666992187500000e+03
-1.000077026367187500e+03
-9.996879272460937500e+02
-9.998123779296875000e+02
-9.990395507812500000e+02
-1.000130065917968750e+03
-9.997579345703125000e+02
-9.985400390625000000e+02
-1.000421325683593750e+03
-9.991903686523437500e+02
-1.000480041503906250e+03
-1.000319885253906250e+03
-9.999922485351562500e+02
-1.000646057128906250e+03
-1.000158691406250000e+03
-9.990316162109375000e+02
-9.999666137695312500e+02
-1.000106140136718750e+03
-1.001008178710937500e+03
-9.999915161132812500e+02
-1.000361572265625000e+03
-1.000097839355468750e+03
-1.000376403808593750e+03
-1.000163391113281250e+03
-9.999784545898437500e+02
-1.000219970703125000e+03
-9.995241699218750000e+02
-9.996600341796875000e+02
-9.997683715820312500e+02
-1.000210327148437500e+03
-9.999906005859375000e+02
-1.001545715332031250e+03
-9.997654418945312500e+02
-1.000316345214843750e+03
-9.996489868164062500e+02
-9.997253417968750000e+02
-9.998418579101562500e+02
-1.000635070800781250e+03
-9.991599731445312500e+02
-1.000199401855468750e+03
-9.993752441406250000e+02
-1.000399475097656250e+03
-1.000384704589843750e+03
-1.000405456542968750e+03
-1.000401367187500000e+03
-9.995147705078125000e+02
-1.000042175292968750e+03
-1.000367126464843750e+03
-1.000458923339843750e+03
-1.000217346191406250e+03
-1.000141540527343750e+03
-1.000136596679687500e+03
-9.988267211914062500e+02
-9.993891601562500000e+02
-9.998472290039062500e+02
-1.000564636230468750e+03
-9.995709228515625000e+02
-1.000471862792968750e+03
-1.000372009277343750e+03
-9.994993896484375000e+02
-9.985988769531250000e+02
-9.991560058593750000e+02
-9.994746704101562500e+02
-1.000343811035156250e+03
-1.000178588867187500e+03
-9.995255126953125000e+02
-9.997525024414062500e+02
-1.000365295410156250e+03
-9.993012084960937500e+02
-9.998817749023437500e+02
-1.000399902343750000e+03
-9.997641601562500000e+02
-9.997521362304687500e+02
-9.998468627929687500e+02
-9.993840942382812500e+02
-9.999155273437500000e+02
-9.998518066406250000e+02
-9.998721923828125000e+02
-9.995578613281250000e+02
-1.000644470214843750e+03
-9.993692016601562500e+02
-9.997095336914062500e+02
-9.995586547851562500e+02
-1.000601745605468750e+03
-1.000078674316406250e+03
-1.000020812988281250e+03
-1.000799316406250000e+03
-1.000053955078125000e+03
-9.996990966796875000e+02
-1.000775085449218750e+03
-1.000063171386718750e+03
-9.997976684570312500e+02
-9.998123168945312500e+02
-1.000156188964843750e+03
-1.000417419433593750e+03
-9.999826049804687500e+02
-9.998498535156250000e+02
-1.000480407714843750e+03
-9.997959594726562500e+02
-9.999128417968750000e+02
-1.000331909179687500e+03
-9.993168334960937500e+02
-9.993727416992187500e+02
-1.000197021484375000e+03
-1.000654785156250000e+03
-9.999799194335937500e+02
-9.985020751953125000e+02
-1.000780578613281250e+03
-1.000334716796875000e+03
-9.996611328125000000e+02
-9.993728027343750000e+02
-1.000172973632812500e+03
-9.993767089843750000e+02
-1.000726318359375000e+03
-9.999810791015625000e+02
-1.000831054687500000e+03
-9.993522338867187500e+02
-1.000327514648437500e+03
-1.000062561035156250e+03
-9.991356811523437500e+02
-1.000080505371093750e+03
-9.994391479492187500e+02
-9.988024902343750000e+02
-1.000237182617187500e+03
-1.000211486816406250e+03
-1.000144836425781250e+03
-1.000214355468750000e+03
-9.995674438476562500e+02
-1.000367858886718750e+03
-1.000882751464843750e+03
-1.000694030761718750e+03
-9.999285888671875000e+02
-9.996046142578125000e+02
-1.000544860839843750e+03
-9.988270263671875000e+02
-1.000142944335937500e+03
-9.999913330078125000e+02
-9.998447265625000000e+02
-1.000615966796875000e+03
-1.000122863769531250e+03
-1.000331481933593750e+03
-1.000399597167968750e+03
-1.000279235839843750e+03
-1.000140075683593750e+03
-1.000200988769531250e+03
-1.000459960937500000e+03
-9.993469848632812500e+02
-1.000198730468750000e+03
-9.993842773437500000e+02
-9.994417724609375000e+02
-1.000299438476562500e+03
-9.997447509765625000e+02
-9.991403808593750000e+02
-1.000541931152343750e+03
-1.000213562011718750e+03
-1.000071411132812500e+03
-9.995195922851562500e+02
-9.997322387695312500e+02
-1.000152526855468750e+03
-1.000187316894531250e+03
-1.000015380859375000e+03
-9.999262084960937500e+02
-9.998948364257812500e+02
-1.000317749023437500e+03
-9.999542846679687500e+02
-9.992816162109375000e+02
-9.994570312500000000e+02
-9.997683105468750000e+02
-9.998150024414062500e+02
-1.000437744140625000e+03
-1.000336730957031250e+03
-1.000702331542968750e+03
-9.998308715820312500e+02
-1.000115661621093750e+03
-1.000563476562500000e+03
-1.000328491210937500e+03
-9.991375122070312500e+02
-9.999635009765625000e+02
-1.000030761718750000e+03
-1.000454895019531250e+03
-1.000004455566406250e+03
-9.999488525390625000e+02
-9.997216796875000000e+02
-9.996488037109375000e+02
-9.998723754882812500e+02
-1.000003906250000000e+03
-9.995989990234375000e+02
-1.000715576171875000e+03
-1.000115295410156250e+03
-9.998306884765625000e+02
-1.000604492187500000e+03
-1.000397338867187500e+03
-1.000028015136718750e+03
-9.996694946289062500e+02
-1.000269958496093750e+03
-9.999589843750000000e+02
-1.000101806640625000e+03
-1.000400390625000000e+03
-1.000268920898437500e+03
-9.991926879882812500e+02
-1.000278320312500000e+03
-1.001417541503906250e+03
-9.995986328125000000e+02
-9.997044067382812500e+02
-9.998300170898437500e+02
-1.001038085937500000e+03
-1.000207763671875000e+03
-9.999871826171875000e+02
-9.996622314453125000e+02
-1.000523010253906250e+03
-9.996466674804687500e+02
-1.000171264648437500e+03
-1.000398193359375000e+03
-1.000694213867187500e+03
-1.000289855957031250e+03
-9.999402465820312500e+02
-1.000470703125000000e+03
-1.000700256347656250e+03
-1.000427124023437500e+03
-1.000134765625000000e+03
-9.998733520507812500e+02
-9.998442382812500000e+02
-1.000047607421875000e+03
-1.000552734375000000e+03
-1.000221801757812500e+03
-9.998519897460937500e+02
-1.000105834960937500e+03
-1.000016784667968750e+03
-1.000461608886718750e+03
-9.997089843750000000e+02
-9.986635131835937500e+02
-9.996442260742187500e+02
-1.000842590332031250e+03
-9.993487548828125000e+02
-9.994427490234375000e+02
-1.000040832519531250e+03
-1.000080810546875000e+03
-9.994022827148437500e+02
-1.000184814453125000e+03
-1.000217224121093750e+03
-9.991911010742187500e+02
-1.000448608398437500e+03
-1.000181640625000000e+03
-9.998859252929687500e+02
-9.994992065429687500e+02
-9.997901611328125000e+02
-1.000209045410156250e+03
-9.997644042968750000e+02
-1.000254394531250000e+03
-9.995687866210937500e+02
-1.000712768554687500e+03
-9.993679199218750000e+02
-9.993677978515625000e+02
-9.995697021484375000e+02
-1.000195068359375000e+03
-1.000089050292968750e+03
-1.000080322265625000e+03
-9.998312988281250000e+02
-9.998853759765625000e+02
-1.000017089843750000e+03
-1.000204956054687500e+03
-9.992431030273437500e+02
-9.999692993164062500e+02
-1.000057617187500000e+03
-1.000114746093750000e+03
-1.000058715820312500e+03
-1.000141296386718750e+03
-9.991270751953125000e+02
-1.000586242675781250e+03
-9.992434692382812500e+02
-1.000217468261718750e+03
-9.994036865234375000e+02
-1.000794860839843750e+03
-9.994392089843750000e+02
-9.994804077148437500e+02
-9.996621093750000000e+02
-1.000633666992187500e+03
-9.995149536132812500e+02
-1.000213439941406250e+03
-1.000081298828125000e+03
-1.000226379394531250e+03
-1.000941894531250000e+03
-9.988601074218750000e+02
-1.000688537597656250e+03
-9.996413574218750000e+02
-1.000169860839843750e+03
-9.994398193359375000e+02
-1.000468322753906250e+03
-1.000018798828125000e+03
-1.000835327148437500e+03
-9.999071044921875000e+02
-1.000178649902343750e+03
-1.000464904785156250e+03
-9.992326049804687500e+02
-9.994733886718750000e+02
-9.986822509765625000e+02
-1.000059997558593750e+03
-9.996841430664062500e+02
-1.000471069335937500e+03
-9.994111938476562500e+02
-9.999445190429687500e+02
-9.998964233398437500e+02
-9.998181762695312500e+02
-1.000864868164062500e+03
-1.000170043945312500e+03
-9.996289062500000000e+02
-9.999494628906250000e+02
-9.997186279296875000e+02
-1.000316528320312500e+03
-9.997053222656250000e+02
-1.000003601074218750e+03
-9.995230712890625000e+02
-1.000105590820312500e+03
-9.999285278320312500e+02
-9.990588989257812500e+02
-1.000112182617187500e+03
-9.994238891601562500e+02
-9.997531127929687500e+02
-9.992761230468750000e+02
-9.992059936523437500e+02
-1.000261169433593750e+03
-1.000921020507812500e+03
-1.000505676269531250e+03
-1.000347045898437500e+03
-1.000607177734375000e+03
-9.995268554687500000e+02
-9.997081298828125000e+02
-1.000537780761718750e+03
-1.000103759765625000e+03
-9.993854370117187500e+02
-9.998012695312500000e+02
-9.999177856445312500e+02
-1.000426818847656250e+03
-1.000151550292968750e+03
-9.996001586914062500e+02
-9.995800781250000000e+02
-1.000405700683593750e+03
-9.999313964843750000e+02
-1.000246398925781250e+03
-9.997265625000000000e+02
-9.993967285156250000e+02
-9.998248901367187500e+02
-1.000134216308593750e+03
-9.995173950195312500e+02
-1.000203063964843750e+03
-9.999992065429687500e+02
-1.000044189453125000e+03
-9.998349609375000000e+02
-9.999862670898437500e+02
-1.001485473632812500e+03
-1.000593505859375000e+03
-1.000443054199218750e+03
-9.992150268554687500e+02
-1.000800659179687500e+03
-9.994592895507812500e+02
-9.995023803710937500e+02
-9.992858276367187500e+02
-9.990533447265625000e+02
-1.000612182617187500e+03
-1.000199035644531250e+03
-1.000461730957031250e+03
-9.993509521484375000e+02
-1.000895690917968750e+03
-1.000017944335937500e+03
-1.000712646484375000e+03
-9.996208496093750000e+02
-1.000320251464843750e+03
-1.000224426269531250e+03
-9.995304565429687500e+02
-9.997965087890625000e+02
-1.000519042968750000e+03
-9.998076782226562500e+02
-9.992697753906250000e+02
-1.000172729492187500e+03
-9.997212524414062500e+02
-9.994912109375000000e+02
-1.000358398437500000e+03
-9.996525878906250000e+02
-1.000487365722656250e+03
-1.000618591308593750e+03
-1.001399658203125000e+03
-9.995956420898437500e+02
-1.000673645019531250e+03
-9.997996215820312500e+02
-9.999275512695312500e+02
-1.000273620605468750e+03
-9.994691772460937500e+02
-1.000276123046875000e+03
-9.995742187500000000e+02
-9.994450683593750000e+02
-1.000246398925781250e+03
-9.997391357421875000e+02
-1.000175354003906250e+03
-1.000096435546875000e+03
-1.000179199218750000e+03
-9.996204833984375000e+02
-9.999003295898437500e+02
-9.993972778320312500e+02
-1.000942504882812500e+03
-9.998002319335937500e+02
-1.000097167968750000e+03
-1.000056579589843750e+03
-1.000302429199218750e+03
-9.993732299804687500e+02
-1.000474975585937500e+03
-9.993756103515625000e+02
-9.996883544921875000e+02
-1.000440917968750000e+03
-9.993314208984375000e+02
-9.999045410156250000e+02
-9.999028320312500000e+02
-1.000057312011718750e+03
-9.997001953125000000e+02
-1.000422485351562500e+03
-1.000192810058593750e+03
-1.000268371582031250e+03
-1.000996582031250000e+03
-9.998752441406250000e+02
-1.001179809570312500e+03
-9.997619018554687500e+02
-9.997354125976562500e+02
-9.996639404296875000e+02
-1.000394836425781250e+03
-9.994842529296875000e+02
-9.996704101562500000e+02
-9.997212524414062500e+02
-1.000352600097656250e+03
-9.997431640625000000e+02
-9.999605102539062500e+02
-1.000135559082031250e+03
-9.996829223632812500e+02
-1.000016357421875000e+03
-9.992951660156250000e+02
-9.996680297851562500e+02
-9.999877319335937500e+02
-9.999015502929687500e+02
-9.998218383789062500e+02
-9.997371215820312500e+02
-1.000046813964843750e+03
-1.000350402832031250e+03
-9.998173217773437500e+02
-9.998769531250000000e+02
-1.000233642578125000e+03
-9.992511596679687500e+02
-1.000011413574218750e+03
-9.998104858398437500e+02
-9.999462890625000000e+02
-9.996200561523437500e+02
-9.997900390625000000e+02
-9.986282958984375000e+02
-1.000706542968750000e+03
-9.993734741210937500e+02
-9.999014892578125000e+02
-1.000288146972656250e+03
-1.000397460937500000e+03
-1.000027099609375000e+03
-1.000850158691406250e+03
-9.996512451171875000e+02
-1.000116271972656250e+03
-9.992518920898437500e+02
-9.992277832031250000e+02
-9.997139892578125000e+02
-1.000245422363281250e+03
-9.994097900390625000e+02
-1.000216796875000000e+03
-1.000260925292968750e+03
-1.000124572753906250e+03
-1.000302673339843750e+03
-9.997426757812500000e+02
-1.000279907226562500e+03
-1.000354858398437500e+03
-1.000360595703125000e+03
-1.000268127441406250e+03
-9.996625976562500000e+02
-9.993699951171875000e+02
-9.999027709960937500e+02
-9.996960449218750000e+02
-9.996811523437500000e+02
-1.000472167968750000e+03
-9.997870483398437500e+02
-9.984892578125000000e+02
-9.998346557617187500e+02
-9.996196899414062500e+02
-9.988285522460937500e+02
-1.000742858886718750e+03
-9.991917724609375000e+02
-9.999194946289062500e+02
-1.000203491210937500e+03
-1.000808349609375000e+03
-9.992624511718750000e+02
-9.992918090820312500e+02
-1.000345397949218750e+03
-1.001134582519531250e+03
-1.000015747070312500e+03
-9.997393188476562500e+02
-1.001042663574218750e+03
-1.000474731445312500e+03
-1.000711975097656250e+03
-1.000242919921875000e+03
-9.991411743164062500e+02
-9.999970703125000000e+02
-1.000712341308593750e+03
-1.000735839843750000e+03
-1.001106689453125000e+03
-1.000173461914062500e+03
-1.000063903808593750e+03
-9.997649536132812500e+02
-9.996015625000000000e+02
-1.000172180175781250e+03
-1.000198669433593750e+03
-1.000114379882812500e+03
-1.000412963867187500e+03
-9.991853637695312500e+02
-9.994895019531250000e+02
-1.000112060546875000e+03
-9.994527587890625000e+02
-1.000569885253906250e+03
-9.998674316406250000e+02
-1.001325073242187500e+03
-9.999718017578125000e+02
-9.998414306640625000e+02
-9.996101684570312500e+02
-9.993086547851562500e+02
-1.000005187988281250e+03
-9.995750732421875000e+02
-1.000749816894531250e+03
-9.999769287109375000e+02
-1.000635192871093750e+03
-9.992929077148437500e+02
-9.998330688476562500e+02
-9.996024169921875000e+02
-9.990846557617187500e+02
-9.999600830078125000e+02
-1.000467590332031250e+03
-9.998571166992187500e+02
-9.995507812500000000e+02
-1.000355590820312500e+03
-9.998693237304687500e+02
-9.993596801757812500e+02
-9.997064208984375000e+02
-1.000515869140625000e+03
-9.998546142578125000e+02
-9.998585815429687500e+02
-1.000382934570312500e+03
-1.000066223144531250e+03
-9.999635620117187500e+02
-9.999058837890625000e+02
-9.991954345703125000e+02
-9.998613891601562500e+02
-1.000687866210937500e+03
-1.000361633300781250e+03
-9.999727172851562500e+02
-1.000725830078125000e+03
-9.993839721679687500e+02
-1.000165344238281250e+03
-9.993005371093750000e+02
-1.000352294921875000e+03
-9.998581542968750000e+02
-1.000186706542968750e+03
-1.000186706542968750e+03
-1.000615966796875000e+03
-9.993112182617187500e+02
-9.996835327148437500e+02
-1.000193908691406250e+03
-9.997100219726562500e+02
-9.995802001953125000e+02
-1.000365051269531250e+03
-9.994136962890625000e+02
-9.986881103515625000e+02
-1.000715454101562500e+03
-1.000282226562500000e+03
-9.995671997070312500e+02
-1.000807800292968750e+03
-9.995668334960937500e+02
-9.996503906250000000e+02
-1.000030761718750000e+03
-1.001071533203125000e+03
-1.000306823730468750e+03
-9.991037597656250000e+02
-9.991473388671875000e+02
-1.001153564453125000e+03
-1.000721618652343750e+03
-1.000686584472656250e+03
-9.998179931640625000e+02
-9.999279785156250000e+02
-1.000052429199218750e+03
-1.000485778808593750e+03
-1.000141906738281250e+03
-9.995081176757812500e+02
-1.000329833984375000e+03
-1.000350952148437500e+03
-9.992219848632812500e+02
-9.997355346679687500e+02
-9.994083251953125000e+02
-9.997042236328125000e+02
-9.988723144531250000e+02
-9.998092651367187500e+02
-9.992217407226562500e+02
-9.999678955078125000e+02
-9.995881958007812500e+02
-1.000046264648437500e+03
-1.000686645507812500e+03
-9.993200073242187500e+02
-1.000186584472656250e+03
-9.990933837890625000e+02
-1.001323364257812500e+03
-9.999680175781250000e+02
-9.999102783203125000e+02
-1.000445129394531250e+03
-1.000133483886718750e+03
-1.000401489257812500e+03
-1.000122436523437500e+03
-1.000103210449218750e+03
-9.984803466796875000e+02
-1.000099304199218750e+03
-9.996519165039062500e+02
-9.990466308593750000e+02
-9.993381347656250000e+02
-1.000123901367187500e+03
-9.993257446289062500e+02
-9.998639526367187500e+02
-1.000502014160156250e+03
-9.996349487304687500e+02
-9.996904907226562500e+02
-9.994345703125000000e+02
-1.000070678710937500e+03
-9.987881469726562500e+02
-1.000784606933593750e+03
-1.000160766601562500e+03
-1.000103637695312500e+03
-1.001074157714843750e+03
-1.000379943847656250e+03
-9.992951660156250000e+02
-9.996471557617187500e+02
-9.997436523437500000e+02
-1.000044982910156250e+03
-1.000156799316406250e+03
-1.000063659667968750e+03
-9.997134399414062500e+02
-9.999620361328125000e+02
-9.998583984375000000e+02
-9.997158203125000000e+02
-1.000164123535156250e+03
-1.000021423339843750e+03
-1.000379943847656250e+03
-9.999434204101562500e+02
-9.990978393554687500e+02
-9.996394042968750000e+02
-9.994791870117187500e+02
-9.990117187500000000e+02
-9.993731079101562500e+02
-1.000226013183593750e+03
-1.000369934082031250e+03
-1.000716613769531250e+03
-1.000206665039062500e+03
-1.001851562500000000e+03
-1.000304321289062500e+03
-9.997463989257812500e+02
-1.000276855468750000e+03
-9.996914672851562500e+02
-9.991593627929687500e+02
-9.996615600585937500e+02
-1.001044860839843750e+03
-1.000169616699218750e+03
-9.997708740234375000e+02
-1.000358215332031250e+03
-1.000428100585937500e+03
-1.000669311523437500e+03
-9.996902465820312500e+02
-9.997141113281250000e+02
-1.000337829589843750e+03
-1.000272338867187500e+03
-9.998339843750000000e+02
-1.001170288085937500e+03
-9.996898193359375000e+02
-1.000838012695312500e+03
-9.998765869140625000e+02
-1.000490722656250000e+03
-1.000315307617187500e+03
-1.000023498535156250e+03
-9.996651000976562500e+02
-9.997511596679687500e+02
-9.998323364257812500e+02
-1.000019226074218750e+03
-1.000730834960937500e+03
-1.000068420410156250e+03
-1.000338012695312500e+03
-1.000477844238281250e+03
-9.996929931640625000e+02
-9.997921142578125000e+02
-1.001125366210937500e+03
-9.996774291992187500e+02
-1.000028808593750000e+03
-1.000401062011718750e+03
-1.000066223144531250e+03
-1.000318054199218750e+03
-1.000433715820312500e+03
-9.995128173828125000e+02
-1.000745422363281250e+03
-9.998365478515625000e+02
-9.989570312500000000e+02
-9.995361328125000000e+02
-9.996660766601562500e+02
-9.998881835937500000e+02
-9.996177978515625000e+02
-9.990303344726562500e+02
-9.995411987304687500e+02
-1.000738586425781250e+03
-1.000011474609375000e+03
-9.998707275390625000e+02
-9.999500122070312500e+02
-1.000435546875000000e+03
-9.998356323242187500e+02
-9.999433593750000000e+02
-9.998454589843750000e+02
-1.000711486816406250e+03
-9.992640991210937500e+02
-9.998659667968750000e+02
-9.999924926757812500e+02
-1.000256530761718750e+03
-1.000280212402343750e+03
-9.998307495117187500e+02
-9.996779174804687500e+02
-9.996974487304687500e+02
-9.998331298828125000e+02
-1.000093750000000000e+03
-1.000378479003906250e+03
-1.000073974609375000e+03
-1.000223693847656250e+03
-9.992943115234375000e+02
-1.000206420898437500e+03
-9.989959106445312500e+02
-1.000058227539062500e+03
-1.000827392578125000e+03
-1.000510742187500000e+03
-9.993335571289062500e+02
-9.999171752929687500e+02
-1.000512023925781250e+03
-9.999579467773437500e+02
-9.989403686523437500e+02
-9.999539184570312500e+02
-9.999456176757812500e+02
-1.000340881347656250e+03
-1.000035644531250000e+03
-9.995129394531250000e+02
-9.997910156250000000e+02
-1.000349365234375000e+03
-9.996523437500000000e+02
-9.998624877929687500e+02
-9.997012329101562500e+02
-1.000763793945312500e+03
-1.000057006835937500e+03
-1.001168151855468750e+03
-1.000218322753906250e+03
-9.986020507812500000e+02
-1.000219909667968750e+03
-9.994931640625000000e+02
-1.000554260253906250e+03
-9.994001464843750000e+02
-9.995809326171875000e+02
-9.998337402343750000e+02
-9.994104003906250000e+02
-1.000531616210937500e+03
-1.000252380371093750e+03
-1.000059875488281250e+03
-1.000131225585937500e+03
-9.995283203125000000e+02
-1.001165893554687500e+03
-1.000362915039062500e+03
-1.000316589355468750e+03
-9.999831542968750000e+02
-1.000660095214843750e+03
-1.000147705078125000e+03
-1.000445373535156250e+03
-1.000630371093750000e+03
-9.997937011718750000e+02
-9.993699951171875000e+02
-1.000536743164062500e+03
-9.995950317382812500e+02
-1.000350524902343750e+03
-9.992727050781250000e+02
-9.999445800781250000e+02
-9.999323730468750000e+02
-1.000406921386718750e+03
-1.000549194335937500e+03
-9.999064331054687500e+02
-1.000340026855468750e+03
-1.000198486328125000e+03
-1.000157653808593750e+03
-1.000403503417968750e+03
-9.999743652343750000e+02
-9.996051025390625000e+02
-9.996147460937500000e+02
-9.997954101562500000e+02
-1.000112182617187500e+03
-1.000703857421875000e+03
-1.000080627441406250e+03
-1.000632385253906250e+03
-9.997271118164062500e+02
-1.000254394531250000e+03
-9.992284545898437500e+02
-1.000212158203125000e+03
-1.000776184082031250e+03
-9.994073486328125000e+02
-1.000109008789062500e+03
-9.998176879882812500e+02
-9.999237670898437500e+02
-1.000153198242187500e+03
-9.998775634765625000e+02
-1.000353271484375000e+03
-1.000310363769531250e+03
-1.000339965820312500e+03
-9.998203125000000000e+02
-9.999481201171875000e+02
-9.999373779296875000e+02
-9.999810180664062500e+02
-9.993770141601562500e+02
-1.001201599121093750e+03
-9.993088378906250000e+02
-9.992695922851562500e+02
-1.000245239257812500e+03
-9.996943359375000000e+02
-9.995173950195312500e+02
-1.000227966308593750e+03
-9.997415771484375000e+02
-1.000039184570312500e+03
-1.000050537109375000e+03
-9.992945556640625000e+02
-1.000040039062500000e+03
-1.000010742187500000e+03
-1.000437377929687500e+03
-9.991204833984375000e+02
-1.000467224121093750e+03
-9.994580688476562500e+02
-9.995460205078125000e+02
-1.001126586914062500e+03
-9.995510864257812500e+02
-9.996146240234375000e+02
-9.992063598632812500e+02
-1.000253967285156250e+03
-9.998400878906250000e+02
-1.000402282714843750e+03
-9.997366333007812500e+02
-1.001417297363281250e+03
-1.001280578613281250e+03
-1.000370361328125000e+03
-9.999978637695312500e+02
-1.000022705078125000e+03
-1.000229492187500000e+03
-1.000227294921875000e+03
-1.000124328613281250e+03
-1.000012939453125000e+03
-9.994976806640625000e+02
-1.000473510742187500e+03
-9.992435302734375000e+02
-1.000327453613281250e+03
-9.997742919921875000e+02
-1.000087097167968750e+03
-1.000261169433593750e+03
-9.999324340820312500e+02
-9.998426513671875000e+02
-1.000149902343750000e+03
-1.000005187988281250e+03
-9.997968139648437500e+02
-1.000879516601562500e+03
-1.000699951171875000e+03
-9.994735717773437500e+02
-9.998383789062500000e+02
-1.000128112792968750e+03
-1.000043884277343750e+03
-9.996663208007812500e+02
-9.996296997070312500e+02
-9.997523193359375000e+02
-1.000714050292968750e+03
-1.000439453125000000e+03
-1.000951110839843750e+03
-9.996710205078125000e+02
-9.999630126953125000e+02
-9.998115234375000000e+02
-9.990482177734375000e+02
-1.000666320800781250e+03
-9.991738891601562500e+02
-1.000061889648437500e+03
-9.996326293945312500e+02
-1.000073669433593750e+03
-1.000076232910156250e+03
-1.000006774902343750e+03
-9.998713989257812500e+02
-9.997850341796875000e+02
-9.994700927734375000e+02
-1.000212890625000000e+03
-1.000181396484375000e+03
-1.000180969238281250e+03
-1.000196899414062500e+03
-9.992418823242187500e+02
-9.999331665039062500e+02
-9.997676391601562500e+02
-9.993706665039062500e+02
-1.000412780761718750e+03
-1.000685485839843750e+03
-1.000804565429687500e+03
-9.997942504882812500e+02
-1.000717834472656250e+03
-1.000496093750000000e+03
-1.000148864746093750e+03
-1.000420898437500000e+03
-1.000361083984375000e+03
-9.989194335937500000e+02
-9.997783203125000000e+02
-9.997416992187500000e+02
-1.000981384277343750e+03
-1.000164306640625000e+03
-9.994791870117187500e+02
-9.994577636718750000e+02
-9.990122070312500000e+02
-1.000050537109375000e+03
-1.000309631347656250e+03
-1.000940063476562500e+03
-1.000325134277343750e+03
-1.000036926269531250e+03
-1.000928833007812500e+03
-9.999492797851562500e+02
-9.995473022460937500e+02
-9.996987304687500000e+02
-1.000101318359375000e+03
-1.000157714843750000e+03
-9.992283935546875000e+02
-1.000469421386718750e+03
-9.991640014648437500e+02
-9.994326171875000000e+02
-9.992857055664062500e+02
-1.000504821777343750e+03
-1.000353515625000000e+03
-9.990949096679687500e+02
-1.000379211425781250e+03
-9.996916503906250000e+02
-1.000181396484375000e+03
-1.000080993652343750e+03
-9.999833374023437500e+02
-9.993728027343750000e+02
-1.000348449707031250e+03
-1.000059020996093750e+03
-9.993323974609375000e+02
-1.000709655761718750e+03
-9.994235839843750000e+02
-9.999492187500000000e+02
-1.000277770996093750e+03
-9.995729980468750000e+02
-9.994119262695312500e+02
-1.000451965332031250e+03
-9.998662719726562500e+02
-1.000314636230468750e+03
-1.000739624023437500e+03
-9.998665771484375000e+02
-1.000603576660156250e+03
-9.991618652343750000e+02
-9.997963867187500000e+02
-1.000101684570312500e+03
-1.000260253906250000e+03
-1.000514343261718750e+03
-1.000208679199218750e+03
-9.993768920898437500e+02
-1.000055664062500000e+03
-9.991911010742187500e+02
-9.999475097656250000e+02
-1.000029968261718750e+03
-1.000463317871093750e+03
-9.997943115234375000e+02
-9.998198242187500000e+02
-9.993293457031250000e+02
-9.999118652343750000e+02
-1.000461242675781250e+03
-9.989257202148437500e+02
-9.998740234375000000e+02
-9.997874755859375000e+02
-9.998772583007812500e+02
-9.999575805664062500e+02
-1.000025329589843750e+03
-9.997475585937500000e+02
-9.997243041992187500e+02
-9.999263916015625000e+02
-1.000128662109375000e+03
-9.990761108398437500e+02
-9.999371948242187500e+02
-1.000708068847656250e+03
-1.000180725097656250e+03
-9.996182861328125000e+02
-9.990905761718750000e+02
-1.000970092773437500e+03
-9.997918090820312500e+02
-9.999696044921875000e+02
-1.000522277832031250e+03
-9.999742431640625000e+02
-9.996313476562500000e+02
-9.990255126953125000e+02
-9.992749023437500000e+02
-9.989207153320312500e+02
-9.987668457031250000e+02
-1.000252807617187500e+03
-1.000677429199218750e+03
-1.000085754394531250e+03
-9.998029785156250000e+02
-1.000016601562500000e+03
-1.000382019042968750e+03
-9.994887084960937500e+02
-9.999461669921875000e+02
-1.000028442382812500e+03
-9.999240722656250000e+02
-1.000482543945312500e+03
-9.993045654296875000e+02
-9.999757080078125000e+02
-1.000098205566406250e+03
-9.995217895507812500e+02
-9.998914184570312500e+02
-1.000227111816406250e+03
-1.000268188476562500e+03
-1.000053771972656250e+03
-9.994461059570312500e+02
-9.999695434570312500e+02
-1.000566345214843750e+03
-1.000346435546875000e+03
-1.000099792480468750e+03
-9.990239868164062500e+02
-1.000311828613281250e+03
-1.000000854492187500e+03
-9.999268798828125000e+02
-1.000409790039062500e+03
-1.000315429687500000e+03
-1.000240356445312500e+03
-1.000509704589843750e+03
-1.000265014648437500e+03
-1.000342956542968750e+03
-1.000121276855468750e+03
-9.992208251953125000e+02
-9.997566528320312500e+02
-9.998004150390625000e+02
-9.993280639648437500e+02
-1.001011108398437500e+03
-1.000508972167968750e+03
-1.000060791015625000e+03
-1.000195739746093750e+03
-9.997598266601562500e+02
-9.995111694335937500e+02
-1.000359069824218750e+03
-9.999710693359375000e+02
-9.996370849609375000e+02
-9.994024658203125000e+02
-9.998362426757812500e+02
-9.999548950195312500e+02
-9.997429809570312500e+02
-1.000049133300781250e+03
-1.000686157226562500e+03
-1.000098571777343750e+03
-1.000365966796875000e+03
-1.000794006347656250e+03
-9.997727661132812500e+02
-9.994310302734375000e+02
-9.992532958984375000e+02
-9.999714355468750000e+02
-1.000339233398437500e+03
-9.991727294921875000e+02
-1.000528564453125000e+03
-9.998303222656250000e+02
-1.000479431152343750e+03
-1.000367492675781250e+03
-1.001001159667968750e+03
-1.000595520019531250e+03
-9.999583129882812500e+02
-1.000082885742187500e+03
-1.000035339355468750e+03
-9.997868652343750000e+02
-9.999609985351562500e+02
-1.000207641601562500e+03
-9.999830932617187500e+02
-9.991580200195312500e+02
-9.998491210937500000e+02
-1.000661621093750000e+03
-9.997976074218750000e+02
-1.000018493652343750e+03
-1.000608398437500000e+03
-1.000615966796875000e+03
-1.000054870605468750e+03
-9.993659667968750000e+02
-9.999176025390625000e+02
-1.000037719726562500e+03
-9.995223388671875000e+02
-9.995662231445312500e+02
-9.998114013671875000e+02
-1.000119079589843750e+03
-1.000144958496093750e+03
-1.001298889160156250e+03
-9.996799316406250000e+02
-9.998932495117187500e+02
-9.992804565429687500e+02
-1.001292053222656250e+03
-1.000544128417968750e+03
-9.996059570312500000e+02
-9.995843505859375000e+02
-9.995399780273437500e+02
-9.995422973632812500e+02
-1.000873107910156250e+03
-1.000191833496093750e+03
-9.999069824218750000e+02
-1.000259521484375000e+03
-1.000177429199218750e+03
-9.998506469726562500e+02
-9.994478149414062500e+02
-9.996802368164062500e+02
-1.000163879394531250e+03
-9.994987182617187500e+02
-1.000164978027343750e+03
-9.992393798828125000e+02
-9.995302734375000000e+02
-9.997838745117187500e+02
-1.000592712402343750e+03
-9.998965454101562500e+02
-9.999615478515625000e+02
-9.998632812500000000e+02
-9.995045776367187500e+02
-1.001335571289062500e+03
-1.000692077636718750e+03
-1.000381286621093750e+03
-9.997356567382812500e+02
-9.993646850585937500e+02
-9.994167480468750000e+02
-9.993078613281250000e+02
-1.000347045898437500e+03
-9.993856811523437500e+02
-9.999448242187500000e+02
-9.998439331054687500e+02
-1.000250305175781250e+03
-1.000276794433593750e+03
-1.000088745117187500e+03
-9.997391357421875000e+02
-1.000602355957031250e+03
-1.000783203125000000e+03
-9.996022338867187500e+02
-1.001070678710937500e+03
-1.000126220703125000e+03
-9.999973754882812500e+02
-9.999200439453125000e+02
-9.990814819335937500e+02
-9.998948974609375000e+02
-9.995072021484375000e+02
-1.000229125976562500e+03
-1.000240478515625000e+03
-9.999765625000000000e+02
-1.000109313964843750e+03
-1.000118774414062500e+03
-9.992572631835937500e+02
-9.991825561523437500e+02
-9.997158813476562500e+02
-9.996767578125000000e+02
-1.000136169433593750e+03
-1.000284973144531250e+03
-1.000045837402343750e+03
-1.000344116210937500e+03
-1.000734802246093750e+03
-9.992170410156250000e+02
-9.998088989257812500e+02
-1.000786499023437500e+03
-9.997277221679687500e+02
-1.000557434082031250e+03
-9.993186035156250000e+02
-1.000531372070312500e+03
-9.994047241210937500e+02
-9.995731811523437500e+02
-1.000109069824218750e+03
-9.993582153320312500e+02
-1.000060058593750000e+03
-1.000242248535156250e+03
-1.000427856445312500e+03
-9.999953002929687500e+02
-1.000680114746093750e+03
-9.993348999023437500e+02
-9.998593750000000000e+02
-9.996546020507812500e+02
-1.000501647949218750e+03
-9.998490600585937500e+02
-9.991801147460937500e+02
-1.000257751464843750e+03
-1.000941772460937500e+03
-1.000888977050781250e+03
-9.995049438476562500e+02
-1.000850280761718750e+03
-1.000033203125000000e+03
-1.000157958984375000e+03
-1.000516723632812500e+03
-9.997707519531250000e+02
-9.997039184570312500e+02
-9.991795654296875000e+02
-1.000665466308593750e+03
-1.000402526855468750e+03
-9.997938232421875000e+02
-1.000202636718750000e+03
-9.995750122070312500e+02
-9.995227050781250000e+02
-1.000247253417968750e+03
-1.000140747070312500e+03
-1.000642517089843750e+03
-9.997216186523437500e+02
-9.996900634765625000e+02
-9.989268188476562500e+02
-1.000368835449218750e+03
-1.000131164550781250e+03
-1.000147033691406250e+03
-9.994933471679687500e+02
-9.999820556640625000e+02
-1.000601379394531250e+03
-9.991562500000000000e+02
-9.998905639648437500e+02
-9.996801757812500000e+02
-9.993522949218750000e+02
-9.999592895507812500e+02
-9.994927368164062500e+02
-9.992006835937500000e+02
-1.000797363281250000e+03
-1.000146484375000000e+03
-1.000201904296875000e+03
-1.000253906250000000e+03
-1.000477172851562500e+03
-9.999663085937500000e+02
-1.000147888183593750e+03
-9.994295043945312500e+02
-9.997546997070312500e+02
-9.996738891601562500e+02
-9.998594360351562500e+02
-9.997055053710937500e+02
-1.000190429687500000e+03
-9.997427978515625000e+02
-1.000495361328125000e+03
-1.000040100097656250e+03
-9.997319946289062500e+02
-9.993945922851562500e+02
-9.995432739257812500e+02
-1.001754943847656250e+03
-9.998135375976562500e+02
-1.000750976562500000e+03
-9.995776367187500000e+02
-1.002068725585937500e+03
-1.000143859863281250e+03
-1.001031372070312500e+03
-1.000496154785156250e+03
-9.999937744140625000e+02
-1.000390686035156250e+03
-1.000840026855468750e+03
-1.000362976074218750e+03
-9.999493408203125000e+02
-1.000099487304687500e+03
-1.000099487304687500e+03
-1.000481628417968750e+03
-1.000559082031250000e+03
-1.000100646972656250e+03
-1.000423095703125000e+03
-9.991046142578125000e+02
-9.996459960937500000e+02
-9.999255981445312500e+02
-1.000181152343750000e+03
-9.994739379882812500e+02
-1.000676330566406250e+03
-1.000383850097656250e+03
-1.000463867187500000e+03
-1.000144775390625000e+03
-9.999627685546875000e+02
-1.000882446289062500e+03
-9.991871337890625000e+02
-1.000022277832031250e+03
-9.997255859375000000e+02
-9.997904052734375000e+02
-1.000177917480468750e+03
-9.993615722656250000e+02
-9.993027343750000000e+02
-1.000180908203125000e+03
-1.000263061523437500e+03
-1.000224853515625000e+03
-1.000906311035156250e+03
-1.000627258300781250e+03
-1.000157043457031250e+03
-9.994637451171875000e+02
-9.998688354492187500e+02
-1.000044921875000000e+03
-1.000541381835937500e+03
-1.000661560058593750e+03
-1.000152893066406250e+03
-9.998249511718750000e+02
-1.000114929199218750e+03
-9.998047485351562500e+02
-9.997977905273437500e+02
-1.000464355468750000e+03
-9.992252197265625000e+02
-1.001119934082031250e+03
-9.999292602539062500e+02
-1.000442932128906250e+03
-9.994237670898437500e+02
-1.000169982910156250e+03
-1.000778808593750000e+03
-9.992137451171875000e+02
-9.994058227539062500e+02
-1.000440551757812500e+03
-1.000399963378906250e+03
-9.993473510742187500e+02
-1.000705932617187500e+03
-1.000549865722656250e+03
-1.000924011230468750e+03
-1.000074584960937500e+03
-9.996730957031250000e+02
-9.987712402343750000e+02
-1.000650085449218750e+03
-1.000423339843750000e+03
-9.999197387695312500e+02
-9.992015991210937500e+02
-9.998338623046875000e+02
-9.997318725585937500e+02
-1.000041015625000000e+03
-1.000176574707031250e+03
-9.998674926757812500e+02
-1.000555786132812500e+03
-1.000724731445312500e+03
-1.000519287109375000e+03
-1.000305786132812500e+03
-9.995983276367187500e+02
-1.000969299316406250e+03
-1.000357543945312500e+03
-1.000373718261718750e+03
-1.000223022460937500e+03
-9.999124145507812500e+02
-1.000306945800781250e+03
-9.999890747070312500e+02
-1.000045166015625000e+03
-9.993093261718750000e+02
-1.000273315429687500e+03
-9.996693725585937500e+02
-9.997557373046875000e+02
-1.000485107421875000e+03
-9.995636596679687500e+02
-9.995499877929687500e+02
-1.000685058593750000e+03
-9.994912109375000000e+02
-9.996453247070312500e+02
-1.000204711914062500e+03
-1.000556884765625000e+03
-1.000817382812500000e+03
-1.000135925292968750e+03
-9.991843872070312500e+02
-1.001040649414062500e+03
-9.999188232421875000e+02
-1.000044555664062500e+03
-1.000246520996093750e+03
-9.993999633789062500e+02
-9.995977783203125000e+02
-1.000128295898437500e+03
-1.000183837890625000e+03
-9.993422851562500000e+02
-1.000283996582031250e+03
-1.000740966796875000e+03
-9.999421997070312500e+02
-9.992187500000000000e+02
-1.000654296875000000e+03
-9.996880493164062500e+02
-9.998427124023437500e+02
-9.996441650390625000e+02
-9.995586547851562500e+02
-9.991453857421875000e+02
-1.000963256835937500e+03
-1.000443908691406250e+03
-1.000338928222656250e+03
-9.996043701171875000e+02
-1.000653991699218750e+03
-1.000262207031250000e+03
-9.995498657226562500e+02
-9.999976806640625000e+02
-9.996105957031250000e+02
-9.999523315429687500e+02
-9.992088012695312500e+02
-9.996251220703125000e+02
-9.999711303710937500e+02
-9.995811157226562500e+02
-9.997555541992187500e+02
-1.000573608398437500e+03
-9.995446777343750000e+02
-9.998146362304687500e+02
-1.000534606933593750e+03
-9.997785644531250000e+02
-1.000001159667968750e+03
-9.998157958984375000e+02
-9.996566162109375000e+02
-9.998753051757812500e+02
-1.000295532226562500e+03
-1.000162719726562500e+03
-1.000524963378906250e+03
-1.000222595214843750e+03
-1.000508056640625000e+03
-1.000499755859375000e+03
-1.000333007812500000e+03
-9.995329589843750000e+02
-9.995056152343750000e+02
-9.999685058593750000e+02
-9.999394531250000000e+02
-1.000465881347656250e+03
-1.001131347656250000e+03
-1.000319213867187500e+03
-9.996860961914062500e+02
-1.000129089355468750e+03
-9.995972290039062500e+02
-9.994362182617187500e+02
-9.998503417968750000e+02
-1.000424560546875000e+03
-1.000711425781250000e+03
-1.000417419433593750e+03
-1.000237548828125000e+03
-1.000249511718750000e+03
-9.993262329101562500e+02
-9.998153686523437500e+02
-9.998090820312500000e+02
-9.998530273437500000e+02
-9.999963378906250000e+02
-9.996213989257812500e+02
-9.993709106445312500e+02
-9.996636962890625000e+02
-1.000265258789062500e+03
-9.996870117187500000e+02
-9.986580200195312500e+02
-9.998282470703125000e+02
-1.000399597167968750e+03
-1.000772888183593750e+03
-9.999899902343750000e+02
-9.995833740234375000e+02
-1.000588623046875000e+03
-1.000654663085937500e+03
-9.993679199218750000e+02
-1.000302734375000000e+03
-9.992782592773437500e+02
-9.985691528320312500e+02
-9.996840820312500000e+02
-9.990604248046875000e+02
-9.999460449218750000e+02
-1.000181274414062500e+03
-9.999819946289062500e+02
-1.000709472656250000e+03
-9.988211669921875000e+02
-1.000997802734375000e+03
-9.998510131835937500e+02
-9.999650878906250000e+02
-9.992727661132812500e+02
-1.000223144531250000e+03
-1.000327331542968750e+03
-1.000746093750000000e+03
-1.000165527343750000e+03
-9.999173583984375000e+02
-9.993530883789062500e+02
-9.996320190429687500e+02
-1.000794616699218750e+03
-1.000351379394531250e+03
-9.998328247070312500e+02
-1.000205383300781250e+03
-1.000168395996093750e+03
-1.000337036132812500e+03
-9.998276367187500000e+02
-1.000178100585937500e+03
-1.000486755371093750e+03
-9.992287597656250000e+02
-1.000088989257812500e+03
-1.000265441894531250e+03
-1.000226806640625000e+03
-1.000264343261718750e+03
-9.992305297851562500e+02
-1.000013549804687500e+03
-1.000548400878906250e+03
-1.000191894531250000e+03
-9.996784057617187500e+02
-1.000623657226562500e+03
-1.000480590820312500e+03
-9.998931884765625000e+02
-1.000006896972656250e+03
-1.000520751953125000e+03
-1.000176086425781250e+03
-1.000198425292968750e+03
-1.000833251953125000e+03
-9.997399291992187500e+02
-9.997829589843750000e+02
-1.000743713378906250e+03
-1.000065368652343750e+03
-1.000023864746093750e+03
-9.993323974609375000e+02
-9.990360107421875000e+02
-9.999475097656250000e+02
-1.000721557617187500e+03
-1.000762390136718750e+03
-1.000571838378906250e+03
-9.997870483398437500e+02
-1.000979248046875000e+03
-9.999445800781250000e+02
-9.989100952148437500e+02
-1.000105163574218750e+03
-1.000753234863281250e+03
-1.000421020507812500e+03
-9.998750000000000000e+02
-1.000270141601562500e+03
-9.999335937500000000e+02
-9.998172607421875000e+02
-9.999409790039062500e+02
-1.000076171875000000e+03
-1.000638122558593750e+03
-1.000626342773437500e+03
-9.995341796875000000e+02
-1.000077453613281250e+03
-9.994094238281250000e+02
-9.997472534179687500e+02
-9.999173583984375000e+02
-1.000688537597656250e+03
-1.000259948730468750e+03
-1.000287841796875000e+03
-9.997877807617187500e+02
-9.996815185546875000e+02
-9.999989013671875000e+02
-1.001045776367187500e+03
-9.997222900390625000e+02
-9.998922119140625000e+02
-1.000050659179687500e+03
-1.000504333496093750e+03
-1.000898132324218750e+03
-9.992744750976562500e+02
-1.000022949218750000e+03
-1.000194396972656250e+03
-1.000180419921875000e+03
-1.000026184082031250e+03
-9.993139038085937500e+02
-9.994187011718750000e+02
-1.000083374023437500e+03
-1.000386108398437500e+03
-1.000913146972656250e+03
-1.000562438964843750e+03
-1.000523132324218750e+03
-1.000770507812500000e+03
-9.995922241210937500e+02
-9.996704711914062500e+02
-1.000531738281250000e+03
-1.000072326660156250e+03
-9.995424804687500000e+02
-9.995200805664062500e+02
-9.998336181640625000e+02
-1.000052612304687500e+03
-9.994700317382812500e+02
-1.000359069824218750e+03
-1.000590820312500000e+03
-1.000282958984375000e+03
-1.000627441406250000e+03
-9.999786376953125000e+02
-9.997435913085937500e+02
-1.000208923339843750e+03
-9.997665405273437500e+02
-9.998569335937500000e+02
-9.998991088867187500e+02
-9.998400878906250000e+02
-1.000313842773437500e+03
-9.998562011718750000e+02
-9.995964355468750000e+02
-9.995337524414062500e+02
-9.999530029296875000e+02
-9.996808471679687500e+02
-9.999138793945312500e+02
-1.000391296386718750e+03
-9.994722290039062500e+02
-9.996767578125000000e+02
-9.999944458007812500e+02
-9.997660522460937500e+02
-1.000463012695312500e+03
-1.000609069824218750e+03
-9.996979980468750000e+02
-1.000328552246093750e+03
-1.000461486816406250e+03
-9.999123535156250000e+02
-9.990260009765625000e+02
-1.000142395019531250e+03
-9.996184692382812500e+02
-1.000543457031250000e+03
-9.996175537109375000e+02
-9.997635498046875000e+02
-1.000496948242187500e+03
-9.994362792968750000e+02
-1.000023803710937500e+03
-9.995347900390625000e+02
-9.990982666015625000e+02
-9.999853515625000000e+02
-1.001192993164062500e+03
-9.999232177734375000e+02
-1.000168518066406250e+03
-1.000170654296875000e+03
-1.000198181152343750e+03
-1.000776855468750000e+03
-1.000557373046875000e+03
-1.000493347167968750e+03
-9.995459594726562500e+02
-1.000404907226562500e+03
-1.000045166015625000e+03
-9.995012207031250000e+02
-9.988198852539062500e+02
-9.999772338867187500e+02
-9.996206665039062500e+02
-1.000181945800781250e+03
-1.000015319824218750e+03
-1.000353698730468750e+03
-1.000943298339843750e+03
-9.999429931640625000e+02
-9.990874633789062500e+02
-9.998510742187500000e+02
-1.000461669921875000e+03
-1.000067382812500000e+03
-1.000083068847656250e+03
-1.000024108886718750e+03
-9.994863891601562500e+02
-9.999541625976562500e+02
-1.000104675292968750e+03
-9.997809448242187500e+02
-1.000493774414062500e+03
-9.995300292968750000e+02
-1.000359191894531250e+03
-9.991685791015625000e+02
-9.999915161132812500e+02
-1.000591491699218750e+03
-1.000210510253906250e+03
-9.999394531250000000e+02
-1.000296264648437500e+03
-9.991448974609375000e+02
-1.000349060058593750e+03
-9.998139648437500000e+02
-1.000722839355468750e+03
-1.000354858398437500e+03
-1.000658264160156250e+03
-1.000350219726562500e+03
-1.000497131347656250e+03
-1.000101013183593750e+03
-1.000013305664062500e+03
-9.997528076171875000e+02
-1.000252746582031250e+03
-9.997893066406250000e+02
-1.000304809570312500e+03
-9.993740844726562500e+02
-1.000267150878906250e+03
-1.000546875000000000e+03
-9.993085937500000000e+02
-9.992259521484375000e+02
-9.999755249023437500e+02
-1.000363159179687500e+03
-9.995161132812500000e+02
-9.998979492187500000e+02
-1.000286437988281250e+03
-1.000192504882812500e+03
-9.995434570312500000e+02
-9.999401245117187500e+02
-1.000205505371093750e+03
-9.991347045898437500e+02
-9.999837646484375000e+02
-1.000377075195312500e+03
-9.993049316406250000e+02
-9.998670654296875000e+02
-9.997764892578125000e+02
-9.994243164062500000e+02
-1.000032165527343750e+03
-9.996929321289062500e+02
-9.992165527343750000e+02
-1.000524597167968750e+03
-1.000705688476562500e+03
-9.998496093750000000e+02
-9.999870605468750000e+02
-9.991524658203125000e+02
-1.000167541503906250e+03
-1.000962402343750000e+03
-9.994710083007812500e+02
-9.997161254882812500e+02
-1.000007629394531250e+03
-1.000280029296875000e+03
-9.992716064453125000e+02
-9.996453247070312500e+02
-1.000147949218750000e+03
-9.995748291015625000e+02
-1.000440979003906250e+03
-1.000093872070312500e+03
-1.000129882812500000e+03
-9.996244506835937500e+02
-9.999095458984375000e+02
-1.000420837402343750e+03
-1.000618408203125000e+03
-1.000138366699218750e+03
-1.000132019042968750e+03
-1.000193786621093750e+03
-1.000003967285156250e+03
-9.992477416992187500e+02
-1.000191772460937500e+03
-1.001023437500000000e+03
-1.000269775390625000e+03
-9.996790771484375000e+02
-1.000449340820312500e+03
-1.000021057128906250e+03
-1.000603332519531250e+03
-1.000974243164062500e+03
-1.000595092773437500e+03
-1.000024963378906250e+03
-9.994003295898437500e+02
-1.000026000976562500e+03
-9.987919921875000000e+02
-1.000459411621093750e+03
-1.000546325683593750e+03
-1.000524230957031250e+03
-9.998316040039062500e+02
-1.000173461914062500e+03
-9.998435668945312500e+02
-1.000592468261718750e+03
-1.000429321289062500e+03
-9.996099853515625000e+02
-9.997352905273437500e+02
-1.000113098144531250e+03
-1.000690551757812500e+03
-9.993858642578125000e+02
-1.000476684570312500e+03
-1.000112792968750000e+03
-9.996588745117187500e+02
-1.000336547851562500e+03
-1.000535156250000000e+03
-1.000465148925781250e+03
-9.997457275390625000e+02
-9.990391845703125000e+02
-1.001128295898437500e+03
-1.001000793457031250e+03
-1.000288757324218750e+03
-9.999766845703125000e+02
-1.000237243652343750e+03
-9.998632812500000000e+02
-9.993112182617187500e+02
-9.993311157226562500e+02
-1.000288208007812500e+03
-9.994241943359375000e+02
-1.000902221679687500e+03
-1.000018493652343750e+03
-1.000499816894531250e+03
-1.000385314941406250e+03
-9.998866577148437500e+02
-9.998712158203125000e+02
-9.996157836914062500e+02
-1.000228820800781250e+03
-1.000064575195312500e+03
-9.997473144531250000e+02
-9.998781127929687500e+02
-9.998847656250000000e+02
-9.997855834960937500e+02
-1.000308166503906250e+03
-1.000376953125000000e+03
-1.000508483886718750e+03
-9.998729248046875000e+02
-1.000324768066406250e+03
-1.000325683593750000e+03
-1.001149658203125000e+03
-9.996191406250000000e+02
-1.000286743164062500e+03
-9.987888183593750000e+02
-9.997140502929687500e+02
-9.997012939453125000e+02
-1.000452331542968750e+03
-1.000877746582031250e+03
-9.999963378906250000e+02
-1.000167724609375000e+03
-1.000767944335937500e+03
-1.001183715820312500e+03
-1.000061279296875000e+03
-1.000310119628906250e+03
-1.000074035644531250e+03
-9.995243530273437500e+02
-9.999342041015625000e+02
-9.996367187500000000e+02
-9.995525512695312500e+02
-1.000027038574218750e+03
-1.000169067382812500e+03
-1.000125488281250000e+03
-9.994181518554687500e+02
-1.000787658691406250e+03
-9.999685668945312500e+02
-1.000580688476562500e+03
-9.990032348632812500e+02
-9.999426269531250000e+02
-1.000244750976562500e+03
-9.993378906250000000e+02
-1.000684143066406250e+03
-9.993815307617187500e+02
-1.000537170410156250e+03
-1.000482910156250000e+03
-1.000652709960937500e+03
-1.000858947753906250e+03
-1.000419860839843750e+03
-1.000572021484375000e+03
-1.000213256835937500e+03
-9.996611938476562500e+02
-9.996280517578125000e+02
-9.997225952148437500e+02
-1.000093383789062500e+03
-9.997151489257812500e+02
-1.001073669433593750e+03
-9.997241210937500000e+02
-1.000091247558593750e+03
-1.000135742187500000e+03
-9.999785156250000000e+02
-1.000521179199218750e+03
-1.000229492187500000e+03
-9.996621093750000000e+02
-1.000865539550781250e+03
-9.998695068359375000e+02
-9.997308959960937500e+02
-9.997355346679687500e+02
-9.992935180664062500e+02
-1.000358581542968750e+03
-1.001088256835937500e+03
-9.998890991210937500e+02
-9.997178955078125000e+02
-9.999018554687500000e+02
-1.000449707031250000e+03
-9.996755981445312500e+02
-9.999181518554687500e+02
-9.993193969726562500e+02
-9.990830078125000000e+02
-1.000391235351562500e+03
-9.991628417968750000e+02
-9.993439331054687500e+02
-9.989925537109375000e+02
-9.996113281250000000e+02
-1.001370727539062500e+03
-1.000298095703125000e+03
-9.997056884765625000e+02
-1.000343078613281250e+03
-9.998975219726562500e+02
-9.995332641601562500e+02
-1.000419189453125000e+03
-1.001028625488281250e+03
-9.999933471679687500e+02
-1.000157714843750000e+03
-9.994368896484375000e+02
-9.999500732421875000e+02
-1.000690856933593750e+03
-1.000013427734375000e+03
-1.000592895507812500e+03
-1.000335388183593750e+03
-1.000090698242187500e+03
-1.000875854492187500e+03
-9.997412719726562500e+02
-1.000445007324218750e+03
-1.000288452148437500e+03
-1.000613220214843750e+03
-9.999682006835937500e+02
-1.000386291503906250e+03
-1.000263671875000000e+03
-9.998664550781250000e+02
-9.995911865234375000e+02
-9.993256225585937500e+02
-1.000275756835937500e+03
-1.000052551269531250e+03
-9.996193847656250000e+02
-1.000159790039062500e+03
-1.000160949707031250e+03
-1.000811462402343750e+03
-9.997473144531250000e+02
-9.999379882812500000e+02
-9.999602050781250000e+02
-1.000081054687500000e+03
-9.998246459960937500e+02
-1.000115844726562500e+03
-1.000351379394531250e+03
-9.999442138671875000e+02
-9.991608276367187500e+02
-9.996256713867187500e+02
-9.988680419921875000e+02
-9.996748046875000000e+02
-9.999286499023437500e+02
-9.998384399414062500e+02
-1.000059082031250000e+03
-9.998472290039062500e+02
-1.000435302734375000e+03
-1.000046386718750000e+03
-1.000083007812500000e+03
-9.993834838867187500e+02
-1.000540710449218750e+03
-1.000890136718750000e+03
-9.994746704101562500e+02
-1.000173889160156250e+03
-9.991892700195312500e+02
-1.000410034179687500e+03
-1.000807739257812500e+03
-9.998795166015625000e+02
-9.996333007812500000e+02
-1.000671997070312500e+03
-1.000077880859375000e+03
-9.999700927734375000e+02
-1.000301635742187500e+03
-9.998077392578125000e+02
-9.993427124023437500e+02
-9.996465454101562500e+02
-1.000042297363281250e+03
-1.000515258789062500e+03
-1.000136901855468750e+03
-9.994752807617187500e+02
-9.998283081054687500e+02
-1.000224853515625000e+03
-9.998085937500000000e+02
-9.997199707031250000e+02
-1.000204895019531250e+03
-1.001350219726562500e+03
-9.993497314453125000e+02
-1.000061401367187500e+03
-9.998171997070312500e+02
-9.999291992187500000e+02
-9.993507690429687500e+02
-1.000677368164062500e+03
-1.000421203613281250e+03
-1.001141357421875000e+03
-9.999901733398437500e+02
-9.993027954101562500e+02
-9.999451293945312500e+02
-9.998845214843750000e+02
-1.000691711425781250e+03
-1.000724243164062500e+03
-1.000210632324218750e+03
-9.997985229492187500e+02
-1.000933166503906250e+03
-1.000351745605468750e+03
-1.000274353027343750e+03
-9.996702270507812500e+02
-1.000498962402343750e+03
-1.000082458496093750e+03
-9.993461914062500000e+02
-9.998510131835937500e+02
-9.994786987304687500e+02
-9.995245971679687500e+02
-1.000289611816406250e+03
-1.000933349609375000e+03
-9.993324584960937500e+02
-1.000128356933593750e+03
-9.990707397460937500e+02
-1.000984619140625000e+03
-9.992744750976562500e+02
-1.000159790039062500e+03
-9.999965820312500000e+02
-9.996939697265625000e+02
