3.532128524780273438e+01
3.532128524780273438e+01
3.515128326416015625e+01
3.543515396118164062e+01
3.556496429443359375e+01
3.530797195434570312e+01
3.523187637329101562e+01
3.529167175292968750e+01
3.490135192871093750e+01
3.500472640991210938e+01
3.585350418090820312e+01
3.561696243286132812e+01
3.521775817871093750e+01
3.456422042846679688e+01
3.539281082153320312e+01
3.526595687866210938e+01
3.506476593017578125e+01
3.628475952148437500e+01
3.530580520629882812e+01
3.553021621704101562e+01
3.595099258422851562e+01
3.524641036987304688e+01
3.670568847656250000e+01
3.693432998657226562e+01
3.500642013549804688e+01
3.502793884277343750e+01
3.588571929931640625e+01
3.610733413696289062e+01
3.563832855224609375e+01
3.489791488647460938e+01
3.567424011230468750e+01
3.571278762817382812e+01
3.587194442749023438e+01
3.669916534423828125e+01
3.532624053955078125e+01
3.534143066406250000e+01
3.593142318725585938e+01
3.506466293334960938e+01
3.641557312011718750e+01
3.682318115234375000e+01
3.552613449096679688e+01
3.582595443725585938e+01
3.555365753173828125e+01
3.577798843383789062e+01
3.476375198364257812e+01
3.540525436401367188e+01
3.568493270874023438e+01
3.610684967041015625e+01
3.570363235473632812e+01
3.607033157348632812e+01
3.544977951049804688e+01
3.609748077392578125e+01
3.570292663574218750e+01
3.507272338867187500e+01
3.466167449951171875e+01
3.576676559448242188e+01
3.559489059448242188e+01
3.606430053710937500e+01
3.556454086303710938e+01
3.594762039184570312e+01
3.576195144653320312e+01
3.595931625366210938e+01
3.592877578735351562e+01
3.611621475219726562e+01
3.580546569824218750e+01
3.532667160034179688e+01
3.596556472778320312e+01
3.515583801269531250e+01
3.519083023071289062e+01
3.590786361694335938e+01
3.506952285766601562e+01
3.537364196777343750e+01
3.504595565795898438e+01
3.483580780029296875e+01
3.523503875732421875e+01
3.541854476928710938e+01
3.530832672119140625e+01
3.615316009521484375e+01
3.605022430419921875e+01
3.536207199096679688e+01
3.540532302856445312e+01
3.541978454589843750e+01
3.501153945922851562e+01
3.497014999389648438e+01
3.622883224487304688e+01
3.506475067138671875e+01
3.541273498535156250e+01
3.619395446777343750e+01
3.529277801513671875e+01
3.490576934814453125e+01
3.532669830322265625e+01
3.609444427490234375e+01
3.535211944580078125e+01
3.536088943481445312e+01
3.599761581420898438e+01
3.552906036376953125e+01
3.549233245849609375e+01
3.574733352661132812e+01
3.586198425292968750e+01
3.492909240722656250e+01
3.604436874389648438e+01
3.535319519042968750e+01
3.533025360107421875e+01
3.563892745971679688e+01
3.545405578613281250e+01
3.547639083862304688e+01
3.474588775634765625e+01
3.599578094482421875e+01
3.690469360351562500e+01
3.473200225830078125e+01
3.422660827636718750e+01
3.496873474121093750e+01
3.633248901367187500e+01
3.641490554809570312e+01
3.537427902221679688e+01
3.530019378662109375e+01
3.579018402099609375e+01
3.548275756835937500e+01
3.471241378784179688e+01
3.458858871459960938e+01
3.534848403930664062e+01
3.579325103759765625e+01
3.467002487182617188e+01
3.580543899536132812e+01
3.623175048828125000e+01
3.528311920166015625e+01
3.618058013916015625e+01
3.489152526855468750e+01
3.548862457275390625e+01
3.600819396972656250e+01
3.576891708374023438e+01
3.574288558959960938e+01
3.530008316040039062e+01
3.548239898681640625e+01
3.449171447753906250e+01
3.513311386108398438e+01
3.474861526489257812e+01
3.492060089111328125e+01
3.568616104125976562e+01
3.619849777221679688e+01
3.543229293823242188e+01
3.462829971313476562e+01
3.618471527099609375e+01
3.507935333251953125e+01
3.576067733764648438e+01
3.530271530151367188e+01
3.588726806640625000e+01
3.483769989013671875e+01
3.539904403686523438e+01
3.641676330566406250e+01
3.570689773559570312e+01
3.598680877685546875e+01
3.512584304809570312e+01
3.436896133422851562e+01
3.583292007446289062e+01
3.555166244506835938e+01
3.538724136352539062e+01
3.554032897949218750e+01
3.421663665771484375e+01
3.575677108764648438e+01
3.650680541992187500e+01
3.646431350708007812e+01
3.496254730224609375e+01
3.584312057495117188e+01
3.517568969726562500e+01
3.535392761230468750e+01
3.542731094360351562e+01
3.516102600097656250e+01
3.539036560058593750e+01
3.438610076904296875e+01
3.599707031250000000e+01
3.537339401245117188e+01
3.579033279418945312e+01
3.516574096679687500e+01
3.536641693115234375e+01
3.567868041992187500e+01
3.472590637207031250e+01
3.578648757934570312e+01
3.498900222778320312e+01
3.522550964355468750e+01
3.478953933715820312e+01
3.553275680541992188e+01
3.565429306030273438e+01
3.650265502929687500e+01
3.587198638916015625e+01
3.612349319458007812e+01
3.527503967285156250e+01
3.612816619873046875e+01
3.591810989379882812e+01
3.494226074218750000e+01
3.493762207031250000e+01
3.474134826660156250e+01
