-1.000561157226562500e+03
-1.000561157226562500e+03
-1.000735046386718750e+03
-1.000276977539062500e+03
-1.000549011230468750e+03
-1.000357910156250000e+03
-9.999816284179687500e+02
-9.991793212890625000e+02
-1.001002258300781250e+03
-1.000313415527343750e+03
-9.995800170898437500e+02
-9.995046386718750000e+02
-1.000495849609375000e+03
-1.000804016113281250e+03
-9.995130615234375000e+02
-1.000257751464843750e+03
-9.997572021484375000e+02
-9.997166748046875000e+02
-9.988073120117187500e+02
-9.991251831054687500e+02
-9.999208984375000000e+02
-1.000353820800781250e+03
-9.996932373046875000e+02
-1.000341918945312500e+03
-1.000143188476562500e+03
-9.996472778320312500e+02
-1.000751098632812500e+03
-9.996019287109375000e+02
-9.997260742187500000e+02
-9.998123168945312500e+02
-9.993023071289062500e+02
-9.996856689453125000e+02
-1.000180664062500000e+03
-1.000862121582031250e+03
-9.998144531250000000e+02
-9.994356079101562500e+02
-9.996281738281250000e+02
-1.000102233886718750e+03
-9.995001831054687500e+02
-1.000728759765625000e+03
-9.992427368164062500e+02
-1.000768615722656250e+03
-9.998522949218750000e+02
-1.000268920898437500e+03
-1.000775512695312500e+03
-1.000177795410156250e+03
-9.993341674804687500e+02
-9.995440063476562500e+02
-9.995845336914062500e+02
-9.994109497070312500e+02
-1.000343078613281250e+03
-1.000260131835937500e+03
-9.995030517578125000e+02
-1.000436035156250000e+03
-1.000405578613281250e+03
-1.000472412109375000e+03
-9.998433227539062500e+02
-1.000208129882812500e+03
-9.998668823242187500e+02
-9.999370117187500000e+02
-1.000263549804687500e+03
-1.000523254394531250e+03
-9.997648315429687500e+02
-9.995799560546875000e+02
-1.000137084960937500e+03
-9.995429077148437500e+02
-1.000392089843750000e+03
-9.991281127929687500e+02
-1.000436462402343750e+03
-1.000624206542968750e+03
-9.998921508789062500e+02
-9.995199584960937500e+02
