3.477120590209960938e+01
3.477120590209960938e+01
3.528038406372070312e+01
3.540028381347656250e+01
3.501998519897460938e+01
3.504457855224609375e+01
3.572935104370117188e+01
3.538500595092773438e+01
3.607857894897460938e+01
3.533496856689453125e+01
3.615256118774414062e+01
3.614904785156250000e+01
3.438771438598632812e+01
3.560966491699218750e+01
3.542887878417968750e+01
3.485584259033203125e+01
3.547545623779296875e+01
3.419780731201171875e+01
3.470774459838867188e+01
3.541432571411132812e+01
3.506021499633789062e+01
3.562971496582031250e+01
3.542728805541992188e+01
3.531125259399414062e+01
3.495048522949218750e+01
3.578335952758789062e+01
3.461831665039062500e+01
3.510987854003906250e+01
3.469293594360351562e+01
3.593411254882812500e+01
3.595498275756835938e+01
3.505484771728515625e+01
3.534897232055664062e+01
3.479624176025390625e+01
3.548069000244140625e+01
3.573984146118164062e+01
3.564105606079101562e+01
3.552766036987304688e+01
3.587731170654296875e+01
3.588935089111328125e+01
3.553896713256835938e+01
3.555690002441406250e+01
3.501885986328125000e+01
3.570587158203125000e+01
3.441186904907226562e+01
3.467145919799804688e+01
3.569145965576171875e+01
3.466746139526367188e+01
3.580394744873046875e+01
3.504881668090820312e+01
3.602817916870117188e+01
3.525372314453125000e+01
3.622569656372070312e+01
3.620133972167968750e+01
3.525591659545898438e+01
3.510162353515625000e+01
3.508579635620117188e+01
3.549493408203125000e+01
3.599583435058593750e+01
3.585337829589843750e+01
3.529947280883789062e+01
3.556309509277343750e+01
3.528551864624023438e+01
3.643544006347656250e+01
3.541650009155273438e+01
3.522124862670898438e+01
3.482196426391601562e+01
3.555978775024414062e+01
3.545695495605468750e+01
3.484856033325195312e+01
3.626601791381835938e+01
3.591278457641601562e+01
