3.557482910156250000e+01
3.470080947875976562e+01
3.538758850097656250e+01
3.497858810424804688e+01
3.569351577758789062e+01
3.478848266601562500e+01
3.482033157348632812e+01
3.527218246459960938e+01
3.527844238281250000e+01
3.511418914794921875e+01
3.653863143920898438e+01
3.562276077270507812e+01
3.538818359375000000e+01
3.576519393920898438e+01
3.507862091064453125e+01
3.555481338500976562e+01
3.537635803222656250e+01
3.544009017944335938e+01
3.487559890747070312e+01
3.554521560668945312e+01
3.530817031860351562e+01
3.524947357177734375e+01
3.530705261230468750e+01
3.505863189697265625e+01
3.584925842285156250e+01
3.522173690795898438e+01
3.496319198608398438e+01
3.497923278808593750e+01
3.570616531372070312e+01
3.612057495117187500e+01
3.463615798950195312e+01
3.637660217285156250e+01
3.559202957153320312e+01
3.507825469970703125e+01
3.557526397705078125e+01
3.500112533569335938e+01
3.564496994018554688e+01
3.585109710693359375e+01
3.598286819458007812e+01
3.553382873535156250e+01
3.584643936157226562e+01
3.617313003540039062e+01
3.585023498535156250e+01
3.449834442138671875e+01
3.414939880371093750e+01
3.564085388183593750e+01
3.498420715332031250e+01
3.491133499145507812e+01
3.505556488037109375e+01
3.466008758544921875e+01
3.555323410034179688e+01
3.601830291748046875e+01
3.550741195678710938e+01
3.422712707519531250e+01
3.609152603149414062e+01
3.558530044555664062e+01
3.576156616210937500e+01
3.569343185424804688e+01
3.606378555297851562e+01
3.555640411376953125e+01
3.550247955322265625e+01
3.593419265747070312e+01
3.553575897216796875e+01
3.558496856689453125e+01
3.535655593872070312e+01
3.500325012207031250e+01
3.644803237915039062e+01
3.525310516357421875e+01
3.568671798706054688e+01
3.454834747314453125e+01
3.522729110717773438e+01
3.499874496459960938e+01
3.627309417724609375e+01
3.480710220336914062e+01
3.521114730834960938e+01
3.491327285766601562e+01
3.517987060546875000e+01
3.572858047485351562e+01
3.542635726928710938e+01
3.601213836669921875e+01
3.546085357666015625e+01
3.478355026245117188e+01
3.484912872314453125e+01
3.612868499755859375e+01
3.485855865478515625e+01
3.472764205932617188e+01
3.522776031494140625e+01
3.585552978515625000e+01
3.573289489746093750e+01
3.529868316650390625e+01
3.508789062500000000e+01
3.466158294677734375e+01
3.512806320190429688e+01
3.492084503173828125e+01
3.642231750488281250e+01
3.529993820190429688e+01
3.494118881225585938e+01
3.591887283325195312e+01
3.525691223144531250e+01
3.613401794433593750e+01
3.514805984497070312e+01
3.548653793334960938e+01
3.599631500244140625e+01
3.569515609741210938e+01
3.574654006958007812e+01
3.577098846435546875e+01
3.555309677124023438e+01
3.528422164916992188e+01
3.526580810546875000e+01
3.499570846557617188e+01
3.546398162841796875e+01
3.563166809082031250e+01
3.459358215332031250e+01
3.413755035400390625e+01
3.521406173706054688e+01
3.561767578125000000e+01
3.523801803588867188e+01
3.547734832763671875e+01
3.518532180786132812e+01
3.545544433593750000e+01
3.613220977783203125e+01
3.535171890258789062e+01
3.519893264770507812e+01
3.460003662109375000e+01
3.524530792236328125e+01
3.474134826660156250e+01
3.563853073120117188e+01
3.473365020751953125e+01
3.614764404296875000e+01
3.522074508666992188e+01
3.478250885009765625e+01
3.579736328125000000e+01
3.479408645629882812e+01
3.550102996826171875e+01
3.599032211303710938e+01
3.550162124633789062e+01
3.533949279785156250e+01
3.586352920532226562e+01
3.537985992431640625e+01
3.567625808715820312e+01
3.484268569946289062e+01
3.492307662963867188e+01
3.613165664672851562e+01
3.551763916015625000e+01
3.587657165527343750e+01
3.535523605346679688e+01
3.558752441406250000e+01
3.602660369873046875e+01
3.501083374023437500e+01
3.571653366088867188e+01
3.497124099731445312e+01
3.512957763671875000e+01
3.598497772216796875e+01
3.438118362426757812e+01
3.550669860839843750e+01
3.566146087646484375e+01
3.582938003540039062e+01
3.536382293701171875e+01
3.468047714233398438e+01
3.597731399536132812e+01
3.515953826904296875e+01
3.602033233642578125e+01
3.477531814575195312e+01
3.510514831542968750e+01
3.592949676513671875e+01
3.603068542480468750e+01
3.576728057861328125e+01
3.589780807495117188e+01
3.577117919921875000e+01
3.514005661010742188e+01
3.497273254394531250e+01
3.590501785278320312e+01
3.646292495727539062e+01
3.532040023803710938e+01
3.558622360229492188e+01
3.615354156494140625e+01
3.484026718139648438e+01
3.534617996215820312e+01
3.593340301513671875e+01
3.550359344482421875e+01
3.510956954956054688e+01
3.544201660156250000e+01
3.568737792968750000e+01
3.646596145629882812e+01
3.464543151855468750e+01
3.546755599975585938e+01
3.503552246093750000e+01
3.555088043212890625e+01
3.494354629516601562e+01
3.625352478027343750e+01
3.580535125732421875e+01
3.529061508178710938e+01
3.518545913696289062e+01
3.460120010375976562e+01
3.551974105834960938e+01
3.581810760498046875e+01
3.534203338623046875e+01
3.533845138549804688e+01
3.587187957763671875e+01
3.582354354858398438e+01
3.592113494873046875e+01
3.509450149536132812e+01
3.503968811035156250e+01
3.547672653198242188e+01
3.573414230346679688e+01
3.604319763183593750e+01
3.544709396362304688e+01
3.617516708374023438e+01
3.506688690185546875e+01
3.529068756103515625e+01
3.617275619506835938e+01
3.528582000732421875e+01
3.497492218017578125e+01
3.489036941528320312e+01
3.554471969604492188e+01
3.624734115600585938e+01
3.601598739624023438e+01
3.542699432373046875e+01
3.430396652221679688e+01
3.474149703979492188e+01
3.593028259277343750e+01
3.539374923706054688e+01
3.584542465209960938e+01
3.502048873901367188e+01
3.547301483154296875e+01
3.651046752929687500e+01
3.548820877075195312e+01
3.575052261352539062e+01
3.625982666015625000e+01
3.512321853637695312e+01
3.512641143798828125e+01
3.577507400512695312e+01
3.529386901855468750e+01
3.671783828735351562e+01
3.532190322875976562e+01
3.493252944946289062e+01
3.464630889892578125e+01
3.605907821655273438e+01
3.595493316650390625e+01
3.544292449951171875e+01
3.578451538085937500e+01
3.586978912353515625e+01
3.484115600585937500e+01
3.510122680664062500e+01
3.559431457519531250e+01
3.522076034545898438e+01
3.544501876831054688e+01
3.529883575439453125e+01
3.449298477172851562e+01
3.603108596801757812e+01
3.622500228881835938e+01
3.474715042114257812e+01
3.584388351440429688e+01
3.475157546997070312e+01
3.601664352416992188e+01
3.499916458129882812e+01
3.557246017456054688e+01
3.545208358764648438e+01
3.452437591552734375e+01
3.563508987426757812e+01
3.565076065063476562e+01
3.638750076293945312e+01
3.523910140991210938e+01
3.504651641845703125e+01
3.597697448730468750e+01
3.535736465454101562e+01
3.599563217163085938e+01
3.547468185424804688e+01
3.560150527954101562e+01
3.587695312500000000e+01
3.612807083129882812e+01
3.550476074218750000e+01
3.544295883178710938e+01
3.591220855712890625e+01
3.566576766967773438e+01
3.566576766967773438e+01
3.526906967163085938e+01
3.506439208984375000e+01
3.544389343261718750e+01
3.535412597656250000e+01
3.516612243652343750e+01
3.525255203247070312e+01
3.679222488403320312e+01
3.512173843383789062e+01
3.599495697021484375e+01
3.546286773681640625e+01
3.551218795776367188e+01
3.476356124877929688e+01
3.554588699340820312e+01
3.469447708129882812e+01
3.473352432250976562e+01
3.442738342285156250e+01
3.456128692626953125e+01
3.596989440917968750e+01
3.503510665893554688e+01
3.547955322265625000e+01
3.524689102172851562e+01
3.543456268310546875e+01
3.620483016967773438e+01
3.672597885131835938e+01
3.475030136108398438e+01
3.592097473144531250e+01
3.494368362426757812e+01
3.574449539184570312e+01
3.616223144531250000e+01
3.513475036621093750e+01
3.649863815307617188e+01
3.420483779907226562e+01
3.622958374023437500e+01
3.573473739624023438e+01
3.544050216674804688e+01
3.506471633911132812e+01
3.568455123901367188e+01
3.543657302856445312e+01
3.540015792846679688e+01
3.524781036376953125e+01
3.432414245605468750e+01
3.591401672363281250e+01
3.587385940551757812e+01
3.586826705932617188e+01
3.616685104370117188e+01
3.391390228271484375e+01
3.511177825927734375e+01
3.516291809082031250e+01
3.556387710571289062e+01
3.614156723022460938e+01
3.496962738037109375e+01
3.538978958129882812e+01
3.606700134277343750e+01
3.582924270629882812e+01
3.577738952636718750e+01
3.625011444091796875e+01
3.455097579956054688e+01
3.545282745361328125e+01
3.580768203735351562e+01
3.620397949218750000e+01
3.491108322143554688e+01
3.643115615844726562e+01
3.622726821899414062e+01
3.519575119018554688e+01
3.578533935546875000e+01
3.554950332641601562e+01
3.550146865844726562e+01
3.536146163940429688e+01
3.569424057006835938e+01
3.517196655273437500e+01
3.538483047485351562e+01
3.595841598510742188e+01
3.581472396850585938e+01
3.516327667236328125e+01
3.642280578613281250e+01
3.491260910034179688e+01
3.510518264770507812e+01
3.541880416870117188e+01
3.545957946777343750e+01
3.561271667480468750e+01
3.556097030639648438e+01
3.590932846069335938e+01
3.536457061767578125e+01
3.539862442016601562e+01
3.549826049804687500e+01
3.498818969726562500e+01
3.529729461669921875e+01
3.486826324462890625e+01
3.486826324462890625e+01
3.486826324462890625e+01
3.486826324462890625e+01
3.486826324462890625e+01
3.486826324462890625e+01
3.486826324462890625e+01
3.486826324462890625e+01
3.486826324462890625e+01
3.486826324462890625e+01
3.486826324462890625e+01
3.486826324462890625e+01
3.486826324462890625e+01
3.486826324462890625e+01
3.486826324462890625e+01
3.486826324462890625e+01
3.486826324462890625e+01
3.486826324462890625e+01
3.486826324462890625e+01
3.486826324462890625e+01
3.486826324462890625e+01
3.486826324462890625e+01
3.486826324462890625e+01
3.486826324462890625e+01
3.486826324462890625e+01
3.486826324462890625e+01
3.486826324462890625e+01
3.486826324462890625e+01
3.486826324462890625e+01
3.486826324462890625e+01
3.486826324462890625e+01
3.486826324462890625e+01
3.486826324462890625e+01
3.486826324462890625e+01
3.486826324462890625e+01
3.486826324462890625e+01
3.486826324462890625e+01
3.486826324462890625e+01
3.486826324462890625e+01
3.486826324462890625e+01
3.486826324462890625e+01
3.486826324462890625e+01
3.486826324462890625e+01
3.486826324462890625e+01
3.486826324462890625e+01
3.486826324462890625e+01
3.486826324462890625e+01
3.486826324462890625e+01
3.486826324462890625e+01
3.486826324462890625e+01
3.486826324462890625e+01
3.486826324462890625e+01
3.486826324462890625e+01
3.486826324462890625e+01
3.486826324462890625e+01
3.486826324462890625e+01
3.486826324462890625e+01
3.486826324462890625e+01
3.486826324462890625e+01
3.486826324462890625e+01
3.486826324462890625e+01
3.486826324462890625e+01
3.486826324462890625e+01
3.486826324462890625e+01
3.486826324462890625e+01
3.486826324462890625e+01
3.486826324462890625e+01
3.486826324462890625e+01
3.486826324462890625e+01
3.486826324462890625e+01
3.486826324462890625e+01
3.486826324462890625e+01
3.486826324462890625e+01
3.486826324462890625e+01
3.486826324462890625e+01
3.486826324462890625e+01
3.486826324462890625e+01
3.486826324462890625e+01
3.486826324462890625e+01
3.486826324462890625e+01
3.486826324462890625e+01
3.486826324462890625e+01
3.486826324462890625e+01
3.486826324462890625e+01
3.486826324462890625e+01
3.486826324462890625e+01
3.486826324462890625e+01
3.486826324462890625e+01
3.486826324462890625e+01
3.486826324462890625e+01
3.486826324462890625e+01
3.486826324462890625e+01
3.486826324462890625e+01
3.486826324462890625e+01
3.486826324462890625e+01
3.486826324462890625e+01
3.486826324462890625e+01
3.486826324462890625e+01
3.486826324462890625e+01
3.486826324462890625e+01
3.486826324462890625e+01
3.486826324462890625e+01
3.486826324462890625e+01
3.486826324462890625e+01
3.486826324462890625e+01
3.486826324462890625e+01
3.486826324462890625e+01
3.486826324462890625e+01
3.486826324462890625e+01
3.486826324462890625e+01
3.486826324462890625e+01
3.486826324462890625e+01
3.486826324462890625e+01
3.486826324462890625e+01
3.486826324462890625e+01
3.486826324462890625e+01
3.486826324462890625e+01
3.486826324462890625e+01
3.486826324462890625e+01
3.486826324462890625e+01
3.486826324462890625e+01
3.486826324462890625e+01
3.486826324462890625e+01
3.486826324462890625e+01
3.486826324462890625e+01
3.486826324462890625e+01
3.486826324462890625e+01
3.486826324462890625e+01
3.486826324462890625e+01
3.486826324462890625e+01
3.486826324462890625e+01
3.486826324462890625e+01
3.486826324462890625e+01
3.486826324462890625e+01
3.486826324462890625e+01
3.486826324462890625e+01
3.486826324462890625e+01
3.486826324462890625e+01
3.486826324462890625e+01
3.486826324462890625e+01
3.486826324462890625e+01
3.486826324462890625e+01
3.486826324462890625e+01
3.486826324462890625e+01
3.486826324462890625e+01
3.486826324462890625e+01
3.486826324462890625e+01
3.486826324462890625e+01
3.486826324462890625e+01
3.486826324462890625e+01
3.486826324462890625e+01
3.486826324462890625e+01
3.486826324462890625e+01
3.486826324462890625e+01
3.486826324462890625e+01
3.486826324462890625e+01
3.486826324462890625e+01
3.486826324462890625e+01
3.486826324462890625e+01
3.486826324462890625e+01
3.486826324462890625e+01
3.486826324462890625e+01
3.486826324462890625e+01
3.486826324462890625e+01
3.486826324462890625e+01
3.486826324462890625e+01
3.486826324462890625e+01
3.486826324462890625e+01
3.486826324462890625e+01
3.486826324462890625e+01
3.486826324462890625e+01
3.486826324462890625e+01
3.486826324462890625e+01
3.486826324462890625e+01
3.486826324462890625e+01
3.486826324462890625e+01
3.486826324462890625e+01
3.486826324462890625e+01
3.486826324462890625e+01
3.486826324462890625e+01
3.486826324462890625e+01
3.486826324462890625e+01
3.486826324462890625e+01
3.486826324462890625e+01
3.486826324462890625e+01
3.486826324462890625e+01
3.486826324462890625e+01
3.486826324462890625e+01
3.486826324462890625e+01
3.486826324462890625e+01
3.486826324462890625e+01
3.486826324462890625e+01
3.486826324462890625e+01
3.486826324462890625e+01
3.486826324462890625e+01
3.486826324462890625e+01
3.486826324462890625e+01
3.486826324462890625e+01
3.486826324462890625e+01
3.486826324462890625e+01
3.486826324462890625e+01
3.486826324462890625e+01
3.486826324462890625e+01
3.486826324462890625e+01
3.486826324462890625e+01
3.486826324462890625e+01
3.486826324462890625e+01
3.486826324462890625e+01
3.486826324462890625e+01
3.486826324462890625e+01
3.486826324462890625e+01
3.486826324462890625e+01
3.486826324462890625e+01
3.486826324462890625e+01
3.486826324462890625e+01
3.486826324462890625e+01
3.486826324462890625e+01
3.486826324462890625e+01
3.486826324462890625e+01
3.486826324462890625e+01
3.486826324462890625e+01
3.486826324462890625e+01
3.486826324462890625e+01
3.486826324462890625e+01
3.486826324462890625e+01
3.486826324462890625e+01
3.486826324462890625e+01
3.486826324462890625e+01
3.486826324462890625e+01
3.486826324462890625e+01
3.486826324462890625e+01
3.486826324462890625e+01
3.486826324462890625e+01
3.486826324462890625e+01
3.486826324462890625e+01
3.486826324462890625e+01
3.486826324462890625e+01
3.486826324462890625e+01
3.486826324462890625e+01
3.486826324462890625e+01
3.486826324462890625e+01
3.486826324462890625e+01
3.486826324462890625e+01
3.486826324462890625e+01
3.486826324462890625e+01
3.486826324462890625e+01
3.486826324462890625e+01
3.486826324462890625e+01
3.486826324462890625e+01
3.486826324462890625e+01
3.486826324462890625e+01
3.486826324462890625e+01
3.486826324462890625e+01
3.486826324462890625e+01
3.486826324462890625e+01
3.486826324462890625e+01
3.486826324462890625e+01
3.486826324462890625e+01
3.486826324462890625e+01
3.486826324462890625e+01
3.486826324462890625e+01
3.486826324462890625e+01
3.486826324462890625e+01
3.486826324462890625e+01
3.486826324462890625e+01
3.486826324462890625e+01
3.486826324462890625e+01
3.486826324462890625e+01
3.486826324462890625e+01
3.486826324462890625e+01
3.486826324462890625e+01
3.486826324462890625e+01
3.486826324462890625e+01
3.486826324462890625e+01
3.486826324462890625e+01
3.486826324462890625e+01
3.486826324462890625e+01
3.486826324462890625e+01
3.486826324462890625e+01
3.486826324462890625e+01
3.486826324462890625e+01
3.486826324462890625e+01
3.486826324462890625e+01
3.486826324462890625e+01
3.486826324462890625e+01
3.486826324462890625e+01
3.486826324462890625e+01
3.486826324462890625e+01
3.486826324462890625e+01
3.486826324462890625e+01
3.486826324462890625e+01
3.486826324462890625e+01
3.486826324462890625e+01
3.486826324462890625e+01
3.486826324462890625e+01
3.486826324462890625e+01
3.486826324462890625e+01
3.486826324462890625e+01
3.486826324462890625e+01
3.486826324462890625e+01
3.486826324462890625e+01
3.486826324462890625e+01
3.486826324462890625e+01
3.486826324462890625e+01
3.486826324462890625e+01
3.486826324462890625e+01
3.486826324462890625e+01
3.486826324462890625e+01
3.486826324462890625e+01
3.486826324462890625e+01
3.486826324462890625e+01
3.486826324462890625e+01
3.486826324462890625e+01
3.486826324462890625e+01
3.486826324462890625e+01
3.486826324462890625e+01
3.486826324462890625e+01
3.486826324462890625e+01
3.486826324462890625e+01
3.486826324462890625e+01
3.486826324462890625e+01
3.486826324462890625e+01
3.486826324462890625e+01
3.486826324462890625e+01
3.486826324462890625e+01
3.486826324462890625e+01
3.486826324462890625e+01
3.486826324462890625e+01
3.486826324462890625e+01
3.486826324462890625e+01
3.486826324462890625e+01
3.486826324462890625e+01
3.486826324462890625e+01
3.486826324462890625e+01
3.486826324462890625e+01
3.486826324462890625e+01
3.486826324462890625e+01
3.486826324462890625e+01
3.486826324462890625e+01
3.486826324462890625e+01
3.486826324462890625e+01
3.486826324462890625e+01
3.486826324462890625e+01
3.486826324462890625e+01
3.486826324462890625e+01
3.486826324462890625e+01
3.486826324462890625e+01
3.486826324462890625e+01
3.486826324462890625e+01
3.486826324462890625e+01
3.486826324462890625e+01
3.486826324462890625e+01
3.486826324462890625e+01
3.486826324462890625e+01
3.486826324462890625e+01
3.486826324462890625e+01
3.486826324462890625e+01
3.486826324462890625e+01
3.486826324462890625e+01
3.486826324462890625e+01
3.486826324462890625e+01
3.486826324462890625e+01
3.486826324462890625e+01
3.486826324462890625e+01
3.486826324462890625e+01
3.486826324462890625e+01
3.486826324462890625e+01
3.486826324462890625e+01
3.486826324462890625e+01
3.486826324462890625e+01
3.486826324462890625e+01
3.486826324462890625e+01
3.486826324462890625e+01
3.486826324462890625e+01
3.486826324462890625e+01
3.486826324462890625e+01
3.486826324462890625e+01
3.486826324462890625e+01
3.486826324462890625e+01
3.486826324462890625e+01
3.486826324462890625e+01
3.486826324462890625e+01
3.486826324462890625e+01
3.486826324462890625e+01
3.486826324462890625e+01
3.486826324462890625e+01
3.486826324462890625e+01
3.486826324462890625e+01
3.486826324462890625e+01
3.486826324462890625e+01
3.486826324462890625e+01
3.486826324462890625e+01
3.486826324462890625e+01
3.486826324462890625e+01
3.486826324462890625e+01
3.486826324462890625e+01
3.486826324462890625e+01
3.486826324462890625e+01
3.486826324462890625e+01
3.486826324462890625e+01
3.486826324462890625e+01
3.486826324462890625e+01
3.486826324462890625e+01
3.486826324462890625e+01
3.486826324462890625e+01
3.486826324462890625e+01
3.486826324462890625e+01
3.486826324462890625e+01
3.486826324462890625e+01
3.486826324462890625e+01
3.486826324462890625e+01
3.486826324462890625e+01
3.486826324462890625e+01
3.486826324462890625e+01
3.486826324462890625e+01
3.486826324462890625e+01
3.486826324462890625e+01
3.486826324462890625e+01
3.486826324462890625e+01
3.486826324462890625e+01
3.486826324462890625e+01
3.486826324462890625e+01
3.486826324462890625e+01
3.486826324462890625e+01
3.486826324462890625e+01
3.486826324462890625e+01
3.486826324462890625e+01
3.486826324462890625e+01
3.486826324462890625e+01
3.486826324462890625e+01
3.486826324462890625e+01
3.486826324462890625e+01
3.486826324462890625e+01
3.486826324462890625e+01
3.486826324462890625e+01
3.486826324462890625e+01
3.486826324462890625e+01
3.486826324462890625e+01
3.486826324462890625e+01
3.486826324462890625e+01
3.486826324462890625e+01
3.486826324462890625e+01
