0.000000000000000000e+00
3.610563278198242188e+01
3.542998886108398438e+01
3.455550765991210938e+01
3.474596405029296875e+01
3.498928451538085938e+01
3.509749221801757812e+01
3.486551284790039062e+01
3.529867553710937500e+01
3.555527877807617188e+01
3.563576889038085938e+01
3.488146972656250000e+01
3.601678466796875000e+01
3.508605957031250000e+01
3.582961273193359375e+01
3.648112106323242188e+01
3.517781448364257812e+01
3.508428955078125000e+01
3.612540817260742188e+01
3.550770187377929688e+01
3.625976562500000000e+01
3.489817428588867188e+01
3.506544494628906250e+01
3.537215042114257812e+01
3.571922302246093750e+01
3.485154724121093750e+01
3.527152252197265625e+01
3.469051361083984375e+01
3.498635482788085938e+01
3.456791305541992188e+01
3.661132431030273438e+01
3.471854400634765625e+01
3.540279388427734375e+01
3.548778915405273438e+01
3.557012176513671875e+01
3.494382858276367188e+01
3.540932083129882812e+01
3.528737640380859375e+01
3.516391754150390625e+01
3.617898178100585938e+01
3.489525604248046875e+01
3.499229431152343750e+01
3.622425842285156250e+01
3.589413452148437500e+01
3.584693527221679688e+01
3.574206542968750000e+01
3.550321960449218750e+01
3.534923553466796875e+01
3.509732055664062500e+01
3.613443374633789062e+01
3.549824142456054688e+01
3.498305130004882812e+01
3.622446060180664062e+01
3.590774536132812500e+01
3.529265975952148438e+01
3.436266326904296875e+01
3.575963592529296875e+01
3.482063674926757812e+01
3.480215835571289062e+01
3.541830444335937500e+01
3.600934600830078125e+01
3.545561981201171875e+01
3.593027496337890625e+01
3.631791687011718750e+01
3.567337417602539062e+01
3.649894714355468750e+01
3.533937454223632812e+01
3.510184097290039062e+01
3.584761047363281250e+01
3.508818435668945312e+01
3.402703475952148438e+01
3.439555740356445312e+01
3.604069519042968750e+01
3.535811996459960938e+01
3.518922424316406250e+01
3.540253448486328125e+01
3.532312011718750000e+01
3.568443298339843750e+01
3.571686553955078125e+01
3.542697525024414062e+01
3.510665512084960938e+01
3.431056976318359375e+01
3.592567062377929688e+01
3.540128707885742188e+01
3.506082534790039062e+01
3.491090774536132812e+01
3.505212020874023438e+01
3.526868820190429688e+01
3.511950302124023438e+01
3.556551361083984375e+01
3.554125595092773438e+01
3.517821121215820312e+01
3.497155761718750000e+01
3.452031326293945312e+01
3.593688583374023438e+01
3.510035705566406250e+01
3.546619033813476562e+01
3.539868164062500000e+01
3.569937896728515625e+01
3.583369827270507812e+01
3.616239547729492188e+01
3.580533599853515625e+01
3.608930587768554688e+01
3.580182647705078125e+01
3.518193435668945312e+01
3.441113281250000000e+01
3.604568481445312500e+01
3.592051696777343750e+01
3.599943161010742188e+01
3.536509323120117188e+01
3.572910308837890625e+01
3.522164916992187500e+01
3.540518188476562500e+01
3.545525360107421875e+01
3.556500244140625000e+01
3.481200027465820312e+01
3.525228500366210938e+01
3.563848114013671875e+01
3.546075057983398438e+01
3.559583663940429688e+01
3.579698181152343750e+01
3.540996551513671875e+01
3.433137512207031250e+01
3.496003341674804688e+01
3.585839462280273438e+01
3.544167709350585938e+01
3.544657516479492188e+01
3.595316314697265625e+01
3.435972595214843750e+01
3.554482650756835938e+01
3.483400726318359375e+01
3.501982498168945312e+01
3.551281356811523438e+01
3.453617858886718750e+01
3.605083465576171875e+01
3.560718536376953125e+01
3.602432632446289062e+01
3.532656097412109375e+01
3.535770416259765625e+01
3.493599700927734375e+01
3.629685211181640625e+01
3.460595321655273438e+01
3.469032669067382812e+01
3.538617706298828125e+01
3.632776641845703125e+01
3.582502746582031250e+01
3.609851837158203125e+01
3.595668029785156250e+01
3.453656005859375000e+01
3.537995529174804688e+01
3.554317474365234375e+01
3.437324905395507812e+01
3.530323028564453125e+01
3.556822967529296875e+01
3.538357543945312500e+01
3.550061798095703125e+01
3.557879638671875000e+01
3.531830978393554688e+01
3.547219085693359375e+01
3.593630218505859375e+01
3.557130050659179688e+01
3.571182632446289062e+01
3.593748474121093750e+01
3.539493560791015625e+01
3.495199966430664062e+01
3.476008224487304688e+01
3.559117126464843750e+01
3.634424591064453125e+01
3.573588562011718750e+01
3.578512191772460938e+01
3.563832473754882812e+01
3.508478164672851562e+01
3.585376358032226562e+01
3.520960617065429688e+01
3.478363037109375000e+01
3.524940490722656250e+01
3.545804214477539062e+01
3.534105300903320312e+01
3.581523132324218750e+01
3.500170135498046875e+01
3.456604766845703125e+01
3.555434036254882812e+01
3.501967620849609375e+01
3.487804412841796875e+01
3.484548568725585938e+01
3.594411468505859375e+01
3.520706176757812500e+01
3.550532913208007812e+01
3.534721374511718750e+01
3.524839401245117188e+01
3.538290786743164062e+01
3.459022903442382812e+01
3.592978668212890625e+01
3.525619125366210938e+01
3.512242126464843750e+01
3.580376815795898438e+01
3.565713882446289062e+01
3.535855484008789062e+01
3.541398239135742188e+01
3.576444244384765625e+01
3.517396545410156250e+01
3.532271575927734375e+01
3.542109680175781250e+01
3.441195297241210938e+01
3.542266464233398438e+01
3.535174942016601562e+01
3.506163024902343750e+01
3.573648834228515625e+01
3.544639968872070312e+01
3.555504608154296875e+01
3.527070236206054688e+01
3.567480468750000000e+01
3.534680938720703125e+01
3.597959899902343750e+01
3.503462600708007812e+01
3.585912704467773438e+01
3.461911773681640625e+01
3.544559097290039062e+01
3.582498931884765625e+01
3.439149093627929688e+01
3.559991073608398438e+01
3.532255554199218750e+01
3.576919174194335938e+01
3.556192398071289062e+01
3.453934097290039062e+01
3.480268859863281250e+01
3.558793258666992188e+01
3.603776168823242188e+01
3.517829513549804688e+01
3.605426788330078125e+01
3.511816787719726562e+01
3.483295059204101562e+01
3.536881637573242188e+01
3.504356765747070312e+01
3.548626708984375000e+01
3.542096328735351562e+01
3.488385772705078125e+01
3.505840682983398438e+01
3.514104461669921875e+01
3.638717651367187500e+01
3.629635620117187500e+01
3.580831146240234375e+01
3.550960922241210938e+01
3.545436477661132812e+01
3.475056457519531250e+01
3.548852539062500000e+01
3.593648529052734375e+01
3.521346282958984375e+01
3.522428131103515625e+01
3.649009704589843750e+01
3.528410339355468750e+01
3.529611587524414062e+01
3.565366744995117188e+01
3.517124557495117188e+01
3.398983001708984375e+01
3.670227813720703125e+01
3.582445144653320312e+01
3.612505722045898438e+01
3.547257995605468750e+01
3.502708053588867188e+01
3.538444900512695312e+01
3.536040115356445312e+01
3.645931625366210938e+01
3.525040054321289062e+01
3.530903244018554688e+01
3.566390228271484375e+01
3.547121047973632812e+01
3.485153961181640625e+01
3.579715347290039062e+01
3.544776153564453125e+01
3.562223052978515625e+01
3.612304687500000000e+01
3.436391067504882812e+01
3.480353164672851562e+01
3.548748397827148438e+01
3.402941513061523438e+01
3.563327407836914062e+01
3.533778762817382812e+01
3.510038757324218750e+01
3.517433929443359375e+01
3.642127227783203125e+01
3.476332855224609375e+01
3.525279998779296875e+01
3.550523757934570312e+01
3.563397598266601562e+01
3.534781646728515625e+01
3.477601242065429688e+01
3.497417831420898438e+01
3.504267120361328125e+01
3.594237136840820312e+01
3.499983596801757812e+01
3.549022674560546875e+01
3.572842025756835938e+01
3.532965850830078125e+01
3.588804244995117188e+01
3.454832458496093750e+01
3.497736740112304688e+01
3.650174331665039062e+01
3.604348373413085938e+01
3.487553787231445312e+01
3.519242858886718750e+01
3.562100601196289062e+01
3.517775344848632812e+01
3.545016098022460938e+01
3.540199661254882812e+01
3.577754974365234375e+01
3.523511505126953125e+01
3.618560409545898438e+01
3.521983718872070312e+01
3.588142013549804688e+01
3.634252929687500000e+01
3.452370834350585938e+01
3.502413177490234375e+01
3.496112442016601562e+01
3.621549987792968750e+01
3.518368148803710938e+01
3.558392333984375000e+01
3.582461166381835938e+01
3.567147827148437500e+01
3.493647384643554688e+01
3.635824966430664062e+01
3.598592758178710938e+01
3.477556610107421875e+01
3.538416290283203125e+01
3.479177856445312500e+01
3.565871810913085938e+01
3.613785552978515625e+01
3.519743728637695312e+01
3.525205612182617188e+01
3.573921203613281250e+01
3.556235885620117188e+01
3.557931137084960938e+01
3.598737335205078125e+01
3.495781707763671875e+01
3.500727844238281250e+01
3.604307937622070312e+01
3.541406250000000000e+01
3.579311752319335938e+01
3.495015716552734375e+01
3.714633941650390625e+01
3.563429260253906250e+01
3.581478118896484375e+01
3.631207656860351562e+01
3.612685012817382812e+01
3.633328247070312500e+01
3.586430358886718750e+01
3.543676376342773438e+01
3.506712722778320312e+01
3.526400756835937500e+01
3.518793106079101562e+01
3.544280624389648438e+01
3.589830780029296875e+01
3.599637985229492188e+01
3.571802139282226562e+01
3.498250961303710938e+01
3.586498260498046875e+01
3.484835052490234375e+01
3.483207321166992188e+01
3.502958679199218750e+01
3.606256484985351562e+01
3.595680999755859375e+01
3.555163955688476562e+01
3.586543655395507812e+01
3.538960647583007812e+01
3.499054336547851562e+01
3.527047729492187500e+01
3.433164978027343750e+01
3.561279296875000000e+01
3.541197586059570312e+01
3.448342132568359375e+01
3.555205154418945312e+01
3.655083465576171875e+01
3.595832824707031250e+01
3.557641601562500000e+01
3.492179870605468750e+01
3.619881057739257812e+01
3.529784774780273438e+01
3.568771743774414062e+01
3.519434738159179688e+01
3.573515701293945312e+01
3.576438140869140625e+01
3.469791412353515625e+01
3.560175704956054688e+01
3.542539978027343750e+01
3.579422760009765625e+01
3.479181671142578125e+01
3.535239791870117188e+01
3.589200210571289062e+01
3.506488800048828125e+01
3.574468994140625000e+01
3.543593978881835938e+01
3.473786926269531250e+01
3.547877883911132812e+01
3.568683624267578125e+01
3.502833557128906250e+01
3.551761627197265625e+01
3.443265151977539062e+01
3.577336502075195312e+01
3.569630813598632812e+01
3.663890838623046875e+01
3.580557632446289062e+01
3.497880935668945312e+01
3.569103240966796875e+01
3.626098251342773438e+01
3.639495849609375000e+01
3.670004653930664062e+01
3.523473358154296875e+01
3.527805328369140625e+01
3.548305511474609375e+01
3.548603439331054688e+01
3.485535812377929688e+01
3.591791534423828125e+01
3.559043121337890625e+01
3.644680023193359375e+01
3.559768676757812500e+01
3.520492172241210938e+01
3.522489547729492188e+01
3.464855575561523438e+01
3.540169906616210938e+01
3.530816650390625000e+01
3.539066314697265625e+01
3.535866165161132812e+01
3.515182113647460938e+01
3.540678405761718750e+01
3.511507034301757812e+01
3.561349487304687500e+01
3.610980606079101562e+01
3.499410629272460938e+01
3.506663131713867188e+01
3.589778900146484375e+01
3.573711013793945312e+01
3.594416427612304688e+01
3.580588912963867188e+01
3.437201309204101562e+01
3.571954727172851562e+01
3.528188323974609375e+01
3.511429214477539062e+01
3.518463897705078125e+01
3.558784866333007812e+01
3.576814270019531250e+01
3.494501876831054688e+01
3.537159729003906250e+01
3.582631683349609375e+01
3.587210464477539062e+01
3.616273880004882812e+01
3.535646057128906250e+01
3.532413101196289062e+01
3.596920776367187500e+01
3.598388671875000000e+01
3.533884429931640625e+01
3.416438293457031250e+01
3.440343093872070312e+01
3.534776687622070312e+01
3.462218093872070312e+01
3.472561264038085938e+01
3.614389801025390625e+01
3.581565093994140625e+01
3.641331100463867188e+01
3.565410614013671875e+01
3.566072845458984375e+01
3.581488418579101562e+01
3.508467864990234375e+01
3.502308273315429688e+01
3.537827301025390625e+01
3.496335601806640625e+01
3.512458801269531250e+01
3.368019485473632812e+01
3.589686203002929688e+01
3.562004852294921875e+01
3.562048339843750000e+01
3.595073699951171875e+01
3.572987365722656250e+01
3.586741638183593750e+01
3.511493301391601562e+01
3.528696823120117188e+01
3.573935317993164062e+01
3.528171157836914062e+01
3.597306823730468750e+01
3.523989105224609375e+01
3.539216995239257812e+01
3.504925918579101562e+01
3.515662002563476562e+01
3.441902542114257812e+01
3.613950347900390625e+01
3.540478897094726562e+01
3.495105743408203125e+01
3.624065399169921875e+01
3.555255508422851562e+01
3.553077316284179688e+01
3.583769607543945312e+01
3.517764282226562500e+01
3.460710906982421875e+01
3.449678039550781250e+01
3.567682647705078125e+01
3.552268981933593750e+01
3.586131286621093750e+01
3.561204147338867188e+01
3.571764755249023438e+01
3.614241790771484375e+01
3.551178359985351562e+01
3.639624786376953125e+01
3.541306686401367188e+01
3.554541397094726562e+01
3.571132278442382812e+01
3.527103424072265625e+01
3.673740005493164062e+01
3.473754119873046875e+01
3.557282257080078125e+01
3.543015289306640625e+01
3.509185409545898438e+01
3.548111724853515625e+01
3.576168441772460938e+01
3.581936264038085938e+01
3.617746734619140625e+01
3.532093811035156250e+01
3.563471221923828125e+01
3.497940826416015625e+01
3.540708923339843750e+01
3.571141815185546875e+01
3.628341293334960938e+01
3.494061660766601562e+01
3.625041580200195312e+01
3.555397415161132812e+01
3.558650970458984375e+01
3.626259994506835938e+01
3.644350433349609375e+01
3.574937438964843750e+01
3.446822357177734375e+01
3.464688110351562500e+01
3.566440963745117188e+01
3.575283050537109375e+01
3.507124710083007812e+01
3.495723342895507812e+01
3.572793579101562500e+01
3.445113754272460938e+01
3.545804214477539062e+01
3.495033645629882812e+01
3.497149276733398438e+01
3.546924972534179688e+01
3.644669342041015625e+01
3.659120178222656250e+01
3.578621673583984375e+01
3.547245025634765625e+01
3.532559204101562500e+01
3.589182662963867188e+01
3.461606216430664062e+01
3.433992767333984375e+01
3.580498886108398438e+01
3.538347625732421875e+01
3.534006118774414062e+01
3.539953994750976562e+01
3.618698883056640625e+01
3.479835128784179688e+01
3.484397125244140625e+01
3.470279693603515625e+01
3.547030258178710938e+01
3.517816543579101562e+01
3.563615036010742188e+01
3.536122131347656250e+01
3.591526031494140625e+01
3.582567596435546875e+01
3.550180816650390625e+01
3.548667907714843750e+01
3.524098968505859375e+01
3.505414199829101562e+01
3.415948867797851562e+01
3.532098770141601562e+01
3.516862106323242188e+01
3.543028259277343750e+01
3.552605438232421875e+01
3.526933670043945312e+01
3.569530105590820312e+01
3.574230194091796875e+01
3.571541595458984375e+01
3.526337051391601562e+01
3.526731491088867188e+01
3.413711929321289062e+01
3.537236404418945312e+01
3.581233978271484375e+01
3.553572463989257812e+01
3.516618728637695312e+01
3.573176193237304688e+01
3.547260665893554688e+01
3.485979843139648438e+01
3.518917465209960938e+01
3.618679428100585938e+01
3.597938919067382812e+01
3.526611709594726562e+01
3.539595413208007812e+01
3.429793167114257812e+01
3.619154739379882812e+01
3.513871765136718750e+01
3.550154876708984375e+01
3.563660430908203125e+01
3.556238937377929688e+01
3.564000701904296875e+01
3.502669906616210938e+01
3.576536178588867188e+01
3.606884765625000000e+01
3.576781082153320312e+01
3.471751785278320312e+01
3.471751785278320312e+01
3.501643753051757812e+01
3.549130630493164062e+01
3.478079986572265625e+01
3.532195663452148438e+01
3.529576492309570312e+01
3.566663360595703125e+01
3.518527984619140625e+01
3.565418243408203125e+01
3.495573043823242188e+01
3.656258010864257812e+01
3.578262710571289062e+01
3.450556945800781250e+01
3.521028518676757812e+01
3.536872863769531250e+01
3.525028991699218750e+01
3.587366485595703125e+01
3.557614135742187500e+01
3.553730773925781250e+01
3.525688171386718750e+01
3.575793838500976562e+01
3.563658905029296875e+01
3.584231948852539062e+01
3.549071884155273438e+01
3.525166320800781250e+01
3.476744461059570312e+01
3.571633148193359375e+01
3.578498458862304688e+01
3.582997131347656250e+01
3.595586395263671875e+01
3.567367935180664062e+01
3.459623336791992188e+01
3.505748748779296875e+01
3.563594436645507812e+01
3.581190109252929688e+01
3.553151321411132812e+01
3.563122177124023438e+01
3.497088241577148438e+01
3.537963485717773438e+01
3.510079574584960938e+01
3.535374069213867188e+01
3.519890213012695312e+01
3.546362304687500000e+01
3.619363403320312500e+01
3.561613464355468750e+01
3.599666595458984375e+01
3.475574111938476562e+01
3.618298339843750000e+01
3.569382476806640625e+01
3.626863861083984375e+01
3.581932449340820312e+01
3.572761535644531250e+01
3.495617294311523438e+01
3.525191879272460938e+01
3.561528778076171875e+01
3.475687408447265625e+01
3.507266998291015625e+01
3.476631546020507812e+01
3.602655792236328125e+01
3.518801116943359375e+01
3.604005432128906250e+01
3.602935791015625000e+01
3.498198318481445312e+01
3.600533676147460938e+01
3.572032546997070312e+01
3.603018188476562500e+01
3.554253768920898438e+01
3.638543701171875000e+01
3.643251037597656250e+01
3.497377777099609375e+01
3.525457000732421875e+01
3.570521926879882812e+01
3.533844375610351562e+01
3.486470031738281250e+01
3.623819351196289062e+01
3.468882751464843750e+01
3.628625869750976562e+01
3.520865249633789062e+01
3.556250381469726562e+01
3.536621475219726562e+01
3.482251358032226562e+01
3.488998794555664062e+01
3.533487701416015625e+01
3.499343490600585938e+01
3.512651062011718750e+01
3.589235305786132812e+01
3.536660766601562500e+01
3.494422531127929688e+01
3.608889007568359375e+01
3.520441436767578125e+01
3.549296188354492188e+01
3.607662200927734375e+01
3.540281677246093750e+01
3.509957885742187500e+01
3.668151473999023438e+01
3.533065032958984375e+01
3.534542465209960938e+01
3.508782958984375000e+01
3.490575790405273438e+01
3.536823654174804688e+01
3.601934432983398438e+01
3.582844924926757812e+01
3.498850250244140625e+01
3.590778350830078125e+01
3.584394836425781250e+01
3.507572555541992188e+01
3.603311920166015625e+01
3.570975494384765625e+01
3.526859664916992188e+01
3.553181838989257812e+01
3.504378890991210938e+01
3.556238174438476562e+01
3.560145950317382812e+01
3.529416275024414062e+01
3.510927200317382812e+01
3.521759796142578125e+01
3.656211471557617188e+01
3.629353332519531250e+01
3.592125320434570312e+01
3.454423141479492188e+01
3.632380676269531250e+01
3.496987915039062500e+01
3.522003173828125000e+01
3.611445236206054688e+01
3.584994125366210938e+01
3.590238571166992188e+01
3.568829345703125000e+01
3.511602401733398438e+01
3.510962677001953125e+01
3.577762222290039062e+01
3.619666671752929688e+01
3.473737335205078125e+01
3.483075714111328125e+01
3.576258087158203125e+01
3.584312438964843750e+01
3.598992156982421875e+01
3.556884765625000000e+01
3.588095855712890625e+01
3.519499206542968750e+01
3.544715499877929688e+01
3.498699188232421875e+01
3.459523391723632812e+01
3.602775192260742188e+01
3.504557418823242188e+01
3.487734603881835938e+01
3.586687088012695312e+01
3.495839309692382812e+01
3.516892623901367188e+01
3.573134613037109375e+01
3.608894729614257812e+01
3.550492477416992188e+01
3.526436233520507812e+01
3.550123596191406250e+01
3.583781814575195312e+01
3.567308807373046875e+01
3.551415634155273438e+01
3.516591644287109375e+01
3.450748443603515625e+01
3.573101425170898438e+01
3.574704742431640625e+01
3.529962539672851562e+01
3.547121429443359375e+01
3.599615478515625000e+01
3.545561981201171875e+01
3.615895462036132812e+01
3.532268524169921875e+01
3.559491729736328125e+01
3.546722030639648438e+01
3.578066253662109375e+01
3.554383850097656250e+01
3.597074508666992188e+01
3.551957321166992188e+01
3.547608947753906250e+01
3.520288085937500000e+01
3.527626800537109375e+01
3.564241027832031250e+01
3.543173599243164062e+01
3.511140441894531250e+01
3.560176849365234375e+01
3.556788635253906250e+01
3.551012802124023438e+01
3.523290252685546875e+01
3.536849212646484375e+01
3.615902328491210938e+01
3.557469940185546875e+01
3.530189132690429688e+01
3.605454254150390625e+01
3.580309677124023438e+01
3.534555053710937500e+01
3.584753036499023438e+01
3.537343215942382812e+01
3.598777389526367188e+01
3.532538604736328125e+01
3.533585357666015625e+01
3.525180435180664062e+01
3.614344406127929688e+01
3.524630355834960938e+01
3.556897354125976562e+01
3.606677246093750000e+01
3.619096755981445312e+01
3.473310089111328125e+01
3.553981781005859375e+01
3.540243911743164062e+01
3.562313842773437500e+01
3.604085540771484375e+01
3.563735198974609375e+01
3.485186004638671875e+01
3.638365173339843750e+01
3.512783813476562500e+01
3.434946823120117188e+01
3.567988204956054688e+01
3.579615783691406250e+01
3.621581268310546875e+01
3.602897262573242188e+01
3.562076950073242188e+01
3.564285278320312500e+01
3.509938812255859375e+01
3.557090377807617188e+01
3.452394485473632812e+01
3.524320220947265625e+01
3.585314178466796875e+01
3.557810592651367188e+01
3.576358032226562500e+01
3.559938430786132812e+01
3.423796463012695312e+01
3.606405258178710938e+01
3.551893234252929688e+01
3.516810226440429688e+01
3.570709228515625000e+01
3.583784484863281250e+01
3.509608840942382812e+01
3.607531738281250000e+01
3.597042083740234375e+01
3.502657318115234375e+01
3.516857147216796875e+01
3.540012359619140625e+01
3.467509460449218750e+01
3.528192901611328125e+01
3.500372314453125000e+01
3.545368576049804688e+01
3.560651397705078125e+01
3.543282699584960938e+01
3.462460327148437500e+01
3.594578933715820312e+01
3.594968032836914062e+01
3.595840072631835938e+01
3.537689590454101562e+01
3.488783264160156250e+01
3.537335586547851562e+01
3.513856506347656250e+01
3.546247100830078125e+01
3.531327056884765625e+01
3.537595367431640625e+01
3.511899185180664062e+01
3.588216018676757812e+01
3.542898178100585938e+01
3.604158020019531250e+01
3.463039779663085938e+01
3.542602539062500000e+01
3.494663238525390625e+01
3.538489151000976562e+01
3.477187347412109375e+01
3.550940704345703125e+01
3.554510498046875000e+01
3.576828002929687500e+01
3.578536224365234375e+01
3.510230255126953125e+01
3.597704315185546875e+01
3.611778259277343750e+01
3.566138839721679688e+01
3.498034667968750000e+01
3.491594696044921875e+01
3.504320144653320312e+01
3.563179016113281250e+01
3.620301437377929688e+01
3.560932922363281250e+01
3.511774063110351562e+01
3.485851287841796875e+01
3.549754714965820312e+01
3.520968627929687500e+01
3.533255004882812500e+01
3.511576843261718750e+01
3.463214492797851562e+01
3.506740951538085938e+01
3.532974624633789062e+01
3.577690505981445312e+01
3.485957336425781250e+01
3.585020065307617188e+01
3.557587432861328125e+01
3.576158523559570312e+01
3.535346984863281250e+01
3.498273468017578125e+01
3.568902587890625000e+01
3.557605361938476562e+01
3.597004699707031250e+01
3.581097030639648438e+01
3.510151672363281250e+01
3.586868286132812500e+01
3.555758285522460938e+01
3.561468887329101562e+01
3.478742980957031250e+01
3.594320678710937500e+01
3.527863693237304688e+01
3.524737930297851562e+01
3.589364242553710938e+01
3.548522567749023438e+01
3.549029922485351562e+01
3.546123504638671875e+01
3.624787521362304688e+01
3.499724960327148438e+01
3.496886444091796875e+01
3.480902481079101562e+01
3.522473526000976562e+01
3.559886550903320312e+01
3.555052185058593750e+01
3.636203384399414062e+01
3.524305343627929688e+01
3.551490402221679688e+01
3.533277511596679688e+01
3.533129119873046875e+01
3.540859985351562500e+01
3.515240478515625000e+01
3.595260620117187500e+01
3.518093109130859375e+01
3.509465026855468750e+01
3.673739624023437500e+01
3.521178817749023438e+01
3.521969604492187500e+01
3.546749114990234375e+01
3.477787780761718750e+01
3.528605651855468750e+01
3.510593032836914062e+01
3.485000228881835938e+01
3.542517852783203125e+01
3.606848526000976562e+01
3.579208755493164062e+01
3.600475311279296875e+01
3.491548156738281250e+01
3.493025970458984375e+01
3.609473419189453125e+01
3.611033248901367188e+01
3.523006057739257812e+01
3.565922927856445312e+01
3.540891265869140625e+01
3.570788574218750000e+01
3.563138198852539062e+01
3.397610473632812500e+01
3.534380722045898438e+01
3.524658584594726562e+01
3.592041778564453125e+01
3.594124221801757812e+01
3.479675292968750000e+01
3.559134674072265625e+01
3.496646499633789062e+01
3.569516754150390625e+01
3.532664108276367188e+01
3.525828933715820312e+01
3.517867660522460938e+01
3.632932281494140625e+01
3.521170425415039062e+01
3.675447463989257812e+01
3.583107757568359375e+01
3.529900360107421875e+01
3.529720306396484375e+01
3.573045730590820312e+01
3.570574569702148438e+01
3.560301589965820312e+01
3.416506195068359375e+01
3.675612258911132812e+01
3.595853805541992188e+01
3.465911102294921875e+01
3.545288467407226562e+01
3.632440948486328125e+01
3.502773284912109375e+01
3.485395050048828125e+01
3.509334182739257812e+01
3.532612609863281250e+01
3.493776702880859375e+01
3.543901062011718750e+01
3.467856216430664062e+01
3.602533721923828125e+01
3.553189849853515625e+01
3.527770614624023438e+01
3.537282562255859375e+01
3.486811065673828125e+01
3.513749694824218750e+01
3.626975631713867188e+01
3.545301055908203125e+01
3.657373046875000000e+01
3.511968612670898438e+01
3.524784088134765625e+01
3.533958816528320312e+01
3.550770950317382812e+01
3.548843002319335938e+01
3.639492797851562500e+01
3.552257156372070312e+01
3.509174728393554688e+01
3.577645874023437500e+01
3.557086563110351562e+01
3.559250259399414062e+01
3.518113708496093750e+01
3.478292083740234375e+01
3.574201583862304688e+01
3.625855636596679688e+01
3.529450988769531250e+01
3.583560562133789062e+01
3.480195617675781250e+01
3.511205673217773438e+01
3.596065902709960938e+01
3.525074768066406250e+01
3.543705368041992188e+01
3.505339813232421875e+01
3.427455520629882812e+01
3.575416183471679688e+01
3.625201034545898438e+01
3.582822036743164062e+01
3.499070358276367188e+01
3.510108566284179688e+01
3.528866195678710938e+01
3.621062469482421875e+01
3.514972305297851562e+01
3.572014999389648438e+01
3.611072921752929688e+01
3.500663375854492188e+01
3.576995086669921875e+01
3.525978088378906250e+01
3.574521255493164062e+01
3.563991928100585938e+01
3.463956069946289062e+01
3.561047363281250000e+01
3.506718826293945312e+01
3.573268127441406250e+01
3.590921783447265625e+01
3.521610641479492188e+01
3.657127380371093750e+01
3.566913223266601562e+01
3.545015335083007812e+01
3.514976119995117188e+01
3.526343917846679688e+01
3.540554809570312500e+01
3.537456130981445312e+01
3.547366714477539062e+01
3.544258117675781250e+01
3.617203903198242188e+01
3.510186386108398438e+01
3.619342422485351562e+01
3.535982513427734375e+01
3.611593246459960938e+01
3.622579574584960938e+01
3.606090164184570312e+01
3.531468582153320312e+01
3.576317596435546875e+01
3.546523666381835938e+01
3.532714462280273438e+01
3.402953720092773438e+01
3.557655715942382812e+01
3.631225204467773438e+01
3.605475616455078125e+01
3.488405227661132812e+01
3.589089584350585938e+01
3.565954208374023438e+01
3.558006286621093750e+01
3.540013885498046875e+01
3.552220916748046875e+01
3.514537811279296875e+01
3.578890609741210938e+01
3.587358474731445312e+01
3.583452224731445312e+01
3.559426116943359375e+01
3.468958282470703125e+01
3.477666473388671875e+01
3.531368255615234375e+01
3.580583190917968750e+01
3.529236602783203125e+01
3.496710586547851562e+01
3.593873977661132812e+01
3.514705276489257812e+01
3.551477813720703125e+01
3.609020996093750000e+01
3.533657836914062500e+01
3.564362716674804688e+01
3.623784637451171875e+01
3.673561477661132812e+01
3.551409149169921875e+01
3.513735580444335938e+01
3.559335327148437500e+01
3.546925735473632812e+01
3.497154998779296875e+01
3.514126205444335938e+01
3.580481338500976562e+01
3.524798583984375000e+01
3.565442276000976562e+01
3.562044525146484375e+01
3.647061157226562500e+01
3.570888900756835938e+01
3.584447479248046875e+01
3.560181808471679688e+01
3.581917190551757812e+01
3.466896438598632812e+01
3.535033035278320312e+01
3.548065948486328125e+01
3.467480850219726562e+01
3.511125946044921875e+01
3.474500274658203125e+01
3.533183288574218750e+01
3.586999130249023438e+01
3.499185562133789062e+01
3.605545425415039062e+01
3.501783752441406250e+01
3.504728317260742188e+01
3.534441375732421875e+01
3.606965637207031250e+01
3.595265197753906250e+01
3.434353256225585938e+01
3.581234741210937500e+01
3.534106063842773438e+01
3.614384460449218750e+01
3.472498703002929688e+01
3.524402999877929688e+01
3.603235626220703125e+01
3.530434417724609375e+01
3.604814910888671875e+01
3.546629333496093750e+01
3.601921081542968750e+01
3.529640197753906250e+01
3.523846435546875000e+01
3.517361068725585938e+01
3.476998519897460938e+01
3.546383285522460938e+01
3.491934585571289062e+01
3.619823837280273438e+01
3.582442855834960938e+01
3.538277435302734375e+01
3.487865066528320312e+01
3.475716781616210938e+01
3.514370346069335938e+01
3.578503036499023438e+01
3.511252593994140625e+01
3.567152404785156250e+01
3.579862594604492188e+01
3.521879959106445312e+01
3.563889312744140625e+01
3.533670425415039062e+01
3.517523956298828125e+01
3.483049011230468750e+01
3.591561508178710938e+01
3.543513870239257812e+01
3.522743606567382812e+01
3.578946304321289062e+01
3.493516921997070312e+01
3.618837738037109375e+01
3.490728759765625000e+01
3.563378906250000000e+01
3.617506408691406250e+01
3.505854797363281250e+01
3.476093673706054688e+01
3.546409225463867188e+01
3.557292556762695312e+01
3.547645187377929688e+01
3.422831344604492188e+01
3.473902511596679688e+01
3.532357025146484375e+01
3.598507308959960938e+01
3.584611129760742188e+01
3.625486755371093750e+01
3.551935958862304688e+01
3.534268569946289062e+01
3.535096740722656250e+01
3.483879470825195312e+01
3.616651916503906250e+01
3.417539596557617188e+01
3.528543853759765625e+01
3.593267059326171875e+01
3.557251739501953125e+01
3.543088531494140625e+01
3.485816574096679688e+01
3.561829757690429688e+01
3.523249435424804688e+01
3.524489974975585938e+01
3.516032409667968750e+01
3.591500473022460938e+01
3.500697708129882812e+01
3.618751907348632812e+01
3.525365066528320312e+01
3.552864456176757812e+01
3.631435394287109375e+01
3.521893692016601562e+01
3.548545074462890625e+01
3.571364974975585938e+01
3.568668365478515625e+01
3.640118789672851562e+01
3.636346054077148438e+01
3.565690612792968750e+01
3.610670471191406250e+01
3.454953384399414062e+01
3.619483947753906250e+01
3.518157577514648438e+01
3.560186386108398438e+01
3.505248260498046875e+01
3.591989135742187500e+01
3.582757568359375000e+01
3.517442321777343750e+01
3.543171691894531250e+01
3.586137008666992188e+01
3.498640060424804688e+01
3.510578536987304688e+01
3.437170791625976562e+01
3.534233093261718750e+01
3.600893402099609375e+01
3.535815811157226562e+01
3.511715698242187500e+01
3.502307128906250000e+01
3.536426162719726562e+01
3.540644454956054688e+01
3.558912277221679688e+01
3.538551330566406250e+01
3.619518661499023438e+01
3.498633193969726562e+01
3.724297714233398438e+01
3.433083343505859375e+01
3.605861663818359375e+01
3.616903686523437500e+01
3.522729873657226562e+01
3.472002410888671875e+01
3.522649002075195312e+01
3.479245376586914062e+01
3.459085845947265625e+01
3.470164489746093750e+01
3.550732803344726562e+01
3.442250823974609375e+01
3.587587738037109375e+01
3.461125564575195312e+01
3.552161407470703125e+01
3.557083129882812500e+01
3.587952041625976562e+01
3.591061782836914062e+01
3.511013412475585938e+01
3.520670318603515625e+01
3.589644622802734375e+01
3.474007415771484375e+01
3.622217941284179688e+01
3.602543640136718750e+01
3.566501617431640625e+01
3.570222091674804688e+01
3.452451324462890625e+01
3.510466003417968750e+01
3.543038177490234375e+01
3.525830078125000000e+01
3.622799682617187500e+01
3.608955001831054688e+01
3.578996658325195312e+01
3.539970016479492188e+01
3.507531738281250000e+01
3.593317413330078125e+01
3.617778778076171875e+01
3.539508819580078125e+01
3.568490600585937500e+01
3.648468017578125000e+01
3.465808105468750000e+01
3.575173187255859375e+01
3.523568344116210938e+01
3.566896438598632812e+01
3.534885406494140625e+01
3.498844528198242188e+01
3.509291076660156250e+01
3.533413696289062500e+01
3.539912414550781250e+01
3.471367263793945312e+01
3.493413162231445312e+01
3.468384933471679688e+01
3.518405532836914062e+01
3.495989990234375000e+01
3.466364288330078125e+01
3.577210235595703125e+01
3.608345031738281250e+01
3.608049011230468750e+01
3.504149246215820312e+01
3.535420227050781250e+01
3.533430099487304688e+01
3.603607177734375000e+01
3.503204345703125000e+01
3.545428848266601562e+01
3.543535995483398438e+01
3.525084686279296875e+01
3.610891342163085938e+01
3.566606140136718750e+01
3.558118438720703125e+01
3.590512847900390625e+01
3.475294494628906250e+01
3.513515472412109375e+01
3.537131881713867188e+01
3.537131881713867188e+01
3.576258850097656250e+01
3.661462402343750000e+01
3.599898147583007812e+01
3.585945129394531250e+01
3.567578506469726562e+01
3.560927963256835938e+01
3.638251876831054688e+01
3.489158630371093750e+01
3.520609664916992188e+01
3.597956848144531250e+01
3.545132446289062500e+01
3.491622924804687500e+01
3.531304550170898438e+01
3.585192871093750000e+01
3.558494567871093750e+01
3.522066116333007812e+01
3.542771530151367188e+01
3.584262847900390625e+01
3.572964859008789062e+01
3.530156707763671875e+01
3.459841537475585938e+01
3.497993087768554688e+01
3.555707931518554688e+01
3.593763732910156250e+01
3.553725051879882812e+01
3.598052215576171875e+01
3.453366470336914062e+01
3.525168228149414062e+01
3.517442703247070312e+01
3.570132827758789062e+01
3.611874771118164062e+01
3.556220626831054688e+01
3.499826049804687500e+01
3.627381134033203125e+01
3.477220535278320312e+01
3.535037231445312500e+01
3.596497344970703125e+01
3.484943008422851562e+01
3.546387100219726562e+01
3.501791000366210938e+01
3.563844680786132812e+01
3.531600189208984375e+01
3.501826858520507812e+01
3.539136886596679688e+01
3.608155441284179688e+01
3.542981719970703125e+01
3.537393569946289062e+01
3.526977539062500000e+01
3.598288726806640625e+01
3.517566680908203125e+01
3.633494949340820312e+01
3.513305282592773438e+01
3.542444229125976562e+01
3.560527038574218750e+01
3.504412078857421875e+01
3.563208770751953125e+01
3.561596298217773438e+01
3.438391113281250000e+01
3.497134399414062500e+01
3.539949417114257812e+01
3.495883178710937500e+01
3.557276916503906250e+01
3.516189575195312500e+01
3.446145248413085938e+01
3.592968368530273438e+01
3.606039810180664062e+01
3.536601257324218750e+01
3.539551162719726562e+01
3.581692123413085938e+01
3.540410995483398438e+01
3.547870254516601562e+01
3.525967788696289062e+01
3.558306503295898438e+01
3.591369247436523438e+01
3.492634201049804688e+01
3.569041824340820312e+01
3.590631484985351562e+01
3.572496414184570312e+01
3.504552078247070312e+01
3.529687118530273438e+01
3.526631927490234375e+01
3.378535461425781250e+01
3.495450210571289062e+01
3.598739624023437500e+01
3.615219497680664062e+01
3.557970046997070312e+01
3.553887176513671875e+01
3.576117324829101562e+01
3.501826858520507812e+01
3.527285385131835938e+01
3.481758499145507812e+01
3.547906494140625000e+01
3.597926712036132812e+01
3.587055587768554688e+01
3.544746017456054688e+01
3.495542144775390625e+01
3.542944335937500000e+01
3.529255676269531250e+01
3.524410629272460938e+01
3.566789627075195312e+01
3.651846694946289062e+01
3.521355438232421875e+01
3.592010879516601562e+01
3.604589080810546875e+01
3.593985366821289062e+01
3.514664459228515625e+01
3.490081405639648438e+01
3.510238647460937500e+01
3.514036178588867188e+01
3.522235488891601562e+01
3.586747360229492188e+01
3.494900512695312500e+01
3.619452667236328125e+01
3.507826232910156250e+01
3.553045654296875000e+01
3.510828399658203125e+01
3.513911819458007812e+01
3.514908218383789062e+01
3.562242507934570312e+01
3.594532394409179688e+01
3.512837600708007812e+01
3.494328689575195312e+01
3.480850601196289062e+01
3.534360122680664062e+01
3.603703308105468750e+01
3.548705291748046875e+01
3.577197265625000000e+01
3.617609405517578125e+01
3.519285202026367188e+01
3.539083480834960938e+01
3.572600173950195312e+01
3.502748870849609375e+01
3.525910186767578125e+01
3.431845474243164062e+01
3.582857513427734375e+01
3.496172332763671875e+01
3.525340270996093750e+01
3.560506439208984375e+01
3.586069869995117188e+01
3.487519836425781250e+01
3.564743423461914062e+01
3.610606765747070312e+01
3.512457656860351562e+01
3.576114273071289062e+01
3.461706161499023438e+01
3.589966583251953125e+01
3.478719711303710938e+01
3.498371124267578125e+01
3.528937530517578125e+01
3.509813690185546875e+01
3.603465270996093750e+01
3.583234405517578125e+01
3.582606887817382812e+01
3.506483078002929688e+01
3.574836730957031250e+01
3.575614929199218750e+01
3.536328125000000000e+01
3.557253646850585938e+01
3.503482818603515625e+01
3.528105926513671875e+01
3.532170104980468750e+01
3.673946380615234375e+01
3.559892654418945312e+01
3.596007537841796875e+01
3.616909408569335938e+01
3.570931243896484375e+01
3.604574966430664062e+01
3.521997451782226562e+01
3.508823394775390625e+01
3.574991989135742188e+01
3.518228530883789062e+01
3.539460372924804688e+01
3.696974563598632812e+01
3.577582550048828125e+01
3.493502807617187500e+01
3.574155807495117188e+01
3.490050506591796875e+01
3.440302658081054688e+01
3.569669723510742188e+01
3.523939132690429688e+01
3.576463699340820312e+01
3.465816116333007812e+01
3.546065902709960938e+01
3.520788192749023438e+01
3.516952896118164062e+01
3.592649078369140625e+01
3.469144058227539062e+01
3.606386566162109375e+01
3.617856979370117188e+01
3.452580261230468750e+01
3.458243179321289062e+01
3.518035507202148438e+01
3.547706222534179688e+01
3.552521896362304688e+01
3.501334381103515625e+01
3.484833145141601562e+01
3.530238723754882812e+01
3.583726119995117188e+01
3.579068756103515625e+01
3.483958816528320312e+01
3.584309387207031250e+01
3.559449005126953125e+01
3.531095123291015625e+01
3.472465133666992188e+01
3.500818634033203125e+01
3.562619400024414062e+01
3.585037231445312500e+01
3.532360076904296875e+01
3.523812484741210938e+01
3.551727676391601562e+01
3.583359909057617188e+01
3.544608306884765625e+01
3.607476043701171875e+01
3.574780654907226562e+01
3.519536590576171875e+01
3.575423431396484375e+01
3.534322738647460938e+01
3.558343505859375000e+01
3.511845397949218750e+01
3.530179977416992188e+01
3.496224594116210938e+01
3.620951843261718750e+01
3.553566741943359375e+01
3.536582183837890625e+01
3.512757110595703125e+01
3.572498703002929688e+01
3.600559234619140625e+01
3.586285400390625000e+01
3.498174285888671875e+01
3.587130737304687500e+01
3.556483078002929688e+01
3.580600738525390625e+01
3.479788589477539062e+01
3.516259765625000000e+01
3.524002456665039062e+01
3.552933120727539062e+01
3.434121704101562500e+01
3.597228622436523438e+01
3.544754409790039062e+01
3.671964645385742188e+01
3.406663131713867188e+01
3.568872070312500000e+01
3.542380905151367188e+01
3.530861282348632812e+01
3.586482238769531250e+01
3.462255859375000000e+01
3.475128936767578125e+01
3.586949539184570312e+01
3.557114028930664062e+01
3.602794265747070312e+01
3.614306259155273438e+01
3.537102508544921875e+01
3.516352081298828125e+01
3.573666763305664062e+01
3.490120697021484375e+01
3.565880584716796875e+01
3.512893295288085938e+01
3.615160751342773438e+01
3.498983001708984375e+01
3.616536712646484375e+01
3.526766204833984375e+01
3.512440109252929688e+01
3.576758956909179688e+01
3.488831710815429688e+01
3.559439468383789062e+01
3.561684417724609375e+01
3.602500915527343750e+01
3.553947448730468750e+01
3.564626693725585938e+01
3.502565765380859375e+01
3.437985992431640625e+01
3.538518142700195312e+01
3.498282623291015625e+01
3.518780899047851562e+01
3.535383224487304688e+01
3.548997497558593750e+01
3.557353973388671875e+01
3.550772094726562500e+01
3.500217437744140625e+01
3.549358367919921875e+01
3.499210739135742188e+01
3.468664932250976562e+01
3.509460830688476562e+01
3.552828598022460938e+01
3.477046203613281250e+01
3.474387741088867188e+01
3.487886428833007812e+01
3.584032821655273438e+01
3.551803588867187500e+01
3.523888778686523438e+01
3.611628723144531250e+01
3.595149993896484375e+01
3.499679946899414062e+01
3.617709350585937500e+01
3.556014633178710938e+01
3.514728927612304688e+01
3.507154846191406250e+01
3.523974227905273438e+01
3.466861343383789062e+01
3.532728958129882812e+01
3.640182495117187500e+01
3.571342086791992188e+01
3.513410568237304688e+01
3.574995040893554688e+01
3.522077560424804688e+01
3.563118362426757812e+01
3.482921600341796875e+01
3.519588470458984375e+01
3.515404891967773438e+01
3.585428619384765625e+01
3.529774093627929688e+01
3.515827560424804688e+01
3.537975311279296875e+01
3.590163421630859375e+01
3.584911346435546875e+01
3.452914428710937500e+01
3.576670455932617188e+01
3.621745681762695312e+01
3.583143234252929688e+01
3.451842880249023438e+01
3.608636474609375000e+01
3.450081634521484375e+01
3.498417663574218750e+01
3.546950149536132812e+01
3.511149978637695312e+01
3.452785110473632812e+01
3.499362945556640625e+01
3.624002838134765625e+01
3.453146743774414062e+01
3.489374923706054688e+01
3.478757476806640625e+01
3.492796325683593750e+01
3.515264511108398438e+01
3.563235092163085938e+01
3.533509445190429688e+01
3.479891586303710938e+01
3.528747558593750000e+01
3.484744262695312500e+01
3.501665115356445312e+01
3.518577194213867188e+01
3.492696380615234375e+01
3.549509429931640625e+01
3.607584762573242188e+01
3.501817321777343750e+01
3.539766693115234375e+01
3.644232177734375000e+01
3.517227935791015625e+01
3.618917083740234375e+01
3.644514846801757812e+01
3.496054077148437500e+01
3.562092590332031250e+01
3.591747665405273438e+01
3.678996658325195312e+01
3.509076309204101562e+01
3.510567855834960938e+01
3.459578323364257812e+01
3.455973815917968750e+01
3.570188903808593750e+01
3.527404785156250000e+01
3.542703628540039062e+01
3.570874786376953125e+01
3.588800430297851562e+01
3.619270706176757812e+01
3.561557006835937500e+01
3.567156982421875000e+01
3.564358901977539062e+01
3.541048812866210938e+01
3.625051879882812500e+01
3.504907608032226562e+01
3.458897781372070312e+01
3.565623474121093750e+01
3.581453704833984375e+01
3.603667831420898438e+01
3.496796798706054688e+01
3.608517456054687500e+01
3.655177688598632812e+01
3.593809890747070312e+01
3.586918640136718750e+01
3.541962051391601562e+01
3.554100799560546875e+01
3.608398818969726562e+01
3.540059661865234375e+01
3.553323364257812500e+01
3.566812133789062500e+01
3.545537185668945312e+01
3.530510330200195312e+01
3.449998092651367188e+01
3.551719665527343750e+01
3.426197433471679688e+01
3.558877182006835938e+01
3.626961898803710938e+01
3.654257965087890625e+01
3.483454895019531250e+01
3.627033233642578125e+01
3.492851257324218750e+01
3.544682312011718750e+01
3.486639022827148438e+01
3.592873764038085938e+01
3.586756134033203125e+01
3.596525955200195312e+01
3.601302337646484375e+01
3.456427764892578125e+01
3.620622253417968750e+01
3.488967895507812500e+01
3.535510253906250000e+01
3.596706771850585938e+01
3.492755508422851562e+01
3.545960235595703125e+01
3.606311035156250000e+01
3.566345596313476562e+01
3.542213821411132812e+01
3.583224868774414062e+01
3.497827911376953125e+01
3.492809677124023438e+01
3.471966171264648438e+01
3.555161285400390625e+01
3.463998031616210938e+01
3.494834899902343750e+01
3.569487762451171875e+01
3.594624328613281250e+01
3.536751174926757812e+01
3.584680938720703125e+01
3.447613143920898438e+01
3.459881591796875000e+01
3.576934814453125000e+01
3.556760787963867188e+01
3.552324295043945312e+01
3.509581756591796875e+01
3.629173660278320312e+01
3.432034301757812500e+01
3.566324996948242188e+01
3.538390731811523438e+01
3.519215011596679688e+01
3.535813903808593750e+01
3.520220947265625000e+01
3.488362121582031250e+01
3.608977127075195312e+01
3.521541595458984375e+01
3.572124099731445312e+01
3.630045700073242188e+01
3.494144058227539062e+01
3.575426864624023438e+01
3.549782943725585938e+01
3.534638977050781250e+01
3.497790145874023438e+01
3.527549362182617188e+01
3.606151199340820312e+01
3.479942321777343750e+01
3.513104629516601562e+01
3.456666946411132812e+01
3.470843124389648438e+01
3.475454711914062500e+01
3.565890884399414062e+01
3.616996765136718750e+01
3.540556335449218750e+01
3.548080825805664062e+01
3.553148651123046875e+01
3.564671707153320312e+01
3.622324752807617188e+01
3.494924163818359375e+01
3.708324050903320312e+01
3.478294372558593750e+01
3.531738281250000000e+01
3.524021530151367188e+01
3.510683822631835938e+01
3.541232681274414062e+01
3.565142059326171875e+01
3.503874969482421875e+01
3.575744247436523438e+01
3.523074722290039062e+01
3.518949127197265625e+01
3.584769439697265625e+01
3.552407836914062500e+01
3.513747024536132812e+01
3.575314712524414062e+01
3.535575485229492188e+01
3.526202774047851562e+01
3.595808029174804688e+01
3.550225067138671875e+01
3.519681930541992188e+01
3.451366806030273438e+01
3.588095474243164062e+01
3.610375976562500000e+01
3.531994628906250000e+01
3.553542709350585938e+01
3.520798873901367188e+01
3.587076187133789062e+01
3.496680068969726562e+01
3.547217941284179688e+01
3.538030242919921875e+01
3.551732254028320312e+01
3.561942291259765625e+01
3.541289901733398438e+01
3.596601104736328125e+01
3.403931808471679688e+01
3.556903839111328125e+01
3.523273468017578125e+01
3.472455978393554688e+01
3.505713272094726562e+01
3.470125198364257812e+01
3.601420593261718750e+01
3.519346237182617188e+01
3.586347579956054688e+01
3.617242050170898438e+01
3.587712097167968750e+01
3.612898635864257812e+01
3.393006515502929688e+01
3.536854171752929688e+01
3.493449401855468750e+01
3.579806518554687500e+01
3.506039047241210938e+01
3.567668533325195312e+01
3.574361801147460938e+01
3.497036743164062500e+01
3.615510940551757812e+01
3.602136230468750000e+01
3.445735168457031250e+01
3.550057983398437500e+01
3.613594818115234375e+01
3.489369583129882812e+01
3.489382171630859375e+01
3.487662887573242188e+01
3.547772216796875000e+01
3.540320968627929688e+01
3.698728179931640625e+01
3.460293579101562500e+01
3.551384353637695312e+01
3.479576492309570312e+01
3.554705047607421875e+01
3.606066894531250000e+01
3.561946487426757812e+01
3.607675170898437500e+01
3.530854415893554688e+01
3.581446456909179688e+01
3.531830215454101562e+01
3.536420059204101562e+01
3.422006225585937500e+01
3.482658767700195312e+01
3.519866180419921875e+01
3.604024887084960938e+01
3.491949081420898438e+01
3.559798049926757812e+01
3.536211013793945312e+01
3.615845108032226562e+01
3.533984756469726562e+01
3.571995925903320312e+01
3.455025100708007812e+01
3.596934509277343750e+01
3.418494033813476562e+01
3.467949676513671875e+01
3.604418563842773438e+01
3.563256454467773438e+01
3.505178833007812500e+01
3.597337722778320312e+01
3.552405166625976562e+01
3.563794708251953125e+01
3.550570297241210938e+01
3.556738662719726562e+01
3.551491928100585938e+01
3.550351715087890625e+01
3.504957962036132812e+01
3.607650375366210938e+01
3.465194702148437500e+01
3.583335113525390625e+01
3.562198638916015625e+01
3.573889923095703125e+01
3.616180419921875000e+01
3.541673278808593750e+01
3.533710479736328125e+01
3.570206451416015625e+01
3.497858428955078125e+01
3.578760528564453125e+01
3.518446731567382812e+01
3.491821670532226562e+01
3.634032821655273438e+01
3.591725921630859375e+01
3.452690124511718750e+01
3.432981109619140625e+01
3.449092483520507812e+01
3.501009750366210938e+01
3.509045028686523438e+01
3.480034637451171875e+01
3.520896148681640625e+01
3.522639465332031250e+01
3.626704025268554688e+01
3.565389251708984375e+01
3.656427383422851562e+01
3.607361221313476562e+01
3.565143966674804688e+01
3.498049545288085938e+01
3.659146118164062500e+01
3.572902679443359375e+01
3.458341598510742188e+01
3.620233535766601562e+01
3.585180664062500000e+01
3.539833068847656250e+01
3.596466445922851562e+01
3.539943313598632812e+01
3.618251037597656250e+01
3.523255538940429688e+01
3.488494110107421875e+01
3.547994232177734375e+01
3.533000183105468750e+01
3.576629257202148438e+01
3.526867675781250000e+01
3.601638412475585938e+01
3.547391128540039062e+01
3.404275894165039062e+01
3.547705459594726562e+01
3.537302780151367188e+01
3.500066757202148438e+01
3.593992233276367188e+01
3.567194366455078125e+01
3.498530960083007812e+01
3.444070053100585938e+01
3.564875411987304688e+01
3.491870880126953125e+01
3.487718200683593750e+01
3.458527755737304688e+01
3.592027664184570312e+01
3.466712188720703125e+01
3.559037017822265625e+01
3.465296554565429688e+01
3.518269729614257812e+01
3.527953338623046875e+01
3.562628555297851562e+01
3.595630264282226562e+01
3.563592910766601562e+01
3.557521057128906250e+01
3.592404937744140625e+01
3.619443130493164062e+01
3.518674850463867188e+01
3.569060134887695312e+01
3.526661300659179688e+01
3.527543640136718750e+01
3.492058181762695312e+01
3.542023086547851562e+01
3.519039154052734375e+01
3.559481811523437500e+01
3.508282470703125000e+01
3.655473327636718750e+01
3.534644317626953125e+01
3.629482269287109375e+01
3.463576889038085938e+01
3.538159561157226562e+01
3.496416091918945312e+01
3.616500854492187500e+01
3.429870986938476562e+01
3.554481506347656250e+01
3.490797424316406250e+01
3.488006591796875000e+01
3.521652603149414062e+01
3.593369674682617188e+01
3.582522964477539062e+01
3.471727752685546875e+01
3.591149520874023438e+01
3.420262145996093750e+01
3.500430679321289062e+01
3.676169586181640625e+01
3.535545349121093750e+01
3.529362106323242188e+01
3.487885665893554688e+01
3.553549957275390625e+01
3.525925445556640625e+01
3.552015686035156250e+01
3.537758255004882812e+01
3.546548461914062500e+01
3.562513732910156250e+01
3.506336212158203125e+01
3.475303649902343750e+01
3.495236587524414062e+01
3.565885162353515625e+01
3.546439743041992188e+01
3.605621337890625000e+01
3.528510665893554688e+01
3.505324554443359375e+01
3.488422393798828125e+01
3.584487533569335938e+01
3.458208847045898438e+01
3.529467010498046875e+01
3.461722564697265625e+01
3.555704498291015625e+01
3.575951385498046875e+01
3.570459365844726562e+01
3.569923400878906250e+01
3.601502227783203125e+01
3.605381011962890625e+01
3.571692657470703125e+01
3.549762344360351562e+01
3.549762344360351562e+01
3.602846527099609375e+01
3.545384216308593750e+01
3.591294479370117188e+01
3.468368911743164062e+01
3.445676040649414062e+01
3.550767517089843750e+01
3.523095321655273438e+01
3.466692352294921875e+01
3.476515197753906250e+01
3.471971511840820312e+01
3.522153472900390625e+01
3.640808486938476562e+01
3.603231811523437500e+01
3.579791641235351562e+01
3.464426040649414062e+01
3.455184173583984375e+01
3.509668731689453125e+01
3.553769302368164062e+01
3.558718872070312500e+01
3.565454101562500000e+01
3.558179855346679688e+01
3.542190551757812500e+01
3.588329696655273438e+01
3.539230728149414062e+01
3.518672180175781250e+01
3.550396728515625000e+01
3.562532424926757812e+01
3.529635238647460938e+01
3.461151885986328125e+01
3.493397140502929688e+01
3.594572830200195312e+01
3.494580078125000000e+01
3.553221893310546875e+01
3.529998779296875000e+01
3.539825820922851562e+01
3.561946868896484375e+01
3.433587646484375000e+01
3.497845840454101562e+01
3.490399932861328125e+01
3.556747436523437500e+01
3.563013839721679688e+01
3.598143386840820312e+01
3.561804580688476562e+01
3.603600311279296875e+01
3.562154006958007812e+01
3.523784637451171875e+01
3.549948883056640625e+01
3.503919601440429688e+01
3.571693420410156250e+01
3.469063568115234375e+01
3.620616912841796875e+01
3.479495239257812500e+01
3.503972244262695312e+01
3.508761596679687500e+01
3.588192367553710938e+01
3.550238418579101562e+01
3.508898162841796875e+01
3.485852432250976562e+01
3.588235092163085938e+01
3.540472793579101562e+01
3.614530181884765625e+01
3.478358840942382812e+01
3.486444091796875000e+01
3.529656600952148438e+01
3.616369628906250000e+01
3.572762680053710938e+01
3.545860671997070312e+01
3.569904708862304688e+01
3.549868011474609375e+01
3.698216629028320312e+01
3.608868789672851562e+01
3.515992736816406250e+01
3.464795303344726562e+01
3.539937973022460938e+01
3.519558715820312500e+01
3.510282897949218750e+01
3.545626831054687500e+01
3.524023437500000000e+01
3.530821609497070312e+01
3.561014175415039062e+01
3.486046600341796875e+01
3.499009323120117188e+01
3.470851516723632812e+01
3.481583786010742188e+01
3.541303253173828125e+01
3.570717239379882812e+01
3.650086593627929688e+01
3.509555435180664062e+01
3.551139068603515625e+01
3.644802856445312500e+01
3.540258407592773438e+01
3.546153640747070312e+01
3.606285095214843750e+01
3.526633834838867188e+01
3.538138198852539062e+01
3.562320327758789062e+01
3.501708602905273438e+01
3.610324478149414062e+01
3.535699462890625000e+01
3.446992492675781250e+01
3.566678619384765625e+01
3.564854049682617188e+01
3.463039016723632812e+01
3.544902420043945312e+01
3.542898941040039062e+01
3.607048416137695312e+01
3.600007629394531250e+01
3.588397979736328125e+01
3.493902969360351562e+01
3.593799591064453125e+01
3.566657257080078125e+01
3.577083206176757812e+01
3.531535339355468750e+01
3.540666198730468750e+01
3.534248733520507812e+01
3.567047119140625000e+01
3.493807983398437500e+01
3.541950607299804688e+01
3.526617813110351562e+01
3.542371368408203125e+01
3.544629287719726562e+01
3.527972030639648438e+01
3.476016235351562500e+01
3.557544326782226562e+01
3.558897399902343750e+01
3.614445114135742188e+01
3.519088363647460938e+01
3.544979095458984375e+01
3.513458251953125000e+01
3.454341506958007812e+01
3.522259140014648438e+01
3.495497512817382812e+01
3.616519927978515625e+01
3.611898803710937500e+01
3.545902633666992188e+01
3.514297485351562500e+01
3.425001525878906250e+01
3.599391555786132812e+01
3.493787765502929688e+01
3.505485916137695312e+01
3.554331588745117188e+01
3.581171035766601562e+01
3.494365692138671875e+01
3.482209014892578125e+01
3.571415710449218750e+01
3.539875030517578125e+01
3.592615890502929688e+01
3.550654602050781250e+01
3.456320953369140625e+01
3.415223693847656250e+01
3.548082733154296875e+01
3.540208053588867188e+01
3.481157684326171875e+01
3.564774703979492188e+01
3.523400497436523438e+01
3.631262969970703125e+01
3.547813034057617188e+01
3.516982269287109375e+01
3.539700317382812500e+01
3.467255020141601562e+01
3.524052429199218750e+01
3.635160064697265625e+01
3.607986831665039062e+01
3.555415725708007812e+01
3.559617614746093750e+01
3.470432281494140625e+01
3.560347747802734375e+01
3.463404083251953125e+01
3.589558792114257812e+01
3.535110473632812500e+01
3.603022003173828125e+01
3.519766998291015625e+01
3.576609420776367188e+01
3.518227005004882812e+01
3.590734481811523438e+01
3.524652862548828125e+01
3.576587295532226562e+01
3.531372833251953125e+01
3.593490982055664062e+01
3.585603713989257812e+01
3.601847839355468750e+01
3.543089675903320312e+01
3.507321929931640625e+01
3.481339263916015625e+01
3.709800338745117188e+01
3.619911575317382812e+01
3.612924957275390625e+01
3.625489425659179688e+01
3.479749298095703125e+01
3.570800018310546875e+01
3.556939315795898438e+01
3.530855941772460938e+01
3.597311782836914062e+01
3.590651702880859375e+01
3.548089981079101562e+01
3.519927215576171875e+01
3.494551467895507812e+01
3.592938232421875000e+01
3.534868240356445312e+01
3.479803085327148438e+01
3.524884796142578125e+01
3.620761871337890625e+01
3.610390090942382812e+01
3.559484863281250000e+01
3.512763214111328125e+01
3.489216232299804688e+01
3.612215423583984375e+01
3.535354232788085938e+01
3.544481658935546875e+01
3.488417434692382812e+01
3.598785781860351562e+01
3.540592575073242188e+01
3.461653137207031250e+01
3.500617218017578125e+01
3.483497238159179688e+01
3.520121383666992188e+01
3.524669265747070312e+01
3.488280487060546875e+01
3.500953292846679688e+01
3.549431228637695312e+01
3.493495559692382812e+01
3.553447723388671875e+01
3.552703094482421875e+01
3.529635238647460938e+01
3.566095352172851562e+01
3.587705993652343750e+01
3.543133163452148438e+01
3.523622131347656250e+01
3.499267578125000000e+01
3.497662353515625000e+01
3.544947814941406250e+01
3.582742691040039062e+01
3.608588409423828125e+01
3.539120483398437500e+01
3.513550567626953125e+01
3.479402542114257812e+01
3.424213409423828125e+01
3.500712966918945312e+01
3.481796264648437500e+01
3.513393402099609375e+01
3.393851852416992188e+01
3.568776702880859375e+01
3.532075881958007812e+01
3.581507110595703125e+01
3.573382568359375000e+01
3.553735351562500000e+01
3.426069641113281250e+01
3.568608093261718750e+01
3.561073303222656250e+01
3.552644729614257812e+01
3.608635330200195312e+01
3.625927352905273438e+01
3.561731338500976562e+01
3.559669876098632812e+01
3.517655944824218750e+01
3.602210235595703125e+01
3.518338012695312500e+01
3.453160858154296875e+01
3.455362701416015625e+01
3.580480575561523438e+01
3.429968643188476562e+01
3.547055053710937500e+01
3.524766159057617188e+01
3.610163497924804688e+01
3.575495910644531250e+01
3.527971649169921875e+01
3.530648803710937500e+01
3.528998565673828125e+01
3.602521896362304688e+01
3.562346649169921875e+01
3.547721099853515625e+01
3.471864700317382812e+01
3.556735992431640625e+01
3.492516708374023438e+01
3.490555953979492188e+01
3.620155334472656250e+01
3.499826049804687500e+01
3.548690795898437500e+01
3.667184448242187500e+01
3.625445938110351562e+01
3.465284729003906250e+01
3.618186950683593750e+01
3.535360717773437500e+01
3.598574829101562500e+01
3.583713150024414062e+01
3.512079620361328125e+01
3.518819808959960938e+01
3.547337722778320312e+01
3.520447158813476562e+01
3.626228713989257812e+01
3.492539978027343750e+01
3.546493148803710938e+01
3.561045837402343750e+01
3.466362762451171875e+01
3.579113769531250000e+01
3.530728530883789062e+01
3.548568344116210938e+01
3.522807693481445312e+01
3.611023330688476562e+01
3.549515533447265625e+01
3.508797073364257812e+01
3.569400787353515625e+01
3.542754745483398438e+01
3.514126968383789062e+01
3.507917404174804688e+01
3.537830352783203125e+01
3.624987792968750000e+01
3.483588027954101562e+01
3.516573333740234375e+01
3.561260604858398438e+01
3.619673156738281250e+01
3.477672958374023438e+01
3.646928024291992188e+01
3.530514526367187500e+01
3.562462615966796875e+01
3.548775100708007812e+01
3.544315719604492188e+01
3.590522003173828125e+01
3.535268783569335938e+01
3.484545898437500000e+01
3.555816650390625000e+01
3.583736801147460938e+01
3.517407226562500000e+01
3.457260131835937500e+01
3.578823089599609375e+01
3.486685180664062500e+01
3.513446044921875000e+01
3.539341354370117188e+01
3.493173980712890625e+01
3.612166213989257812e+01
3.486434936523437500e+01
3.615692520141601562e+01
3.558762741088867188e+01
3.565840911865234375e+01
3.495431900024414062e+01
3.506345367431640625e+01
3.423581314086914062e+01
3.482538986206054688e+01
3.566687774658203125e+01
3.565285491943359375e+01
3.468082046508789062e+01
3.513859176635742188e+01
3.563336563110351562e+01
3.541781997680664062e+01
3.513991928100585938e+01
3.525715255737304688e+01
3.453876876831054688e+01
3.622018432617187500e+01
3.556013107299804688e+01
3.555108642578125000e+01
3.621431350708007812e+01
3.540404510498046875e+01
3.586080932617187500e+01
3.605665969848632812e+01
3.462481307983398438e+01
3.569291305541992188e+01
3.631038665771484375e+01
3.554841995239257812e+01
3.629501342773437500e+01
3.530625915527343750e+01
3.623970794677734375e+01
3.437275314331054688e+01
3.630020904541015625e+01
3.569948959350585938e+01
3.496044540405273438e+01
3.602299118041992188e+01
3.554659652709960938e+01
3.502530288696289062e+01
3.539599609375000000e+01
3.586716842651367188e+01
3.468908691406250000e+01
3.561132431030273438e+01
3.572513198852539062e+01
3.628704833984375000e+01
3.478268051147460938e+01
3.509165954589843750e+01
3.521111297607421875e+01
3.528374099731445312e+01
3.504797744750976562e+01
3.542503356933593750e+01
3.566326904296875000e+01
3.529796218872070312e+01
3.573988342285156250e+01
3.510881042480468750e+01
3.438367080688476562e+01
3.469219589233398438e+01
3.585129547119140625e+01
3.416748809814453125e+01
3.516140365600585938e+01
3.577523803710937500e+01
3.577961349487304688e+01
3.531254959106445312e+01
3.506138992309570312e+01
3.577211761474609375e+01
3.545555877685546875e+01
3.595727920532226562e+01
3.425481796264648438e+01
3.493332290649414062e+01
3.540477752685546875e+01
3.545729446411132812e+01
3.484795761108398438e+01
3.479178619384765625e+01
3.618077468872070312e+01
3.615765762329101562e+01
3.552583694458007812e+01
3.457299804687500000e+01
3.479169082641601562e+01
3.565662002563476562e+01
3.536532211303710938e+01
3.484454727172851562e+01
3.485778808593750000e+01
3.543475723266601562e+01
3.507308578491210938e+01
3.528744125366210938e+01
3.436683654785156250e+01
3.592868804931640625e+01
3.545064926147460938e+01
3.454321670532226562e+01
3.536978530883789062e+01
3.519206619262695312e+01
3.425078964233398438e+01
3.493314743041992188e+01
3.567763900756835938e+01
3.523378753662109375e+01
3.443627166748046875e+01
3.528574371337890625e+01
3.565734100341796875e+01
3.547027587890625000e+01
3.570860671997070312e+01
3.542821884155273438e+01
3.457085418701171875e+01
3.621368408203125000e+01
3.676700210571289062e+01
3.460730361938476562e+01
3.541079711914062500e+01
3.449134063720703125e+01
3.549140548706054688e+01
3.561682510375976562e+01
3.537852478027343750e+01
3.629719161987304688e+01
3.529787063598632812e+01
3.578794860839843750e+01
3.517918395996093750e+01
3.473012161254882812e+01
3.591777801513671875e+01
3.633445358276367188e+01
3.497311782836914062e+01
3.585767364501953125e+01
3.509963226318359375e+01
3.532082748413085938e+01
3.571401596069335938e+01
3.586193466186523438e+01
3.549051666259765625e+01
3.458545684814453125e+01
3.566456604003906250e+01
3.474174118041992188e+01
3.464309692382812500e+01
3.511125946044921875e+01
3.500291442871093750e+01
3.519688415527343750e+01
3.512270355224609375e+01
3.586684036254882812e+01
3.562596511840820312e+01
3.493718719482421875e+01
3.540621185302734375e+01
3.609491348266601562e+01
3.491089630126953125e+01
3.477616119384765625e+01
3.535337448120117188e+01
3.610765457153320312e+01
3.439860534667968750e+01
3.531270980834960938e+01
3.436174011230468750e+01
3.543446350097656250e+01
3.502936553955078125e+01
3.606674194335937500e+01
3.416454696655273438e+01
3.516050720214843750e+01
3.593033981323242188e+01
3.511977386474609375e+01
3.521637725830078125e+01
3.592086029052734375e+01
3.544198226928710938e+01
3.576093292236328125e+01
3.582765579223632812e+01
3.499559402465820312e+01
3.506328201293945312e+01
3.466469573974609375e+01
3.506157302856445312e+01
3.568798065185546875e+01
3.537667846679687500e+01
3.469420623779296875e+01
3.539121246337890625e+01
3.565656280517578125e+01
3.575978851318359375e+01
3.517802429199218750e+01
3.563325119018554688e+01
3.531155776977539062e+01
3.435763549804687500e+01
3.602850723266601562e+01
3.467835235595703125e+01
3.513876342773437500e+01
3.564952468872070312e+01
3.606254577636718750e+01
3.529241561889648438e+01
3.563044738769531250e+01
3.467530822753906250e+01
3.495979309082031250e+01
3.503180694580078125e+01
3.514813232421875000e+01
3.536412429809570312e+01
3.512235260009765625e+01
3.558568572998046875e+01
3.547598266601562500e+01
3.504421997070312500e+01
3.533576202392578125e+01
3.453566360473632812e+01
3.510652923583984375e+01
3.571093750000000000e+01
3.604712295532226562e+01
3.620232391357421875e+01
3.576432800292968750e+01
3.482640838623046875e+01
3.537759399414062500e+01
3.584444046020507812e+01
3.458446121215820312e+01
3.524921035766601562e+01
3.549079513549804688e+01
3.590739822387695312e+01
3.539278411865234375e+01
3.533206939697265625e+01
3.598194122314453125e+01
3.452712631225585938e+01
3.502318572998046875e+01
3.480192565917968750e+01
3.602904891967773438e+01
3.438227462768554688e+01
3.569561004638671875e+01
3.591905593872070312e+01
3.605334091186523438e+01
3.515951919555664062e+01
3.647645187377929688e+01
3.492268753051757812e+01
3.585332107543945312e+01
3.491051864624023438e+01
3.488423538208007812e+01
3.530346298217773438e+01
3.615211105346679688e+01
3.551552581787109375e+01
3.490702438354492188e+01
3.602156448364257812e+01
3.555682373046875000e+01
3.569469833374023438e+01
3.575157546997070312e+01
3.591220092773437500e+01
3.553960800170898438e+01
3.473038101196289062e+01
3.519804000854492188e+01
3.571870803833007812e+01
3.508095932006835938e+01
3.482437896728515625e+01
3.539294815063476562e+01
3.474399185180664062e+01
3.560246276855468750e+01
3.595729827880859375e+01
3.551039886474609375e+01
3.559376525878906250e+01
3.474389648437500000e+01
3.588239669799804688e+01
3.526361846923828125e+01
3.573240661621093750e+01
3.536380767822265625e+01
3.528642272949218750e+01
3.500304794311523438e+01
3.634758758544921875e+01
3.553735351562500000e+01
3.447341156005859375e+01
3.518590927124023438e+01
3.561892700195312500e+01
3.572713088989257812e+01
3.491990280151367188e+01
3.442951965332031250e+01
3.439119720458984375e+01
3.619592285156250000e+01
3.537386322021484375e+01
3.617034149169921875e+01
3.599571990966796875e+01
3.525795745849609375e+01
3.523227691650390625e+01
3.502647781372070312e+01
3.556555175781250000e+01
3.546285629272460938e+01
3.576240539550781250e+01
3.526039123535156250e+01
3.575956726074218750e+01
3.570528030395507812e+01
3.561862182617187500e+01
3.489040374755859375e+01
3.598769760131835938e+01
3.537722396850585938e+01
3.532743072509765625e+01
3.475201797485351562e+01
3.566699600219726562e+01
3.584939193725585938e+01
3.588961029052734375e+01
3.443288421630859375e+01
3.539428710937500000e+01
3.625437927246093750e+01
3.577667999267578125e+01
3.526747131347656250e+01
3.573711776733398438e+01
3.454964447021484375e+01
3.521279525756835938e+01
3.563785552978515625e+01
3.450273895263671875e+01
3.654768371582031250e+01
3.531205749511718750e+01
3.475790023803710938e+01
3.540169525146484375e+01
3.558719253540039062e+01
3.578674697875976562e+01
3.620090484619140625e+01
3.568322372436523438e+01
3.574964523315429688e+01
3.548955535888671875e+01
3.583532714843750000e+01
3.450427246093750000e+01
3.572349166870117188e+01
3.535483169555664062e+01
3.619446182250976562e+01
3.585012054443359375e+01
3.512870407104492188e+01
3.557080078125000000e+01
3.520886230468750000e+01
3.563768005371093750e+01
3.570628356933593750e+01
3.548365783691406250e+01
3.462573242187500000e+01
3.506478118896484375e+01
3.486542892456054688e+01
3.554647064208984375e+01
3.511470031738281250e+01
3.534082794189453125e+01
3.540762710571289062e+01
3.540430450439453125e+01
3.533127975463867188e+01
3.538114166259765625e+01
3.533651351928710938e+01
3.566614151000976562e+01
3.508182525634765625e+01
3.570600509643554688e+01
3.522685241699218750e+01
3.601157760620117188e+01
3.619399261474609375e+01
3.473258972167968750e+01
3.503681945800781250e+01
3.523487854003906250e+01
3.512284088134765625e+01
3.488954162597656250e+01
3.507852935791015625e+01
3.546823501586914062e+01
3.533884811401367188e+01
3.570245361328125000e+01
3.530883789062500000e+01
3.551921844482421875e+01
3.468556976318359375e+01
3.523444366455078125e+01
3.601158523559570312e+01
3.430416107177734375e+01
3.648714065551757812e+01
3.509320068359375000e+01
3.553664398193359375e+01
3.602541351318359375e+01
3.536094284057617188e+01
3.533660888671875000e+01
3.553713226318359375e+01
3.527168655395507812e+01
3.485068511962890625e+01
3.490838623046875000e+01
3.624081802368164062e+01
3.543427658081054688e+01
3.519050979614257812e+01
3.559753036499023438e+01
3.593244934082031250e+01
3.578361511230468750e+01
3.496740341186523438e+01
3.505420684814453125e+01
3.563806533813476562e+01
3.526639556884765625e+01
