3.541532024909078302e+01
3.541765774222646712e+01
3.541766632714401197e+01
3.541532024909078302e+01
3.541765774222646712e+01
3.541766632714401197e+01
3.541537362064163119e+01
3.541764819794859420e+01
3.541766632714401197e+01
3.541537362064163119e+01
3.541764819794859420e+01
3.541766632714401197e+01
3.541537362064163119e+01
3.541765774222646712e+01
3.541766632714401197e+01
3.541532024909078302e+01
3.541765774222646712e+01
3.541766632714401197e+01
3.541527130020266156e+01
3.541765774222646712e+01
3.541766632714401197e+01
3.541527130020266156e+01
3.541765774222646712e+01
3.541766632714401197e+01
3.541532024909078302e+01
3.541765774222646712e+01
3.541766632714401197e+01
3.541532024909078302e+01
3.541765774222646712e+01
3.541766632714401197e+01
3.541522595495853665e+01
3.541765774222646712e+01
3.541766632714401197e+01
3.541522595495853665e+01
3.541765774222646712e+01
3.541766632714401197e+01
3.541527130020266156e+01
3.541765774222646712e+01
3.541766632714401197e+01
3.541518097366861184e+01
3.541765661307529456e+01
3.541766632714401197e+01
3.541518097366861184e+01
3.541765661307529456e+01
3.541766632714401197e+01
3.541518097366861184e+01
3.541765774222646712e+01
3.541766632714401197e+01
3.541513691259878982e+01
3.541765828271842054e+01
3.541766632714401197e+01
3.541513691259878982e+01
3.541765828271842054e+01
3.541766632714401197e+01
3.541513691259878982e+01
3.541765661307529456e+01
3.541766632714401197e+01
3.541513691259878982e+01
3.541766007308989828e+01
3.541766632714401197e+01
3.541513691259878982e+01
3.541766007308989828e+01
3.541766632714401197e+01
3.541513691259878982e+01
3.541766007308989828e+01
3.541766632714401197e+01
3.541489501471210843e+01
3.541767293675355432e+01
3.541766632714401197e+01
3.541489501471210843e+01
3.541766191670335928e+01
3.541766632714401197e+01
3.541489501471210843e+01
3.541766191670335928e+01
3.541766632714401197e+01
3.541489501471210843e+01
3.541767293675355432e+01
3.541766250289629880e+01
3.541489501471210843e+01
3.541767293675355432e+01
3.541766632714401197e+01
3.541489501471210843e+01
3.541767293675355432e+01
3.541766632714401197e+01
3.541489501471210843e+01
3.541767293675355432e+01
3.541766250289629880e+01
3.541489501471210843e+01
3.541767293675355432e+01
3.541766250289629880e+01
3.541489501471210843e+01
3.541767293675355432e+01
3.541766250289629880e+01
3.541498201271298285e+01
3.541767293675355432e+01
3.541766922251287042e+01
3.541489501471210843e+01
3.541767293675355432e+01
3.541766922251287042e+01
3.541498201271298285e+01
3.541767293675355432e+01
3.541766922251287042e+01
3.541498201271298285e+01
3.541767293675355432e+01
3.541768538704877756e+01
3.541498201271298285e+01
3.541767293675355432e+01
3.541766922251287042e+01
3.541498201271298285e+01
3.541767293675355432e+01
3.541768538704877756e+01
3.541498201271298285e+01
3.541767293675355432e+01
3.541768538704877756e+01
3.541498201271298285e+01
3.541767293675355432e+01
3.541766922251287042e+01
3.541498201271298285e+01
3.541767761785065716e+01
3.541768538704877756e+01
3.541498201271298285e+01
3.541767293675355432e+01
3.541766922251287042e+01
3.541486550029677716e+01
3.541767293675355432e+01
3.541766922251287042e+01
3.541486550029677716e+01
3.541767293675355432e+01
3.541766922251287042e+01
3.541486550029677716e+01
3.541767293675355432e+01
3.541766922251287042e+01
3.541489501471210843e+01
3.541767293675355432e+01
3.541766922251287042e+01
3.541486550029677716e+01
3.541767761785065716e+01
3.541766922251287042e+01
3.541486550029677716e+01
3.541767293675355432e+01
3.541766922251287042e+01
3.541486550029677716e+01
3.541767761785065716e+01
3.541766922251287042e+01
3.541486550029677716e+01
3.541767293675355432e+01
3.541766922251287042e+01
3.541486550029677716e+01
3.541767761785065716e+01
3.541766922251287042e+01
3.541486550029677716e+01
3.541767293675355432e+01
3.541766922251287042e+01
3.541486550029677716e+01
3.541767761785065716e+01
3.541766922251287042e+01
3.541486550029677716e+01
3.541767761785065716e+01
3.541766922251287042e+01
3.541486550029677716e+01
3.541767293675355432e+01
3.541766922251287042e+01
3.541485150244916724e+01
3.541767293675355432e+01
3.541766922251287042e+01
3.541482840355596551e+01
3.541767761785065716e+01
3.541766922251287042e+01
3.541486550029677716e+01
3.541767293675355432e+01
3.541766922251287042e+01
3.541486550029677716e+01
3.541767761785065716e+01
3.541766922251287042e+01
3.541482840355596551e+01
3.541767761785065716e+01
3.541766922251287042e+01
3.541481225343930817e+01
3.541767293675355432e+01
3.541766922251287042e+01
3.541481225343930817e+01
3.541767293675355432e+01
3.541766922251287042e+01
3.541481225343930817e+01
3.541767293675355432e+01
3.541766922251287042e+01
3.541481225343930817e+01
3.541767600117084669e+01
3.541766922251287042e+01
3.541474130335811310e+01
3.541765353046055509e+01
3.541766922251287042e+01
3.541477987677103556e+01
3.541765353046055509e+01
3.541766922251287042e+01
3.541474130335811310e+01
3.541765353046055509e+01
3.541766922251287042e+01
3.541474130335811310e+01
3.541765353046055509e+01
3.541766922251287042e+01
3.541474130335811310e+01
3.541765353046055509e+01
3.541766922251287042e+01
3.541477987677103556e+01
3.541765353046055509e+01
3.541766922251287042e+01
3.541474130335811310e+01
3.541765353046055509e+01
3.541766922251287042e+01
3.541474130335811310e+01
3.541765353046055509e+01
3.541766922251287042e+01
3.541474130335811310e+01
3.541765353046055509e+01
3.541766250289629880e+01
3.541474130335811310e+01
3.541765353046055509e+01
3.541766250289629880e+01
3.541474130335811310e+01
3.541765353046055509e+01
3.541766922251287042e+01
3.541474130335811310e+01
3.541765353046055509e+01
3.541766250289629880e+01
3.541474130335811310e+01
3.541765353046055509e+01
3.541766250289629880e+01
3.541474130335811310e+01
3.541765353046055509e+01
3.541766250289629880e+01
3.541474130335811310e+01
3.541765353046055509e+01
3.541766250289629880e+01
3.541474130335811310e+01
3.541765353046055509e+01
3.541766250289629880e+01
3.541474130335811310e+01
3.541765353046055509e+01
3.541766250289629880e+01
3.541475036478944105e+01
3.541765353046055509e+01
3.541765177922062691e+01
3.541475036478944105e+01
3.541765353046055509e+01
3.541765177922062691e+01
3.541458211642806475e+01
3.541765353046055509e+01
3.541765177922062691e+01
3.541475036478944105e+01
3.541765353046055509e+01
3.541765177922062691e+01
3.541458211642806475e+01
3.541765353046055509e+01
3.541765177922062691e+01
3.541458211642806475e+01
3.541765353046055509e+01
3.541765177922062691e+01
3.541458211642806475e+01
3.541765353046055509e+01
3.541765177922062691e+01
3.541458211642806475e+01
3.541765353046055509e+01
3.541765177922062691e+01
3.541458211642806475e+01
3.541765353046055509e+01
3.541765177922062691e+01
3.541458211642806475e+01
3.541765353046055509e+01
3.541765177922062691e+01
3.541458211642806475e+01
3.541765353046055509e+01
3.541765177922062691e+01
3.541458211642806475e+01
3.541765353046055509e+01
3.541765177922062691e+01
3.541458211642806475e+01
3.541765353046055509e+01
3.541765177922062691e+01
3.541458211642806475e+01
3.541765353046055509e+01
3.541765177922062691e+01
3.541458211642806475e+01
3.541765353046055509e+01
3.541765177922062691e+01
3.541458211642806475e+01
3.541765353046055509e+01
3.541765282782928637e+01
3.541458211642806475e+01
3.541765353046055509e+01
3.541765282782928637e+01
3.541458211642806475e+01
3.541765353046055509e+01
3.541765282782928637e+01
3.541458211642806475e+01
3.541765353046055509e+01
3.541765282782928637e+01
3.541458211642806475e+01
3.541765353046055509e+01
3.541765282782928637e+01
3.541458211642806475e+01
3.541765353046055509e+01
3.541765282782928637e+01
3.541458211642806475e+01
3.541765353046055509e+01
3.541765282782928637e+01
3.541458211642806475e+01
3.541765353046055509e+01
3.541765282782928637e+01
3.541458211642806475e+01
3.541765353046055509e+01
3.541765282782928637e+01
3.541458211642806475e+01
3.541765353046055509e+01
3.541765282782928637e+01
3.541458211642806475e+01
3.541765353046055509e+01
3.541765282782928637e+01
3.541458211642806475e+01
3.541765353046055509e+01
3.541765282782928637e+01
3.541458211642806475e+01
3.541765353046055509e+01
3.541765282782928637e+01
3.541458211642806475e+01
3.541765353046055509e+01
3.541765875438893829e+01
3.541458211642806475e+01
3.541765353046055509e+01
3.541765282782928637e+01
3.541461598683894607e+01
3.541765353046055509e+01
3.541766632714401197e+01
3.541461598683894607e+01
3.541765170060703127e+01
3.541766632714401197e+01
3.541461598683894607e+01
3.541765170060703127e+01
3.541766632714401197e+01
3.541461598683894607e+01
3.541765170060703127e+01
3.541766632714401197e+01
3.541461598683894607e+01
3.541765170060703127e+01
3.541766632714401197e+01
3.541461598683894607e+01
3.541764971157246578e+01
3.541767137632046314e+01
3.541461598683894607e+01
3.541765170060703127e+01
3.541766632714401197e+01
3.541461598683894607e+01
3.541764971157246578e+01
3.541767137632046314e+01
3.541461598683894607e+01
3.541764971157246578e+01
3.541767137632046314e+01
3.541528873252824638e+01
3.541764649762010464e+01
3.541767137632046314e+01
3.541528873252824638e+01
3.541764649762010464e+01
3.541767137632046314e+01
3.541528873252824638e+01
3.541764649762010464e+01
3.541767137632046314e+01
3.541528873252824638e+01
3.541764971157246578e+01
3.541767137632046314e+01
3.541528873252824638e+01
3.541764649762010464e+01
3.541767137632046314e+01
3.541539229794935295e+01
3.541765308000748291e+01
3.541767137632046314e+01
3.541528873252824638e+01
3.541764461181069379e+01
3.541767137632046314e+01
3.541528873252824638e+01
3.541764649762010464e+01
3.541767137632046314e+01
3.541539229794935295e+01
3.541765308000748291e+01
3.541767137632046314e+01
3.541539229794935295e+01
3.541765308000748291e+01
3.541767137632046314e+01
3.541539229794935295e+01
3.541765308000748291e+01
3.541767137632046314e+01
3.541539229794935295e+01
3.541765308000748291e+01
3.541767137632046314e+01
3.541539229794935295e+01
3.541765308000748291e+01
3.541767137632046314e+01
3.541539229794935295e+01
3.541765308000748291e+01
3.541767137632046314e+01
3.541539229794935295e+01
3.541765308000748291e+01
3.541767137632046314e+01
3.541556453535683602e+01
3.541766170435872851e+01
3.541767137632046314e+01
3.541539229794935295e+01
3.541765308000748291e+01
3.541767137632046314e+01
3.541539229794935295e+01
3.541765308000748291e+01
3.541767137632046314e+01
3.541556453535683602e+01
3.541766170435872851e+01
3.541767137632046314e+01
3.541556453535683602e+01
3.541766170435872851e+01
3.541767137632046314e+01
3.541539229794935295e+01
3.541766170435872851e+01
3.541767137632046314e+01
3.541556453535683602e+01
3.541766170435872851e+01
3.541767137632046314e+01
3.541544067467827261e+01
3.541766170435872851e+01
3.541767137632046314e+01
3.541556453535683602e+01
3.541766170435872851e+01
3.541767137632046314e+01
3.541556453535683602e+01
3.541766170435872851e+01
3.541767137632046314e+01
3.541556453535683602e+01
3.541766170435872851e+01
3.541767137632046314e+01
3.541556453535683602e+01
3.541766170435872851e+01
3.541767137632046314e+01
3.541556453535683602e+01
3.541766170435872851e+01
3.541767137632046314e+01
3.541556453535683602e+01
3.541766170435872851e+01
3.541767704595824995e+01
3.541561243206439968e+01
3.541766170435872851e+01
3.541768829108146122e+01
3.541556453535683602e+01
3.541766170435872851e+01
3.541767704595824995e+01
3.541592281381073093e+01
3.541766170435872851e+01
3.541768829108146122e+01
3.541556453535683602e+01
3.541766170435872851e+01
3.541767704595824995e+01
3.541592281381073093e+01
3.541766170435872851e+01
3.541768829108146122e+01
3.541592281381073093e+01
3.541766170435872851e+01
3.541767704595824995e+01
3.541592281381073093e+01
3.541766170435872851e+01
3.541767704595824995e+01
3.541578401739767656e+01
3.541766170435872851e+01
3.541767704595824995e+01
3.541592281381073093e+01
3.541766170435872851e+01
3.541768829108146122e+01
3.541592281381073093e+01
3.541766170435872851e+01
3.541767704595824995e+01
3.541544067467827261e+01
3.541766170435872851e+01
3.541767704595824995e+01
3.541578401739767656e+01
3.541766170435872851e+01
3.541767704595824995e+01
3.541578401739767656e+01
3.541766170435872851e+01
3.541767704595824995e+01
3.541544067467827261e+01
3.541766170435872851e+01
3.541767704595824995e+01
3.541544067467827261e+01
3.541766170435872851e+01
3.541767704595824995e+01
3.541544067467827261e+01
3.541766170435872851e+01
3.541767704595824995e+01
3.541544067467827261e+01
3.541765308000748291e+01
3.541767704595824995e+01
3.541544067467827261e+01
3.541765308000748291e+01
3.541767704595824995e+01
3.541544067467827261e+01
3.541765308000748291e+01
3.541767704595824995e+01
3.541539229794935295e+01
3.541765308000748291e+01
3.541767704595824995e+01
3.541544067467827261e+01
3.541765308000748291e+01
3.541767704595824995e+01
3.541544067467827261e+01
3.541765308000748291e+01
3.541767704595824995e+01
3.541539229794935295e+01
3.541765308000748291e+01
3.541767704595824995e+01
3.541539229794935295e+01
3.541765308000748291e+01
3.541767704595824995e+01
3.541539229794935295e+01
3.541765308000748291e+01
3.541767704595824995e+01
3.541539229794935295e+01
3.541765308000748291e+01
3.541767244458889508e+01
3.541539229794935295e+01
3.541765308000748291e+01
3.541767704595824995e+01
3.541539229794935295e+01
3.541765308000748291e+01
3.541767244458889508e+01
3.541539229794935295e+01
3.541764819794859420e+01
3.541767244458889508e+01
3.541539229794935295e+01
3.541765308000748291e+01
3.541767244458889508e+01
3.541539229794935295e+01
3.541764819794859420e+01
3.541767244458889508e+01
3.541539229794935295e+01
3.541764461181069379e+01
3.541767244458889508e+01
3.541539229794935295e+01
3.541764819794859420e+01
3.541767244458889508e+01
3.541539229794935295e+01
3.541764819794859420e+01
3.541767244458889508e+01
3.541513320582706825e+01
3.541764461181069379e+01
3.541766632714401197e+01
3.541539229794935295e+01
3.541764461181069379e+01
3.541766632714401197e+01
3.541528201411012589e+01
3.541764461181069379e+01
3.541766632714401197e+01
3.541508589295763443e+01
3.541764649762010464e+01
3.541766632714401197e+01
3.541513320582706825e+01
3.541764649762010464e+01
3.541766632714401197e+01
3.541513320582706825e+01
3.541764649762010464e+01
3.541766632714401197e+01
3.541508589295763443e+01
3.541764649762010464e+01
3.541766632714401197e+01
3.541508589295763443e+01
3.541764649762010464e+01
3.541766632714401197e+01
3.541508589295763443e+01
3.541764649762010464e+01
3.541766632714401197e+01
3.541503841543050157e+01
3.541764971157246578e+01
3.541766632714401197e+01
3.541503841543050157e+01
3.541764971157246578e+01
3.541766632714401197e+01
3.541508589295763443e+01
3.541764649762010464e+01
3.541766632714401197e+01
3.541499176345524802e+01
3.541765170060703127e+01
3.541766632714401197e+01
3.541499176345524802e+01
3.541764971157246578e+01
3.541766632714401197e+01
3.541499176345524802e+01
3.541764971157246578e+01
3.541766632714401197e+01
3.541482457076230617e+01
3.541765170060703127e+01
3.541766632714401197e+01
3.541482457076230617e+01
3.541765170060703127e+01
3.541766632714401197e+01
3.541499176345524802e+01
3.541765170060703127e+01
3.541766632714401197e+01
3.541482457076230617e+01
3.541765170060703127e+01
3.541766632714401197e+01
3.541482457076230617e+01
3.541765170060703127e+01
3.541766632714401197e+01
3.541482457076230617e+01
3.541765170060703127e+01
3.541766632714401197e+01
3.541479219823727931e+01
3.541765353046055509e+01
3.541766632714401197e+01
3.541479219823727931e+01
3.541765353046055509e+01
3.541766632714401197e+01
3.541479219823727931e+01
3.541765170060703127e+01
3.541766632714401197e+01
3.541475036478944105e+01
3.541765353046055509e+01
3.541765282782928637e+01
3.541475036478944105e+01
3.541765353046055509e+01
3.541765282782928637e+01
3.541479219823727931e+01
3.541765353046055509e+01
3.541765875438893829e+01
3.541475036478944105e+01
3.541765353046055509e+01
3.541765282782928637e+01
3.541475036478944105e+01
3.541765353046055509e+01
3.541765282782928637e+01
3.541475036478944105e+01
3.541765353046055509e+01
3.541765282782928637e+01
3.541475036478944105e+01
3.541765353046055509e+01
3.541765282782928637e+01
3.541475036478944105e+01
3.541765353046055509e+01
3.541765282782928637e+01
3.541475036478944105e+01
3.541765353046055509e+01
3.541765282782928637e+01
3.541475036478944105e+01
3.541765353046055509e+01
3.541765282782928637e+01
3.541475036478944105e+01
3.541765353046055509e+01
3.541765282782928637e+01
3.541475036478944105e+01
3.541765353046055509e+01
3.541765282782928637e+01
3.541475036478944105e+01
3.541765353046055509e+01
3.541766250289629880e+01
3.541475036478944105e+01
3.541765353046055509e+01
3.541765282782928637e+01
3.541475036478944105e+01
3.541765353046055509e+01
3.541766250289629880e+01
3.541477987677103556e+01
3.541765353046055509e+01
3.541766250289629880e+01
3.541475036478944105e+01
3.541765353046055509e+01
3.541766250289629880e+01
3.541477987677103556e+01
3.541765353046055509e+01
3.541766250289629880e+01
3.541477987677103556e+01
3.541765353046055509e+01
3.541766250289629880e+01
3.541477987677103556e+01
3.541765353046055509e+01
3.541766250289629880e+01
3.541477987677103556e+01
3.541765353046055509e+01
3.541766250289629880e+01
3.541475036478944105e+01
3.541765353046055509e+01
3.541766250289629880e+01
3.541475036478944105e+01
3.541765353046055509e+01
3.541765177922062691e+01
3.541475036478944105e+01
3.541765353046055509e+01
3.541765177922062691e+01
3.541475036478944105e+01
3.541765353046055509e+01
3.541765177922062691e+01
3.541475036478944105e+01
3.541765353046055509e+01
3.541765177922062691e+01
3.541475036478944105e+01
3.541765353046055509e+01
3.541765177922062691e+01
3.541475036478944105e+01
3.541765353046055509e+01
3.541765177922062691e+01
3.541458211642806475e+01
3.541765353046055509e+01
3.541765177922062691e+01
3.541475036478944105e+01
3.541765353046055509e+01
3.541765177922062691e+01
3.541458211642806475e+01
3.541765353046055509e+01
3.541765177922062691e+01
3.541458211642806475e+01
3.541765353046055509e+01
3.541765282782928637e+01
3.541458211642806475e+01
3.541765353046055509e+01
3.541765177922062691e+01
3.541458211642806475e+01
3.541765353046055509e+01
3.541765282782928637e+01
3.541458211642806475e+01
3.541765353046055509e+01
3.541765282782928637e+01
3.541458211642806475e+01
3.541765353046055509e+01
3.541765282782928637e+01
3.541458211642806475e+01
3.541765353046055509e+01
3.541765282782928637e+01
3.541458211642806475e+01
3.541765353046055509e+01
3.541765282782928637e+01
3.541458211642806475e+01
3.541765353046055509e+01
3.541765282782928637e+01
3.541458211642806475e+01
3.541765353046055509e+01
3.541765282782928637e+01
3.541458211642806475e+01
3.541765353046055509e+01
3.541765282782928637e+01
3.541458211642806475e+01
3.541765353046055509e+01
3.541765282782928637e+01
3.541458211642806475e+01
3.541765353046055509e+01
3.541765282782928637e+01
3.541458211642806475e+01
3.541765353046055509e+01
3.541765282782928637e+01
3.541458211642806475e+01
3.541765353046055509e+01
3.541765282782928637e+01
3.541458211642806475e+01
3.541765353046055509e+01
3.541765282782928637e+01
3.541458211642806475e+01
3.541765353046055509e+01
3.541765282782928637e+01
3.541461598683894607e+01
3.541765353046055509e+01
3.541766632714401197e+01
3.541458211642806475e+01
3.541765353046055509e+01
3.541765875438893829e+01
3.541461598683894607e+01
3.541765353046055509e+01
3.541766632714401197e+01
3.541461598683894607e+01
3.541765170060703127e+01
3.541766632714401197e+01
3.541461598683894607e+01
3.541765170060703127e+01
3.541766632714401197e+01
3.541461598683894607e+01
3.541765170060703127e+01
3.541766632714401197e+01
3.541461598683894607e+01
3.541765170060703127e+01
3.541766632714401197e+01
3.541461598683894607e+01
3.541765170060703127e+01
3.541766632714401197e+01
3.541461598683894607e+01
3.541764971157246578e+01
3.541766632714401197e+01
3.541461598683894607e+01
3.541764971157246578e+01
3.541766632714401197e+01
3.541461598683894607e+01
3.541764971157246578e+01
3.541766632714401197e+01
3.541528873252824638e+01
3.541764649762010464e+01
3.541767137632046314e+01
3.541528873252824638e+01
3.541764649762010464e+01
3.541767137632046314e+01
3.541461598683894607e+01
3.541764971157246578e+01
3.541766632714401197e+01
3.541528873252824638e+01
3.541764649762010464e+01
3.541767137632046314e+01
3.541528873252824638e+01
3.541764461181069379e+01
3.541767137632046314e+01
3.541528873252824638e+01
3.541764649762010464e+01
3.541767137632046314e+01
3.541528873252824638e+01
3.541764649762010464e+01
3.541767137632046314e+01
3.541539229794935295e+01
3.541764461181069379e+01
3.541767137632046314e+01
3.541539229794935295e+01
3.541765308000748291e+01
3.541767137632046314e+01
3.541539229794935295e+01
3.541765308000748291e+01
3.541767137632046314e+01
3.541528873252824638e+01
3.541764461181069379e+01
3.541767137632046314e+01
3.541539229794935295e+01
3.541765308000748291e+01
3.541767137632046314e+01
3.541539229794935295e+01
3.541765308000748291e+01
3.541767137632046314e+01
3.541539229794935295e+01
3.541765308000748291e+01
3.541767137632046314e+01
3.541539229794935295e+01
3.541765308000748291e+01
3.541767137632046314e+01
3.541539229794935295e+01
3.541765308000748291e+01
3.541767137632046314e+01
3.541539229794935295e+01
3.541765308000748291e+01
3.541767704595824995e+01
3.541539229794935295e+01
3.541765308000748291e+01
3.541767137632046314e+01
3.541539229794935295e+01
3.541765308000748291e+01
3.541767137632046314e+01
3.541539229794935295e+01
3.541765308000748291e+01
3.541767704595824995e+01
3.541544067467827261e+01
3.541766170435872851e+01
3.541767704595824995e+01
3.541539229794935295e+01
3.541765308000748291e+01
3.541767704595824995e+01
3.541544067467827261e+01
3.541766170435872851e+01
3.541767704595824995e+01
3.541544067467827261e+01
3.541765308000748291e+01
3.541767704595824995e+01
3.541544067467827261e+01
3.541766170435872851e+01
3.541767704595824995e+01
3.541544067467827261e+01
3.541766170435872851e+01
3.541767704595824995e+01
3.541556453535683602e+01
3.541766170435872851e+01
3.541767704595824995e+01
3.541544067467827261e+01
3.541766170435872851e+01
3.541767704595824995e+01
3.541539229794935295e+01
3.541765308000748291e+01
3.541767704595824995e+01
3.541544067467827261e+01
3.541765308000748291e+01
3.541767704595824995e+01
3.541539229794935295e+01
3.541765308000748291e+01
3.541767704595824995e+01
3.541539229794935295e+01
3.541765308000748291e+01
3.541767704595824995e+01
3.541539229794935295e+01
3.541765308000748291e+01
3.541767704595824995e+01
3.541539229794935295e+01
3.541765308000748291e+01
3.541767704595824995e+01
3.541539229794935295e+01
3.541765308000748291e+01
3.541767704595824995e+01
3.541539229794935295e+01
3.541765308000748291e+01
3.541767704595824995e+01
3.541539229794935295e+01
3.541765308000748291e+01
3.541767704595824995e+01
3.541539229794935295e+01
3.541765308000748291e+01
3.541767704595824995e+01
3.541539229794935295e+01
3.541765308000748291e+01
3.541767704595824995e+01
3.541539229794935295e+01
3.541764461181069379e+01
3.541767244458889508e+01
3.541539229794935295e+01
3.541764819794859420e+01
3.541767704595824995e+01
3.541539229794935295e+01
3.541764819794859420e+01
3.541767244458889508e+01
3.541528873252824638e+01
3.541764461181069379e+01
3.541767244458889508e+01
3.541539229794935295e+01
3.541764461181069379e+01
3.541767244458889508e+01
3.541539229794935295e+01
3.541764461181069379e+01
3.541767244458889508e+01
3.541513320582706825e+01
3.541764649762010464e+01
3.541766632714401197e+01
3.541528873252824638e+01
3.541764649762010464e+01
3.541766632714401197e+01
3.541528873252824638e+01
3.541764461181069379e+01
3.541766632714401197e+01
3.541508589295763443e+01
3.541764649762010464e+01
3.541766632714401197e+01
3.541508589295763443e+01
3.541764649762010464e+01
3.541766632714401197e+01
3.541508589295763443e+01
3.541764649762010464e+01
3.541766632714401197e+01
3.541503841543050157e+01
3.541764971157246578e+01
3.541766632714401197e+01
3.541503841543050157e+01
3.541764971157246578e+01
3.541766632714401197e+01
3.541508589295763443e+01
3.541764649762010464e+01
3.541766632714401197e+01
3.541499176345524802e+01
3.541765170060703127e+01
3.541766632714401197e+01
3.541499176345524802e+01
3.541764971157246578e+01
3.541766632714401197e+01
3.541499176345524802e+01
3.541764971157246578e+01
3.541766632714401197e+01
3.541482457076230617e+01
3.541765170060703127e+01
3.541766632714401197e+01
3.541482457076230617e+01
3.541765170060703127e+01
3.541766632714401197e+01
3.541499176345524802e+01
3.541765170060703127e+01
3.541766632714401197e+01
3.541482457076230617e+01
3.541765170060703127e+01
3.541766632714401197e+01
3.541482457076230617e+01
3.541765170060703127e+01
3.541766632714401197e+01
3.541482457076230617e+01
3.541765170060703127e+01
3.541766632714401197e+01
3.541479219823727931e+01
3.541765353046055509e+01
3.541766632714401197e+01
3.541479219823727931e+01
3.541765353046055509e+01
3.541766632714401197e+01
3.541479219823727931e+01
3.541765170060703127e+01
3.541766632714401197e+01
3.541475036478944105e+01
3.541765353046055509e+01
3.541765282782928637e+01
3.541475036478944105e+01
3.541765353046055509e+01
3.541765282782928637e+01
3.541479219823727931e+01
3.541765353046055509e+01
3.541765875438893829e+01
3.541475036478944105e+01
3.541765353046055509e+01
3.541765282782928637e+01
3.541475036478944105e+01
3.541765353046055509e+01
3.541765282782928637e+01
3.541475036478944105e+01
3.541765353046055509e+01
3.541765282782928637e+01
3.541475036478944105e+01
3.541765353046055509e+01
3.541765282782928637e+01
3.541475036478944105e+01
3.541765353046055509e+01
3.541765282782928637e+01
3.541475036478944105e+01
3.541765353046055509e+01
3.541765282782928637e+01
3.541475036478944105e+01
3.541765353046055509e+01
3.541765282782928637e+01
3.541475036478944105e+01
3.541765353046055509e+01
3.541765282782928637e+01
3.541475036478944105e+01
3.541765353046055509e+01
3.541765282782928637e+01
3.541475036478944105e+01
3.541765353046055509e+01
3.541765282782928637e+01
3.541475036478944105e+01
3.541765353046055509e+01
3.541765282782928637e+01
3.541475036478944105e+01
3.541765353046055509e+01
3.541765282782928637e+01
3.541475036478944105e+01
3.541765353046055509e+01
3.541765282782928637e+01
3.541475036478944105e+01
3.541765353046055509e+01
3.541765282782928637e+01
3.541458211642806475e+01
3.541765353046055509e+01
3.541765282782928637e+01
3.541458211642806475e+01
3.541765353046055509e+01
3.541765282782928637e+01
3.541458211642806475e+01
3.541765353046055509e+01
3.541765282782928637e+01
3.541458211642806475e+01
3.541765353046055509e+01
3.541765282782928637e+01
3.541458211642806475e+01
3.541765353046055509e+01
3.541765282782928637e+01
3.541458211642806475e+01
3.541765353046055509e+01
3.541765282782928637e+01
3.541458211642806475e+01
3.541765353046055509e+01
3.541765282782928637e+01
3.541458211642806475e+01
3.541765353046055509e+01
3.541765282782928637e+01
3.541458211642806475e+01
3.541765353046055509e+01
3.541765282782928637e+01
3.541458211642806475e+01
3.541765353046055509e+01
3.541765282782928637e+01
3.541458211642806475e+01
3.541765353046055509e+01
3.541765282782928637e+01
3.541461598683894607e+01
3.541765353046055509e+01
3.541766632714401197e+01
3.541458211642806475e+01
3.541765353046055509e+01
3.541765875438893829e+01
3.541461598683894607e+01
3.541765353046055509e+01
3.541766632714401197e+01
3.541461598683894607e+01
3.541765170060703127e+01
3.541766632714401197e+01
3.541461598683894607e+01
3.541765170060703127e+01
3.541766632714401197e+01
3.541461598683894607e+01
3.541765170060703127e+01
3.541766632714401197e+01
3.541461598683894607e+01
3.541765170060703127e+01
3.541766632714401197e+01
3.541461598683894607e+01
3.541765170060703127e+01
3.541766632714401197e+01
3.541461598683894607e+01
3.541765170060703127e+01
3.541766632714401197e+01
3.541461598683894607e+01
3.541764971157246578e+01
3.541766632714401197e+01
3.541528873252824638e+01
3.541764971157246578e+01
3.541766632714401197e+01
3.541503841543050157e+01
3.541764971157246578e+01
3.541766632714401197e+01
3.541461598683894607e+01
3.541764971157246578e+01
3.541766632714401197e+01
3.541528873252824638e+01
3.541764649762010464e+01
3.541766632714401197e+01
3.541528873252824638e+01
3.541764649762010464e+01
3.541767137632046314e+01
3.541528873252824638e+01
3.541764649762010464e+01
3.541767244458889508e+01
3.541508589295763443e+01
3.541764649762010464e+01
3.541766632714401197e+01
3.541528873252824638e+01
3.541764461181069379e+01
3.541767704595824995e+01
3.541539229794935295e+01
3.541764461181069379e+01
3.541767137632046314e+01
3.541539229794935295e+01
3.541764461181069379e+01
3.541767704595824995e+01
3.541528873252824638e+01
3.541764649762010464e+01
3.541767244458889508e+01
3.541539229794935295e+01
3.541765308000748291e+01
3.541767704595824995e+01
3.541539229794935295e+01
3.541765308000748291e+01
3.541767704595824995e+01
3.541539229794935295e+01
3.541764461181069379e+01
3.541767704595824995e+01
3.541539229794935295e+01
3.541765308000748291e+01
3.541767704595824995e+01
3.541539229794935295e+01
3.541765308000748291e+01
3.541767704595824995e+01
3.541539229794935295e+01
3.541765308000748291e+01
3.541767704595824995e+01
3.541539229794935295e+01
3.541765308000748291e+01
3.541767704595824995e+01
3.541528873252824638e+01
3.541764461181069379e+01
3.541767244458889508e+01
3.541539229794935295e+01
3.541764461181069379e+01
3.541767244458889508e+01
3.541528873252824638e+01
3.541764649762010464e+01
3.541766632714401197e+01
3.541528873252824638e+01
3.541764461181069379e+01
3.541767244458889508e+01
3.541508589295763443e+01
3.541764649762010464e+01
3.541766632714401197e+01
3.541528873252824638e+01
3.541764649762010464e+01
3.541766632714401197e+01
3.541528873252824638e+01
3.541764649762010464e+01
3.541766632714401197e+01
3.541503841543050157e+01
3.541764971157246578e+01
3.541766632714401197e+01
3.541503841543050157e+01
3.541764971157246578e+01
3.541766632714401197e+01
3.541508589295763443e+01
3.541764649762010464e+01
3.541766632714401197e+01
3.541499176345524802e+01
3.541764971157246578e+01
3.541766632714401197e+01
3.541499176345524802e+01
3.541764971157246578e+01
3.541766632714401197e+01
3.541499176345524802e+01
3.541764971157246578e+01
3.541766632714401197e+01
3.541461598683894607e+01
3.541765170060703127e+01
3.541766632714401197e+01
3.541461598683894607e+01
3.541765170060703127e+01
3.541766632714401197e+01
3.541499176345524802e+01
3.541765170060703127e+01
3.541766632714401197e+01
3.541461598683894607e+01
3.541765170060703127e+01
3.541766632714401197e+01
3.541461598683894607e+01
3.541765170060703127e+01
3.541766632714401197e+01
3.541482457076230617e+01
3.541765170060703127e+01
3.541766632714401197e+01
3.541461598683894607e+01
3.541765353046055509e+01
3.541766632714401197e+01
3.541461598683894607e+01
3.541765353046055509e+01
3.541766632714401197e+01
3.541479219823727931e+01
3.541765170060703127e+01
3.541766632714401197e+01
3.541458211642806475e+01
3.541765353046055509e+01
3.541765282782928637e+01
3.541458211642806475e+01
3.541765353046055509e+01
3.541765282782928637e+01
3.541479219823727931e+01
3.541765353046055509e+01
3.541765875438893829e+01
3.541475036478944105e+01
3.541765353046055509e+01
3.541765282782928637e+01
3.541475036478944105e+01
3.541765353046055509e+01
3.541765282782928637e+01
3.541461598683894607e+01
3.541765170060703127e+01
3.541766632714401197e+01
3.541461598683894607e+01
3.541765170060703127e+01
3.541766632714401197e+01
3.541461598683894607e+01
3.541765170060703127e+01
3.541766632714401197e+01
3.541499176345524802e+01
3.541764971157246578e+01
3.541766632714401197e+01
3.541477987677103556e+01
3.541765353046055509e+01
3.541766250289629880e+01
3.541477987677103556e+01
3.541765353046055509e+01
3.541766250289629880e+01
3.541475036478944105e+01
3.541765353046055509e+01
3.541765282782928637e+01
3.541477987677103556e+01
3.541765353046055509e+01
3.541766250289629880e+01
3.541477987677103556e+01
3.541765353046055509e+01
3.541766250289629880e+01
3.541475036478944105e+01
3.541765353046055509e+01
3.541765282782928637e+01
3.541475036478944105e+01
3.541765353046055509e+01
3.541765282782928637e+01
3.541475036478944105e+01
3.541765353046055509e+01
3.541765282782928637e+01
3.541475036478944105e+01
3.541765353046055509e+01
3.541765282782928637e+01
3.541475036478944105e+01
3.541765353046055509e+01
3.541765282782928637e+01
3.541475036478944105e+01
3.541765353046055509e+01
3.541765282782928637e+01
3.541479219823727931e+01
3.541765353046055509e+01
3.541766632714401197e+01
3.541479219823727931e+01
3.541765353046055509e+01
3.541766632714401197e+01
3.541482457076230617e+01
3.541765170060703127e+01
3.541766632714401197e+01
3.541482457076230617e+01
3.541765170060703127e+01
3.541766632714401197e+01
3.541482457076230617e+01
3.541765170060703127e+01
3.541766632714401197e+01
3.541482457076230617e+01
3.541765170060703127e+01
3.541766632714401197e+01
3.541499176345524802e+01
3.541764971157246578e+01
3.541766632714401197e+01
3.541499176345524802e+01
3.541765170060703127e+01
3.541766632714401197e+01
3.541503841543050157e+01
3.541764971157246578e+01
3.541766632714401197e+01
3.541503841543050157e+01
3.541764971157246578e+01
3.541766632714401197e+01
3.541508589295763443e+01
3.541764649762010464e+01
3.541766632714401197e+01
3.541508589295763443e+01
3.541764649762010464e+01
3.541766632714401197e+01
3.541513320582706825e+01
3.541764649762010464e+01
3.541766632714401197e+01
3.541508589295763443e+01
3.541764649762010464e+01
3.541766632714401197e+01
3.541513320582706825e+01
3.541764461181069379e+01
3.541766632714401197e+01
3.541513320582706825e+01
3.541764461181069379e+01
3.541766632714401197e+01
3.541539229794935295e+01
3.541764819794859420e+01
3.541767244458889508e+01
3.541528201411012589e+01
3.541764461181069379e+01
3.541766632714401197e+01
3.541539229794935295e+01
3.541764819794859420e+01
3.541767244458889508e+01
3.541539229794935295e+01
3.541764819794859420e+01
3.541767244458889508e+01
3.541539229794935295e+01
3.541765308000748291e+01
3.541767244458889508e+01
3.541539229794935295e+01
3.541764819794859420e+01
3.541767244458889508e+01
3.541539229794935295e+01
3.541765308000748291e+01
3.541767704595824995e+01
3.541539229794935295e+01
3.541765308000748291e+01
3.541767244458889508e+01
3.541544067467827261e+01
3.541765308000748291e+01
3.541767704595824995e+01
3.541539229794935295e+01
3.541765308000748291e+01
3.541767704595824995e+01
3.541544067467827261e+01
3.541765308000748291e+01
3.541767704595824995e+01
3.541544067467827261e+01
3.541765308000748291e+01
3.541767704595824995e+01
3.541544067467827261e+01
3.541765308000748291e+01
3.541767704595824995e+01
3.541544067467827261e+01
3.541765308000748291e+01
3.541767704595824995e+01
3.541578401739767656e+01
3.541766170435872851e+01
3.541767704595824995e+01
3.541544067467827261e+01
3.541766170435872851e+01
3.541767704595824995e+01
3.541592281381073093e+01
3.541766170435872851e+01
3.541767704595824995e+01
3.541578401739767656e+01
3.541766170435872851e+01
3.541767704595824995e+01
3.541592281381073093e+01
3.541766170435872851e+01
3.541767704595824995e+01
3.541592281381073093e+01
3.541766170435872851e+01
3.541767704595824995e+01
3.541592281381073093e+01
3.541766170435872851e+01
3.541768829108146122e+01
3.541592281381073093e+01
3.541766170435872851e+01
3.541767704595824995e+01
3.541592281381073093e+01
3.541766170435872851e+01
3.541768829108146122e+01
3.541592281381073093e+01
3.541766170435872851e+01
3.541768829108146122e+01
3.541592281381073093e+01
3.541766170435872851e+01
3.541767704595824995e+01
3.541592281381073093e+01
3.541766170435872851e+01
3.541774002502362606e+01
3.541592281381073093e+01
3.541766170435872851e+01
3.541767704595824995e+01
3.541592281381073093e+01
3.541766170435872851e+01
3.541767704595824995e+01
3.541592281381073093e+01
3.541766170435872851e+01
3.541767704595824995e+01
3.541578401739767656e+01
3.541766170435872851e+01
3.541767704595824995e+01
3.541592281381073093e+01
3.541766170435872851e+01
3.541767704595824995e+01
3.541544067467827261e+01
3.541765308000748291e+01
3.541767704595824995e+01
3.541578401739767656e+01
3.541765308000748291e+01
3.541767704595824995e+01
3.541544067467827261e+01
3.541765308000748291e+01
3.541767704595824995e+01
3.541544067467827261e+01
3.541765308000748291e+01
3.541767704595824995e+01
3.541544067467827261e+01
3.541765308000748291e+01
3.541767704595824995e+01
3.541544067467827261e+01
3.541765308000748291e+01
3.541767704595824995e+01
3.541539229794935295e+01
3.541765308000748291e+01
3.541767244458889508e+01
3.541544067467827261e+01
3.541765308000748291e+01
3.541767652676614375e+01
3.541539229794935295e+01
3.541765308000748291e+01
3.541767244458889508e+01
3.541539229794935295e+01
3.541765308000748291e+01
3.541767244458889508e+01
3.541539229794935295e+01
3.541764819794859420e+01
3.541767244458889508e+01
3.541539229794935295e+01
3.541764819794859420e+01
3.541767244458889508e+01
3.541528201411012589e+01
3.541764819794859420e+01
3.541766632714401197e+01
3.541533134752012302e+01
3.541764819794859420e+01
3.541767244458889508e+01
3.541528201411012589e+01
3.541764461181069379e+01
3.541766632714401197e+01
3.541528201411012589e+01
3.541764819794859420e+01
3.541766632714401197e+01
3.541513320582706825e+01
3.541764649762010464e+01
3.541766632714401197e+01
3.541513320582706825e+01
3.541764461181069379e+01
3.541766632714401197e+01
3.541508589295763443e+01
3.541764649762010464e+01
3.541766632714401197e+01
3.541513320582706825e+01
3.541764649762010464e+01
3.541766632714401197e+01
3.541508589295763443e+01
3.541764649762010464e+01
3.541766632714401197e+01
3.541508589295763443e+01
3.541764649762010464e+01
3.541766632714401197e+01
3.541499176345524802e+01
3.541764971157246578e+01
3.541766632714401197e+01
3.541503841543050157e+01
3.541764971157246578e+01
3.541766632714401197e+01
3.541499176345524802e+01
3.541765170060703127e+01
3.541766632714401197e+01
3.541499176345524802e+01
3.541764971157246578e+01
3.541766632714401197e+01
3.541482457076230617e+01
3.541765170060703127e+01
3.541766632714401197e+01
3.541482457076230617e+01
3.541765170060703127e+01
3.541766632714401197e+01
3.541479219823727931e+01
3.541765170060703127e+01
3.541766632714401197e+01
3.541482457076230617e+01
3.541765170060703127e+01
3.541766632714401197e+01
3.541479219823727931e+01
3.541765353046055509e+01
3.541765875438893829e+01
3.541479219823727931e+01
3.541765353046055509e+01
3.541766632714401197e+01
3.541475036478944105e+01
3.541765353046055509e+01
3.541765282782928637e+01
3.541475036478944105e+01
3.541765353046055509e+01
3.541765282782928637e+01
3.541475036478944105e+01
3.541765353046055509e+01
3.541765282782928637e+01
3.541475036478944105e+01
3.541765353046055509e+01
3.541765282782928637e+01
3.541477987677103556e+01
3.541765353046055509e+01
3.541766250289629880e+01
3.541475036478944105e+01
3.541765353046055509e+01
3.541766250289629880e+01
3.541477987677103556e+01
3.541765353046055509e+01
3.541766250289629880e+01
3.541477987677103556e+01
3.541765353046055509e+01
3.541766250289629880e+01
3.541477987677103556e+01
3.541765353046055509e+01
3.541766250289629880e+01
3.541477987677103556e+01
3.541765353046055509e+01
3.541766250289629880e+01
3.541477987677103556e+01
3.541765353046055509e+01
3.541766250289629880e+01
3.541477987677103556e+01
3.541765353046055509e+01
3.541766250289629880e+01
3.541477987677103556e+01
3.541765353046055509e+01
3.541766250289629880e+01
3.541477987677103556e+01
3.541765353046055509e+01
3.541766250289629880e+01
3.541477987677103556e+01
3.541765353046055509e+01
3.541766250289629880e+01
3.541477987677103556e+01
3.541765353046055509e+01
3.541766250289629880e+01
3.541477987677103556e+01
3.541765353046055509e+01
3.541766250289629880e+01
3.541477987677103556e+01
3.541765353046055509e+01
3.541766250289629880e+01
3.541486016816127602e+01
3.541765353046055509e+01
3.541766250289629880e+01
3.541477987677103556e+01
3.541765353046055509e+01
3.541766250289629880e+01
3.541475036478944105e+01
3.541765353046055509e+01
3.541765282782928637e+01
3.541486016816127602e+01
3.541765353046055509e+01
3.541766250289629880e+01
3.541479219823727931e+01
3.541765353046055509e+01
3.541766632714401197e+01
3.541486016816127602e+01
3.541765353046055509e+01
3.541765875438893829e+01
3.541482457076230617e+01
3.541765170060703127e+01
3.541766632714401197e+01
3.541479219823727931e+01
3.541765170060703127e+01
3.541766632714401197e+01
3.541482457076230617e+01
3.541765170060703127e+01
3.541766632714401197e+01
3.541482457076230617e+01
3.541765170060703127e+01
3.541766632714401197e+01
3.541499176345524802e+01
3.541765170060703127e+01
3.541766632714401197e+01
3.541499176345524802e+01
3.541765170060703127e+01
3.541766632714401197e+01
3.541503841543050157e+01
3.541764971157246578e+01
3.541766632714401197e+01
3.541499176345524802e+01
3.541764971157246578e+01
3.541766632714401197e+01
3.541508589295763443e+01
3.541764649762010464e+01
3.541766632714401197e+01
3.541508589295763443e+01
3.541764649762010464e+01
3.541766632714401197e+01
3.541508589295763443e+01
3.541764649762010464e+01
3.541766632714401197e+01
3.541508589295763443e+01
3.541764649762010464e+01
3.541766632714401197e+01
3.541513320582706825e+01
3.541764461181069379e+01
3.541766632714401197e+01
3.541513320582706825e+01
3.541764649762010464e+01
3.541766632714401197e+01
3.541528201411012589e+01
3.541764461181069379e+01
3.541766632714401197e+01
3.541528201411012589e+01
3.541764461181069379e+01
3.541766632714401197e+01
3.541533134752012302e+01
3.541764819794859420e+01
3.541766632714401197e+01
3.541528201411012589e+01
3.541764819794859420e+01
3.541766632714401197e+01
3.541543355158009376e+01
3.541764819794859420e+01
3.541767244458889508e+01
3.541533134752012302e+01
3.541764819794859420e+01
3.541767244458889508e+01
3.541539229794935295e+01
3.541764819794859420e+01
3.541767244458889508e+01
3.541543355158009376e+01
3.541764819794859420e+01
3.541767244458889508e+01
3.541539229794935295e+01
3.541765308000748291e+01
3.541767244458889508e+01
3.541539229794935295e+01
3.541765308000748291e+01
3.541767244458889508e+01
3.541544067467827261e+01
3.541765308000748291e+01
3.541767652676614375e+01
3.541544067467827261e+01
3.541765308000748291e+01
3.541767652676614375e+01
3.541544067467827261e+01
3.541765308000748291e+01
3.541767704595824995e+01
3.541544067467827261e+01
3.541765308000748291e+01
3.541767652676614375e+01
3.541544067467827261e+01
3.541765308000748291e+01
3.541767704595824995e+01
3.541544067467827261e+01
3.541765308000748291e+01
3.541767704595824995e+01
3.541578401739767656e+01
3.541766170435872851e+01
3.541767704595824995e+01
3.541578401739767656e+01
3.541765308000748291e+01
3.541767704595824995e+01
3.541592281381073093e+01
3.541766170435872851e+01
3.541767704595824995e+01
3.541592281381073093e+01
3.541766170435872851e+01
3.541767704595824995e+01
3.541592281381073093e+01
3.541766170435872851e+01
3.541767704595824995e+01
3.541592281381073093e+01
3.541766170435872851e+01
3.541767704595824995e+01
3.541592281381073093e+01
3.541766170435872851e+01
3.541774002502362606e+01
3.541592281381073093e+01
3.541766170435872851e+01
3.541767704595824995e+01
3.541592281381073093e+01
3.541766170435872851e+01
3.541774002502362606e+01
3.541592281381073093e+01
3.541766170435872851e+01
3.541774002502362606e+01
3.541592281381073093e+01
3.541766170435872851e+01
3.541767704595824995e+01
3.541592281381073093e+01
3.541766170435872851e+01
3.541774002502362606e+01
3.541592281381073093e+01
3.541766170435872851e+01
3.541774002502362606e+01
3.541592281381073093e+01
3.541766170435872851e+01
3.541767704595824995e+01
3.541592281381073093e+01
3.541766170435872851e+01
3.541767704595824995e+01
3.541592281381073093e+01
3.541766170435872851e+01
3.541767704595824995e+01
3.541592281381073093e+01
3.541766170435872851e+01
3.541767704595824995e+01
3.541578401739767656e+01
3.541765308000748291e+01
3.541767704595824995e+01
3.541578401739767656e+01
3.541765308000748291e+01
3.541767704595824995e+01
3.541544067467827261e+01
3.541765308000748291e+01
3.541767652676614375e+01
3.541544067467827261e+01
3.541765308000748291e+01
3.541767652676614375e+01
3.541544067467827261e+01
3.541765308000748291e+01
3.541767652676614375e+01
3.541544067467827261e+01
3.541765308000748291e+01
3.541767652676614375e+01
3.541544067467827261e+01
3.541765308000748291e+01
3.541767652676614375e+01
3.541544067467827261e+01
3.541765308000748291e+01
3.541767652676614375e+01
3.541543355158009376e+01
3.541764819794859420e+01
3.541767244458889508e+01
3.541543355158009376e+01
3.541765308000748291e+01
3.541767244458889508e+01
3.541543355158009376e+01
3.541764819794859420e+01
3.541767244458889508e+01
3.541543355158009376e+01
3.541764819794859420e+01
3.541767244458889508e+01
3.541533134752012302e+01
3.541764819794859420e+01
3.541766632714401197e+01
3.541543355158009376e+01
3.541764819794859420e+01
3.541766632714401197e+01
3.541528201411012589e+01
3.541764819794859420e+01
3.541766632714401197e+01
3.541533134752012302e+01
3.541764819794859420e+01
3.541766632714401197e+01
3.541513320582706825e+01
3.541764461181069379e+01
3.541766632714401197e+01
3.541528201411012589e+01
3.541764461181069379e+01
3.541766632714401197e+01
3.541513320582706825e+01
3.541764649762010464e+01
3.541766632714401197e+01
3.541513320582706825e+01
3.541764461181069379e+01
3.541766632714401197e+01
3.541508589295763443e+01
3.541764649762010464e+01
3.541766632714401197e+01
3.541508589295763443e+01
3.541764649762010464e+01
3.541766632714401197e+01
3.541503841543050157e+01
3.541764971157246578e+01
3.541766632714401197e+01
3.541518097366861184e+01
3.541764649762010464e+01
3.541766632714401197e+01
3.541499176345524802e+01
3.541764971157246578e+01
3.541766632714401197e+01
3.541513691259878982e+01
3.541764971157246578e+01
3.541766632714401197e+01
3.541482457076230617e+01
3.541765170060703127e+01
3.541766632714401197e+01
3.541513691259878982e+01
3.541765170060703127e+01
3.541766632714401197e+01
3.541482457076230617e+01
3.541765170060703127e+01
3.541766632714401197e+01
3.541482457076230617e+01
3.541765170060703127e+01
3.541766632714401197e+01
3.541486016816127602e+01
3.541765353046055509e+01
3.541766632714401197e+01
3.541486016816127602e+01
3.541765170060703127e+01
3.541766632714401197e+01
3.541486016816127602e+01
3.541765353046055509e+01
3.541766250289629880e+01
3.541486016816127602e+01
3.541765353046055509e+01
3.541766632714401197e+01
3.541486016816127602e+01
3.541765353046055509e+01
3.541766250289629880e+01
3.541486016816127602e+01
3.541765353046055509e+01
3.541766250289629880e+01
3.541477987677103556e+01
3.541765353046055509e+01
3.541766250289629880e+01
3.541486016816127602e+01
3.541765353046055509e+01
3.541766250289629880e+01
3.541477987677103556e+01
3.541765353046055509e+01
3.541766250289629880e+01
3.541489501471210843e+01
3.541765353046055509e+01
3.541766250289629880e+01
3.541485150244916724e+01
3.541767293675355432e+01
3.541766250289629880e+01
3.541489501471210843e+01
3.541767293675355432e+01
3.541766250289629880e+01
3.541481225343930817e+01
3.541767293675355432e+01
3.541766922251287042e+01
3.541477987677103556e+01
3.541767293675355432e+01
3.541766922251287042e+01
3.541485150244916724e+01
3.541767293675355432e+01
3.541766922251287042e+01
3.541489501471210843e+01
3.541767293675355432e+01
3.541766250289629880e+01
3.541489501471210843e+01
3.541767293675355432e+01
3.541766922251287042e+01
3.541489501471210843e+01
3.541765353046055509e+01
3.541766250289629880e+01
3.541489501471210843e+01
3.541767293675355432e+01
3.541766250289629880e+01
3.541489501471210843e+01
3.541767293675355432e+01
3.541766922251287042e+01
3.541486016816127602e+01
3.541765353046055509e+01
3.541766250289629880e+01
3.541489501471210843e+01
3.541765353046055509e+01
3.541766250289629880e+01
3.541486016816127602e+01
3.541765353046055509e+01
3.541766250289629880e+01
3.541486016816127602e+01
3.541765353046055509e+01
3.541766250289629880e+01
3.541486016816127602e+01
3.541765170060703127e+01
3.541766632714401197e+01
3.541486016816127602e+01
3.541765353046055509e+01
3.541766632714401197e+01
3.541486016816127602e+01
3.541765170060703127e+01
3.541766632714401197e+01
3.541486016816127602e+01
3.541765170060703127e+01
3.541766632714401197e+01
3.541513691259878982e+01
3.541765170060703127e+01
3.541766632714401197e+01
3.541513691259878982e+01
3.541765170060703127e+01
3.541766632714401197e+01
3.541513691259878982e+01
3.541764971157246578e+01
3.541766632714401197e+01
3.541513691259878982e+01
3.541764971157246578e+01
3.541766632714401197e+01
3.541518097366861184e+01
3.541764649762010464e+01
3.541766632714401197e+01
3.541513691259878982e+01
3.541764971157246578e+01
3.541766632714401197e+01
3.541522595495853665e+01
3.541764649762010464e+01
3.541766632714401197e+01
3.541518097366861184e+01
3.541764649762010464e+01
3.541766632714401197e+01
3.541527130020266156e+01
3.541764649762010464e+01
3.541766632714401197e+01
3.541527130020266156e+01
3.541764649762010464e+01
3.541766632714401197e+01
3.541532024909078302e+01
3.541764461181069379e+01
3.541766632714401197e+01
3.541532024909078302e+01
3.541764461181069379e+01
3.541766632714401197e+01
3.541528201411012589e+01
3.541764819794859420e+01
3.541766632714401197e+01
3.541532024909078302e+01
3.541764819794859420e+01
3.541766632714401197e+01
3.541533134752012302e+01
3.541764819794859420e+01
3.541766632714401197e+01
3.541537362064163119e+01
3.541764819794859420e+01
3.541766632714401197e+01
3.541543355158009376e+01
3.541764819794859420e+01
3.541767244458889508e+01
3.541543355158009376e+01
3.541764819794859420e+01
3.541766632714401197e+01
3.541543355158009376e+01
3.541764819794859420e+01
3.541767244458889508e+01
3.541543355158009376e+01
3.541764819794859420e+01
3.541767244458889508e+01
3.541548723806102572e+01
3.541765308000748291e+01
3.541767652676614375e+01
3.541543355158009376e+01
3.541764989515196049e+01
3.541767652676614375e+01
3.541548723806102572e+01
3.541765308000748291e+01
3.541767652676614375e+01
3.541548723806102572e+01
3.541765308000748291e+01
3.541767652676614375e+01
3.541544067467827261e+01
3.541765308000748291e+01
3.541767652676614375e+01
3.541548723806102572e+01
3.541765308000748291e+01
3.541767652676614375e+01
3.541578401739767656e+01
3.541765308000748291e+01
3.541767652676614375e+01
3.541578401739767656e+01
3.541765308000748291e+01
3.541767652676614375e+01
3.541592281381073093e+01
3.541765308000748291e+01
3.541767704595824995e+01
3.541592281381073093e+01
3.541765308000748291e+01
3.541767652676614375e+01
3.541592281381073093e+01
3.541766170435872851e+01
3.541767704595824995e+01
3.541592281381073093e+01
3.541766170435872851e+01
3.541767704595824995e+01
3.541592281381073093e+01
3.541766170435872851e+01
3.541767704595824995e+01
3.541592281381073093e+01
3.541766170435872851e+01
3.541767704595824995e+01
3.541592281381073093e+01
3.541766170435872851e+01
3.541774002502362606e+01
3.541592281381073093e+01
3.541766170435872851e+01
3.541774002502362606e+01
3.541592281381073093e+01
3.541766170435872851e+01
3.541774002502362606e+01
3.541592281381073093e+01
3.541766170435872851e+01
3.541774002502362606e+01
3.541592281381073093e+01
3.541766170435872851e+01
3.541774002502362606e+01
3.541592281381073093e+01
3.541766170435872851e+01
3.541774002502362606e+01
3.541592281381073093e+01
3.541766170435872851e+01
3.541767704595824995e+01
3.541592281381073093e+01
3.541766170435872851e+01
3.541767704595824995e+01
3.541592281381073093e+01
3.541765308000748291e+01
3.541767652676614375e+01
3.541592281381073093e+01
3.541765308000748291e+01
3.541767652676614375e+01
3.541578401739767656e+01
3.541765308000748291e+01
3.541767652676614375e+01
3.541592281381073093e+01
3.541765308000748291e+01
3.541767652676614375e+01
3.541548723806102572e+01
3.541765308000748291e+01
3.541767652676614375e+01
3.541578401739767656e+01
3.541765308000748291e+01
3.541767652676614375e+01
3.541548723806102572e+01
3.541765308000748291e+01
3.541767652676614375e+01
3.541548723806102572e+01
3.541765308000748291e+01
3.541767652676614375e+01
3.541548723806102572e+01
3.541765308000748291e+01
3.541767652676614375e+01
3.541548723806102572e+01
3.541765308000748291e+01
3.541767652676614375e+01
3.541543355158009376e+01
3.541764819794859420e+01
3.541767244458889508e+01
3.541548723806102572e+01
3.541764989515196049e+01
3.541767652676614375e+01
3.541543355158009376e+01
3.541764819794859420e+01
3.541767244458889508e+01
3.541543355158009376e+01
3.541764819794859420e+01
3.541767244458889508e+01
3.541537362064163119e+01
3.541764819794859420e+01
3.541766632714401197e+01
3.541551699696761801e+01
3.541764819794859420e+01
3.541766632714401197e+01
3.541537362064163119e+01
3.541764819794859420e+01
3.541766632714401197e+01
3.541537362064163119e+01
3.541764819794859420e+01
3.541766632714401197e+01
3.541532024909078302e+01
3.541764461181069379e+01
3.541766632714401197e+01
3.541532024909078302e+01
3.541764819794859420e+01
3.541766632714401197e+01
3.541532024909078302e+01
3.541764461181069379e+01
3.541766632714401197e+01
3.541532024909078302e+01
3.541764461181069379e+01
3.541766632714401197e+01
3.541522595495853665e+01
3.541764649762010464e+01
3.541766632714401197e+01
3.541527130020266156e+01
3.541764649762010464e+01
3.541766632714401197e+01
3.541518097366861184e+01
3.541764649762010464e+01
3.541766632714401197e+01
3.541522595495853665e+01
3.541764649762010464e+01
3.541766632714401197e+01
3.541513691259878982e+01
3.541764971157246578e+01
3.541766632714401197e+01
3.541518097366861184e+01
3.541764649762010464e+01
3.541766632714401197e+01
3.541513691259878982e+01
3.541765170060703127e+01
3.541766632714401197e+01
3.541513691259878982e+01
3.541764971157246578e+01
3.541766632714401197e+01
3.541513691259878982e+01
3.541765170060703127e+01
3.541766632714401197e+01
3.541513691259878982e+01
3.541765170060703127e+01
3.541766632714401197e+01
3.541486016816127602e+01
3.541765170060703127e+01
3.541766632714401197e+01
3.541486016816127602e+01
3.541766191670335928e+01
3.541766632714401197e+01
3.541486016816127602e+01
3.541765353046055509e+01
3.541766250289629880e+01
3.541486016816127602e+01
3.541766191670335928e+01
3.541766632714401197e+01
3.541489501471210843e+01
3.541765353046055509e+01
3.541766250289629880e+01
3.541489501471210843e+01
3.541766191670335928e+01
3.541766250289629880e+01
3.541489501471210843e+01
3.541767293675355432e+01
3.541766250289629880e+01
3.541489501471210843e+01
3.541767293675355432e+01
3.541766250289629880e+01
3.541489501471210843e+01
3.541767293675355432e+01
3.541766250289629880e+01
3.541489501471210843e+01
3.541767293675355432e+01
3.541766250289629880e+01
3.541489501471210843e+01
3.541767293675355432e+01
3.541766922251287042e+01
3.541489501471210843e+01
3.541767293675355432e+01
3.541766922251287042e+01
3.541485150244916724e+01
3.541767293675355432e+01
3.541766922251287042e+01
3.541489501471210843e+01
3.541767293675355432e+01
3.541766922251287042e+01
3.541489501471210843e+01
3.541767293675355432e+01
3.541766250289629880e+01
3.541489501471210843e+01
3.541767293675355432e+01
3.541766922251287042e+01
3.541489501471210843e+01
3.541767293675355432e+01
3.541766250289629880e+01
3.541489501471210843e+01
3.541767293675355432e+01
3.541766250289629880e+01
3.541489501471210843e+01
3.541766191670335928e+01
3.541766632714401197e+01
3.541489501471210843e+01
3.541767293675355432e+01
3.541766250289629880e+01
3.541486016816127602e+01
3.541766191670335928e+01
3.541766632714401197e+01
3.541489501471210843e+01
3.541766191670335928e+01
3.541766632714401197e+01
3.541513691259878982e+01
3.541766191670335928e+01
3.541766632714401197e+01
3.541513691259878982e+01
3.541766191670335928e+01
3.541766632714401197e+01
3.541513691259878982e+01
3.541765828271842054e+01
3.541766632714401197e+01
3.541513691259878982e+01
3.541766007308989828e+01
3.541766632714401197e+01
3.541513691259878982e+01
3.541765661307529456e+01
3.541766632714401197e+01
3.541513691259878982e+01
3.541765828271842054e+01
3.541766632714401197e+01
3.541518097366861184e+01
3.541764649762010464e+01
3.541766632714401197e+01
3.541518097366861184e+01
3.541765661307529456e+01
3.541766632714401197e+01
3.541527130020266156e+01
3.541764649762010464e+01
3.541766632714401197e+01
3.541522595495853665e+01
3.541765774222646712e+01
3.541766632714401197e+01
3.541532024909078302e+01
3.541764461181069379e+01
3.541766632714401197e+01
3.541527130020266156e+01
3.541764461181069379e+01
3.541766632714401197e+01
3.541532024909078302e+01
3.541764461181069379e+01
3.541766632714401197e+01
3.541532024909078302e+01
3.541764461181069379e+01
3.541766632714401197e+01
3.541537362064163119e+01
3.541764819794859420e+01
3.541766632714401197e+01
3.541537362064163119e+01
3.541764819794859420e+01
3.541766632714401197e+01
3.541537362064163119e+01
3.541764819794859420e+01
3.541766632714401197e+01
3.541537362064163119e+01
3.541764819794859420e+01
3.541766632714401197e+01
3.541551699696761801e+01
3.541764819794859420e+01
3.541766632714401197e+01
3.541551699696761801e+01
3.541764819794859420e+01
3.541766632714401197e+01
3.541551699696761801e+01
3.541764989515196049e+01
3.541767652676614375e+01
3.541551699696761801e+01
3.541764819794859420e+01
3.541767244458889508e+01
3.541548723806102572e+01
3.541765308000748291e+01
3.541767652676614375e+01
3.541551699696761801e+01
3.541764989515196049e+01
3.541767652676614375e+01
3.541548723806102572e+01
3.541765308000748291e+01
3.541767652676614375e+01
3.541551699696761801e+01
3.541765308000748291e+01
3.541767652676614375e+01
3.541548723806102572e+01
3.541765308000748291e+01
3.541767652676614375e+01
3.541548723806102572e+01
3.541765308000748291e+01
3.541767652676614375e+01
3.541592281381073093e+01
3.541765308000748291e+01
3.541767652676614375e+01
3.541548723806102572e+01
3.541765308000748291e+01
3.541767652676614375e+01
3.541592281381073093e+01
3.541765308000748291e+01
3.541767652676614375e+01
3.541592281381073093e+01
3.541765308000748291e+01
3.541767652676614375e+01
3.541592281381073093e+01
3.541766170435872851e+01
3.541767652676614375e+01
3.541592281381073093e+01
3.541765308000748291e+01
3.541767652676614375e+01
3.541592281381073093e+01
3.541766170435872851e+01
3.541774002502362606e+01
3.541592281381073093e+01
3.541766170435872851e+01
3.541774002502362606e+01
3.541592281381073093e+01
3.541766170435872851e+01
3.541774002502362606e+01
3.541592281381073093e+01
3.541766170435872851e+01
3.541774002502362606e+01
3.541592281381073093e+01
3.541766170435872851e+01
3.541774002502362606e+01
3.541592281381073093e+01
3.541765308000748291e+01
3.541767652676614375e+01
3.541592281381073093e+01
3.541766170435872851e+01
3.541774002502362606e+01
3.541592281381073093e+01
3.541765308000748291e+01
3.541767652676614375e+01
3.541592281381073093e+01
3.541767649921128225e+01
3.541774002502362606e+01
3.541592281381073093e+01
3.541767131426975368e+01
3.541767652676614375e+01
3.541592281381073093e+01
3.541765308000748291e+01
3.541767652676614375e+01
3.541592281381073093e+01
3.541765308000748291e+01
3.541767652676614375e+01
3.541592281381073093e+01
3.541765308000748291e+01
3.541767652676614375e+01
3.541548723806102572e+01
3.541765308000748291e+01
3.541767652676614375e+01
3.541592281381073093e+01
3.541765308000748291e+01
3.541767652676614375e+01
3.541592281381073093e+01
3.541765308000748291e+01
3.541767652676614375e+01
3.541551699696761801e+01
3.541765308000748291e+01
3.541767652676614375e+01
3.541548723806102572e+01
3.541765308000748291e+01
3.541767652676614375e+01
3.541551699696761801e+01
3.541765308000748291e+01
3.541767652676614375e+01
3.541551699696761801e+01
3.541765308000748291e+01
3.541767652676614375e+01
3.541551699696761801e+01
3.541765308000748291e+01
3.541767652676614375e+01
3.541551699696761801e+01
3.541765308000748291e+01
3.541767652676614375e+01
3.541551699696761801e+01
3.541764989515196049e+01
3.541767652676614375e+01
3.541551699696761801e+01
3.541764989515196049e+01
3.541767652676614375e+01
3.541551699696761801e+01
3.541764989515196049e+01
3.541767652676614375e+01
3.541551699696761801e+01
3.541764989515196049e+01
3.541767652676614375e+01
3.541551699696761801e+01
3.541764989515196049e+01
3.541767652676614375e+01
3.541551699696761801e+01
3.541764989515196049e+01
3.541767652676614375e+01
3.541551699696761801e+01
3.541764819794859420e+01
3.541766632714401197e+01
3.541551699696761801e+01
3.541764819794859420e+01
3.541766632714401197e+01
3.541551699696761801e+01
3.541764819794859420e+01
3.541766632714401197e+01
3.541537362064163119e+01
3.541764819794859420e+01
3.541766632714401197e+01
3.541551699696761801e+01
3.541764819794859420e+01
3.541766632714401197e+01
3.541551699696761801e+01
3.541764819794859420e+01
3.541766632714401197e+01
3.541537362064163119e+01
3.541764819794859420e+01
3.541766632714401197e+01
3.541537362064163119e+01
3.541764819794859420e+01
3.541766632714401197e+01
3.541537362064163119e+01
3.541764819794859420e+01
3.541766632714401197e+01
3.541532024909078302e+01
3.541765774222646712e+01
3.541766632714401197e+01
3.541532024909078302e+01
3.541764819794859420e+01
3.541766632714401197e+01
3.541532024909078302e+01
3.541765774222646712e+01
3.541766632714401197e+01
3.541532024909078302e+01
3.541765774222646712e+01
3.541766632714401197e+01
3.541527130020266156e+01
3.541765774222646712e+01
3.541766632714401197e+01
3.541527130020266156e+01
3.541765774222646712e+01
3.541766632714401197e+01
3.541518097366861184e+01
3.541765774222646712e+01
3.541766632714401197e+01
3.541522595495853665e+01
3.541765774222646712e+01
3.541766632714401197e+01
3.541513691259878982e+01
3.541765661307529456e+01
3.541766632714401197e+01
3.541518097366861184e+01
3.541765661307529456e+01
3.541766632714401197e+01
3.541513691259878982e+01
3.541766007308989828e+01
3.541766632714401197e+01
3.541513691259878982e+01
3.541765828271842054e+01
3.541766632714401197e+01
3.541513691259878982e+01
3.541766191670335928e+01
3.541766632714401197e+01
3.541513691259878982e+01
3.541766007308989828e+01
3.541766632714401197e+01
3.541489501471210843e+01
3.541766191670335928e+01
3.541766632714401197e+01
3.541489501471210843e+01
3.541766191670335928e+01
3.541766632714401197e+01
3.541489501471210843e+01
3.541767293675355432e+01
3.541766250289629880e+01
3.541489501471210843e+01
3.541766191670335928e+01
3.541766632714401197e+01
3.541489501471210843e+01
3.541767293675355432e+01
3.541766250289629880e+01
3.541489501471210843e+01
3.541767293675355432e+01
3.541766250289629880e+01
3.541489501471210843e+01
3.541767293675355432e+01
3.541766922251287042e+01
3.541489501471210843e+01
3.541767293675355432e+01
3.541766250289629880e+01
3.541489501471210843e+01
3.541767293675355432e+01
3.541766922251287042e+01
3.541592281381073093e+01
3.541767649921128225e+01
3.541774002502362606e+01
3.541592281381073093e+01
3.541765308000748291e+01
3.541767652676614375e+01
3.541592281381073093e+01
3.541767649921128225e+01
3.541767652676614375e+01
3.541592281381073093e+01
3.541765308000748291e+01
3.541767652676614375e+01
3.541592281381073093e+01
3.541765308000748291e+01
3.541767652676614375e+01
3.541551699696761801e+01
3.541765308000748291e+01
3.541767652676614375e+01
3.541551699696761801e+01
3.541765308000748291e+01
3.541767652676614375e+01
3.541551699696761801e+01
3.541765308000748291e+01
3.541767652676614375e+01
3.541551699696761801e+01
3.541765308000748291e+01
3.541767652676614375e+01
3.541551699696761801e+01
3.541765308000748291e+01
3.541767652676614375e+01
3.541551699696761801e+01
3.541765308000748291e+01
3.541767652676614375e+01
3.541551699696761801e+01
3.541764989515196049e+01
3.541767652676614375e+01
3.541551699696761801e+01
3.541764989515196049e+01
3.541767652676614375e+01
3.541551699696761801e+01
3.541764989515196049e+01
3.541766632714401197e+01
3.541551699696761801e+01
3.541764989515196049e+01
3.541767652676614375e+01
3.541551699696761801e+01
3.541764819794859420e+01
3.541766632714401197e+01
3.541551699696761801e+01
3.541764989515196049e+01
3.541766632714401197e+01
3.541551699696761801e+01
3.541764819794859420e+01
3.541766632714401197e+01
3.541551699696761801e+01
3.541764819794859420e+01
3.541766632714401197e+01
3.541537362064163119e+01
3.541764819794859420e+01
3.541766632714401197e+01
3.541551699696761801e+01
3.541764819794859420e+01
3.541766632714401197e+01
3.541537362064163119e+01
3.541765774222646712e+01
3.541766632714401197e+01
3.541551699696761801e+01
3.541764819794859420e+01
3.541766632714401197e+01
3.541551699696761801e+01
3.541764819794859420e+01
3.541766632714401197e+01
3.541551699696761801e+01
3.541764819794859420e+01
3.541766632714401197e+01
3.541551699696761801e+01
3.541764989515196049e+01
3.541766632714401197e+01
3.541551699696761801e+01
3.541764989515196049e+01
3.541766632714401197e+01
3.541551699696761801e+01
3.541764989515196049e+01
3.541767652676614375e+01
3.541551699696761801e+01
3.541764989515196049e+01
3.541767652676614375e+01
3.541551699696761801e+01
3.541764989515196049e+01
3.541767652676614375e+01
3.541551699696761801e+01
3.541764989515196049e+01
3.541767652676614375e+01
3.541551699696761801e+01
3.541765308000748291e+01
3.541767652676614375e+01
3.541551699696761801e+01
3.541765308000748291e+01
3.541767652676614375e+01
3.541551699696761801e+01
3.541765308000748291e+01
3.541767652676614375e+01
3.541551699696761801e+01
3.541765308000748291e+01
3.541767652676614375e+01
3.541592281381073093e+01
3.541765308000748291e+01
3.541767652676614375e+01
3.541551699696761801e+01
3.541765308000748291e+01
3.541767652676614375e+01
3.541592281381073093e+01
3.541765308000748291e+01
3.541767652676614375e+01
3.541551699696761801e+01
3.541765308000748291e+01
3.541767652676614375e+01
3.541551699696761801e+01
3.541765308000748291e+01
3.541767652676614375e+01
3.541551699696761801e+01
3.541765308000748291e+01
3.541767652676614375e+01
3.541551699696761801e+01
3.541764989515196049e+01
3.541767652676614375e+01
3.541551699696761801e+01
3.541764989515196049e+01
3.541767652676614375e+01
3.541551699696761801e+01
3.541764989515196049e+01
3.541767652676614375e+01
3.541551699696761801e+01
3.541764989515196049e+01
3.541767652676614375e+01
3.541551699696761801e+01
3.541764989515196049e+01
3.541766632714401197e+01
3.541551699696761801e+01
3.541764989515196049e+01
3.541767652676614375e+01
3.541551699696761801e+01
3.541764989515196049e+01
3.541766632714401197e+01
3.541551699696761801e+01
3.541764989515196049e+01
3.541766632714401197e+01
3.541551699696761801e+01
3.541764819794859420e+01
3.541766632714401197e+01
3.541551699696761801e+01
3.541764819794859420e+01
3.541766632714401197e+01
3.541537362064163119e+01
3.541765774222646712e+01
3.541766632714401197e+01
3.541551699696761801e+01
3.541765774222646712e+01
3.541766632714401197e+01
3.541537362064163119e+01
3.541765774222646712e+01
3.541766632714401197e+01
3.541537362064163119e+01
3.541765774222646712e+01
3.541766632714401197e+01
3.541537362064163119e+01
3.541765774222646712e+01
3.541766632714401197e+01
3.541532024909078302e+01
3.541765774222646712e+01
3.541766632714401197e+01
3.541532024909078302e+01
3.541765774222646712e+01
3.541766632714401197e+01
3.541537362064163119e+01
3.541765774222646712e+01
3.541766632714401197e+01
3.541532024909078302e+01
3.541765774222646712e+01
3.541766632714401197e+01
3.541532024909078302e+01
3.541765774222646712e+01
3.541766632714401197e+01
3.541532024909078302e+01
3.541765774222646712e+01
3.541766632714401197e+01
3.541527130020266156e+01
3.541765774222646712e+01
3.541766632714401197e+01
3.541527130020266156e+01
3.541765774222646712e+01
3.541766632714401197e+01
3.541527130020266156e+01
3.541765774222646712e+01
3.541766632714401197e+01
3.541518097366861184e+01
3.541765661307529456e+01
3.541766632714401197e+01
3.541522595495853665e+01
3.541765774222646712e+01
3.541766632714401197e+01
3.541522595495853665e+01
3.541765774222646712e+01
3.541766632714401197e+01
3.541513691259878982e+01
3.541765661307529456e+01
3.541766632714401197e+01
3.541518097366861184e+01
3.541765661307529456e+01
3.541766632714401197e+01
3.541518097366861184e+01
3.541765661307529456e+01
3.541766632714401197e+01
3.541504689691846153e+01
3.541766007308989828e+01
3.541766632714401197e+01
3.541513691259878982e+01
3.541765828271842054e+01
3.541766632714401197e+01
3.541504689691846153e+01
3.541765828271842054e+01
3.541766632714401197e+01
3.541489501471210843e+01
3.541767293675355432e+01
3.541766632714401197e+01
3.541504689691846153e+01
3.541767293675355432e+01
3.541766632714401197e+01
3.541504689691846153e+01
3.541767293675355432e+01
3.541766632714401197e+01
3.541498201271298285e+01
3.541767293675355432e+01
3.541766632714401197e+01
3.541489501471210843e+01
3.541767293675355432e+01
3.541766632714401197e+01
3.541498201271298285e+01
3.541767293675355432e+01
3.541766922251287042e+01
3.541498201271298285e+01
3.541767293675355432e+01
3.541766922251287042e+01
3.541489501471210843e+01
3.541767293675355432e+01
3.541766250289629880e+01
3.541489501471210843e+01
3.541767293675355432e+01
3.541766632714401197e+01
3.541504689691846153e+01
3.541766007308989828e+01
3.541766632714401197e+01
3.541513691259878982e+01
3.541765828271842054e+01
3.541766632714401197e+01
3.541518097366861184e+01
3.541765661307529456e+01
3.541766632714401197e+01
3.541522595495853665e+01
3.541765774222646712e+01
3.541766632714401197e+01
3.541527130020266156e+01
3.541765774222646712e+01
3.541766632714401197e+01
3.541532024909078302e+01
3.541765774222646712e+01
3.541766632714401197e+01
3.541537362064163119e+01
3.541765774222646712e+01
3.541766632714401197e+01
3.541551699696761801e+01
3.541764819794859420e+01
3.541766632714401197e+01
3.541551699696761801e+01
3.541765774222646712e+01
3.541766632714401197e+01
3.541551699696761801e+01
3.541764989515196049e+01
3.541766632714401197e+01
3.541551699696761801e+01
3.541764819794859420e+01
3.541766632714401197e+01
3.541551699696761801e+01
3.541765774222646712e+01
3.541766632714401197e+01
3.541551699696761801e+01
3.541764989515196049e+01
3.541766632714401197e+01
3.541551699696761801e+01
3.541764989515196049e+01
3.541766632714401197e+01
3.541551699696761801e+01
3.541764989515196049e+01
3.541767652676614375e+01
3.541551699696761801e+01
3.541764989515196049e+01
3.541766632714401197e+01
3.541551699696761801e+01
3.541764989515196049e+01
3.541767652676614375e+01
3.541551699696761801e+01
3.541765774222646712e+01
3.541766632714401197e+01
3.541551699696761801e+01
3.541765774222646712e+01
3.541766632714401197e+01
3.541537362064163119e+01
3.541765774222646712e+01
3.541766632714401197e+01
3.541537362064163119e+01
3.541765774222646712e+01
3.541766632714401197e+01
3.541537362064163119e+01
3.541765774222646712e+01
3.541766632714401197e+01
3.541537362064163119e+01
3.541765774222646712e+01
3.541766632714401197e+01
3.541532024909078302e+01
3.541765774222646712e+01
3.541766632714401197e+01
3.541532024909078302e+01
3.541765774222646712e+01
3.541766632714401197e+01
3.541532024909078302e+01
3.541765774222646712e+01
3.541766632714401197e+01
3.541532024909078302e+01
3.541765774222646712e+01
3.541766632714401197e+01
3.541527130020266156e+01
3.541765774222646712e+01
3.541766632714401197e+01
3.541527130020266156e+01
3.541765774222646712e+01
3.541766632714401197e+01
3.541522595495853665e+01
3.541765774222646712e+01
3.541766632714401197e+01
3.541518097366861184e+01
3.541765661307529456e+01
3.541766632714401197e+01
3.541537362064163119e+01
3.541765774222646712e+01
3.541766632714401197e+01
3.541477987677103556e+01
3.541765353046055509e+01
3.541766922251287042e+01
3.541477987677103556e+01
3.541765353046055509e+01
3.541766250289629880e+01
