<<<<<<< HEAD
4.108820759251860011e+01, -8.730802631214894305e+00
4.108860461183441970e+01, -8.730810847058894097e+00
4.108900123539275029e+01, -8.730835688248738791e+00
4.108939706783060331e+01, -8.730877130322275192e+00
4.108979171457360025e+01, -8.730935132266848697e+00
4.109018478222927939e+01, -8.731009636558997755e+00
4.109057587897925856e+01, -8.731100569220625829e+00
4.109096461496978492e+01, -8.731207839891583333e+00
4.109135060270037343e+01, -8.731331341918615152e+00
4.109173345741006500e+01, -8.731470952460574253e+00
4.109211279746094903e+01, -8.731626532609794822e+00
4.109248824471861639e+01, -8.731797927529530767e+00
4.109285942492908106e+01, -8.731984966607305054e+00
4.109322596809182926e+01, -8.732187463624031309e+00
4.109358750882866929e+01, -8.732405216938740722e+00
4.109394368674792730e+01, -8.732638009688738379e+00
4.109429414680371195e+01, -8.732885610004975874e+00
4.109463853964982150e+01, -8.733147771242462554e+00
4.109497652198797368e+01, -8.733424232225438288e+00
4.109530775691001736e+01, -8.733714717507126579e+00
4.109563191423378470e+01, -8.734018937643755365e+00
4.109594867083220748e+01, -8.734336589482609270e+00
4.109625771095541324e+01, -8.734667356463821974e+00
4.109655872654548858e+01, -8.735010908935596063e+00
4.109685141754355442e+01, -8.735366904482551931e+00
4.109713549218884765e+01, -8.735734988266875334e+00
4.109741066730958892e+01, -8.736114793381922539e+00
4.109767666860523860e+01, -8.736505941217929561e+00
4.109793323091991368e+01, -8.736908041839464900e+00
4.109818009850671672e+01, -8.737320694374249186e+00
4.109841702528267149e+01, -8.737743487412945598e+00
4.109864377507401656e+01, -8.738175999419544482e+00
4.109886012185162940e+01, -8.738617799151894516e+00
4.109906584995633949e+01, -8.739068446091991405e+00
4.109926075431388881e+01, -8.739527490885595995e+00
4.109944464063938341e+01, -8.739994475790702211e+00
4.109961732563093051e+01, -8.740468935134455108e+00
4.109977863715237589e+01, -8.740950395778025239e+00
4.109992841440488576e+01, -8.741438377588998776e+00
4.110006650808723805e+01, -8.741932393920778921e+00
4.110019278054465275e+01, -8.742431952098554504e+00
4.110030710590599057e+01, -8.742936553911315301e+00
4.110040937020924900e+01, -8.743445696109445109e+00
4.110049947151514260e+01, -8.743958870907368564e+00
4.110057732000873187e+01, -8.744475566490770291e+00
4.110064283808895169e+01, -8.744995267527858829e+00
4.110069596044594675e+01, -8.745517455684172603e+00
4.110073663412619993e+01, -8.746041610140409261e+00
4.110076481858530428e+01, -8.746567208112741909e+00
4.110078048572837162e+01, -8.747093725375119533e+00
4.110078361993805629e+01, -8.747620636783027592e+00
4.110077421809010900e+01, -8.748147416798152776e+00
4.110075228955650317e+01, -8.748673540013456318e+00
4.110071785619606288e+01, -8.749198481678117645e+00
4.110067095233272738e+01, -8.749721718221810107e+00
4.110061162472128160e+01, -8.750242727777790108e+00
4.110053993250077298e+01, -8.750760990704279152e+00
4.110045594713557193e+01, -8.751275990103600577e+00
4.110035975234411865e+01, -8.751787212338557609e+00
4.110025144401546271e+01, -8.752294147545541136e+00
4.110013113011371644e+01, -8.752796290143821878e+00
4.109999893057038634e+01, -8.753293139340563300e+00
4.109985497716484559e+01, -8.753784199630990415e+00
4.109969941339299027e+01, -8.754268981293265028e+00
4.109953239432417149e+01, -8.754747000877536323e+00
4.109935408644661692e+01, -8.755217781688681811e+00
4.109916466750151187e+01, -8.755680854262269719e+00
4.109896432630576868e+01, -8.756135756833248962e+00
4.109875326256385364e+01, -8.756582035796897756e+00
4.109853168666870005e+01, -8.757019246161576120e+00
4.109829981949196309e+01, -8.757446951992832851e+00
4.109805789216390082e+01, -8.757864726848398007e+00
4.109780614584293090e+01, -8.758272154203654125e+00
4.109754483147526827e+01, -8.758668827867150952e+00
4.109727420954474297e+01, -8.759054352385733822e+00
4.109699454981318922e+01, -8.759428343438905529e+00
4.109670613105150494e+01, -8.759790428222006042e+00
4.109640924076179402e+01, -8.760140245817837013e+00
4.109610417489074763e+01, -8.760477447556375807e+00
4.109579123753465524e+01, -8.760801697362182949e+00
4.109547074063628713e+01, -8.761112672089192088e+00
4.109514300367392536e+01, -8.761410061842545005e+00
4.109480835334288429e+01, -8.761693570287125254e+00
4.109446712322991146e+01, -8.761962914942520442e+00
4.109411965348058970e+01, -8.762217827464098718e+00
4.109376629046033003e+01, -8.762458053909918831e+00
4.109340738640906920e+01, -8.762683354993230367e+00
4.109304329909018350e+01, -8.762893506320297732e+00
4.109267439143381750e+01, -8.763088298613313398e+00
4.109230103117514687e+01, -8.763267537918187244e+00
4.109192359048780219e+01, -8.763431045797021923e+00
4.109154244561287328e+01, -8.763578659505046886e+00
4.109115797648384927e+01, -8.763710232151876056e+00
4.109077056634792768e+01, -8.763825632846927505e+00
4.109038060138394854e+01, -8.763924746828832824e+00
4.108998847031747914e+01, -8.764007475578754480e+00
4.108959456403329114e+01, -8.764073736917472601e+00
4.108919927518573445e+01, -8.764123465086159470e+00
4.108880299780732770e+01, -8.764156610810761805e+00
4.108840612691597727e+01, -8.764173141349948182e+00
4.108800905812122295e+01, -8.764173040526541669e+00
4.108761218722987252e+01, -8.764156308742453660e+00
4.108721590985146577e+01, -8.764122962977081599e+00
4.108682062100390908e+01, -8.764073036769181257e+00
4.108642671471972108e+01, -8.764006580182243766e+00
4.108603458365325167e+01, -8.763923659753416473e+00
4.108564461868927253e+01, -8.763824358426004935e+00
4.108525720855335095e+01, -8.763708775465664402e+00
4.108487273942432694e+01, -8.763577026360321653e+00
4.108449159454939803e+01, -8.763429242703979938e+00
4.108411415386205334e+01, -8.763265572064483422e+00
4.108374079360338271e+01, -8.763086177835415214e+00
4.108337188594701672e+01, -8.762891239072249761e+00
4.108300779862813101e+01, -8.762680950312946138e+00
4.108264889457687019e+01, -8.762455521383158086e+00
4.108229553155661051e+01, -8.762215177186257975e+00
4.108194806180728875e+01, -8.761960157478382527e+00
4.108160683169431593e+01, -8.761690716628748987e+00
4.108127218136327485e+01, -8.761407123365451355e+00
4.108094444440091308e+01, -8.761109660507012009e+00
4.108062394750254498e+01, -8.760798624679964064e+00
4.108031101014645259e+01, -8.760474326022732683e+00
4.108000594427540619e+01, -8.760137087876117334e+00
4.107970905398569528e+01, -8.759787246460689403e+00
4.107942063522401099e+01, -8.759425150541428451e+00
4.107914097549245724e+01, -8.759051161079922210e+00
4.107887035356193195e+01, -8.758665650874483788e+00
4.107860903919426931e+01, -8.758269004188557361e+00
4.107835729287329940e+01, -8.757861616367756952e+00
4.107811536554523713e+01, -8.757443893445936212e+00
4.107788349836850017e+01, -8.757016251740688872e+00
4.107766192247334658e+01, -8.756579117438658244e+00
4.107745085873143154e+01, -8.756132926171092734e+00
4.107725051753568835e+01, -8.755678122580045297e+00
4.107706109859058330e+01, -8.755215159875676889e+00
4.107688279071302873e+01, -8.754744499385068934e+00
4.107671577164420995e+01, -8.754266610093017320e+00
4.107656020787235462e+01, -8.753781968175262662e+00
4.107641625446681388e+01, -8.753291056524592051e+00
4.107628405492348378e+01, -8.752794364270325644e+00
4.107616374102173751e+01, -8.752292386291616211e+00
4.107605543269308157e+01, -8.751785622725080316e+00
4.107595923790162828e+01, -8.751274578467235443e+00
4.107587525253642724e+01, -8.750759762672226216e+00
4.107580356031591862e+01, -8.750241688245344207e+00
4.107574423270447284e+01, -8.749720871332852923e+00
4.107569732884113733e+01, -8.749197830808595810e+00
4.107566289548069705e+01, -8.748673087757929068e+00
4.107564096694709121e+01, -8.748147164959441113e+00
4.107563156509914393e+01, -8.747620586365037809e+00
4.107563469930882860e+01, -8.747093876578832194e+00
4.107565036645189593e+01, -8.746567560335412495e+00
4.107567855091100029e+01, -8.746042161977976903e+00
4.107571922459125346e+01, -8.745518204936848505e+00
4.107577234694824853e+01, -8.744996211208901471e+00
4.107583786502846834e+01, -8.744476700838392347e+00
4.107591571352205762e+01, -8.743960191399725801e+00
4.107600581482795121e+01, -8.743447197482668187e+00
4.107610807913120965e+01, -8.742938230180488546e+00
4.107622240449254747e+01, -8.742433796581574157e+00
4.107634867694996217e+01, -8.741934399264996713e+00
4.107648677063231446e+01, -8.741440535800524714e+00
4.107663654788482432e+01, -8.740952698253593667e+00
4.107679785940626971e+01, -8.740471372695720831e+00
4.107697054439781681e+01, -8.739997038720831668e+00
4.107715443072331141e+01, -8.739530168967995394e+00
4.107734933508086073e+01, -8.739071228651040357e+00
4.107755506318557082e+01, -8.738620675095493340e+00
4.107777140996318366e+01, -8.738178957283340154e+00
4.107799815975452873e+01, -8.737746515406023207e+00
4.107823508653048350e+01, -8.737323780426139663e+00
4.107848195411728653e+01, -8.736911173648261197e+00
4.107873851643196161e+01, -8.736509106299322980e+00
4.107900451772761130e+01, -8.736117979118969146e+00
4.107927969284835257e+01, -8.735738181960291726e+00
4.107956376749364580e+01, -8.735370093401339631e+00
4.107985645849171163e+01, -8.735014080367790257e+00
4.108015747408178697e+01, -8.734670497767163866e+00
4.108046651420499273e+01, -8.734339688134943103e+00
4.108078327080341552e+01, -8.734021981292942272e+00
4.108110742812718286e+01, -8.733717694020290523e+00
4.108143866304922653e+01, -8.733427129737323824e+00
4.108177664538737872e+01, -8.733150578202737435e+00
4.108212103823348826e+01, -8.732888315224275999e+00
4.108247149828927292e+01, -8.732640602383265005e+00
4.108282767620853093e+01, -8.732407686773253630e+00
4.108318921694537096e+01, -8.732189800753047848e+00
4.108355576010811916e+01, -8.731987161714343415e+00
4.108392694031858383e+01, -8.731799971864250054e+00
4.108430238757625119e+01, -8.731628418022879146e+00
4.108468172762713522e+01, -8.731472671436213417e+00
4.108506458233682679e+01, -8.731332887604470017e+00
4.108545057006741530e+01, -8.731209206126095523e+00
4.108583930605794166e+01, -8.731101750557586527e+00
4.108623040280792083e+01, -8.731010628289251230e+00
4.108662347046359997e+01, -8.730935930437066617e+00
4.108701811720659691e+01, -8.730877731750718240e+00
4.108741394964444993e+01, -8.730836090537936300e+00
4.108781057320278052e+01, -8.730811048605204405e+00
4.108820759251860011e+01, -8.730802631214894305e+00
=======
0.000000000000000000e+00, 1.347473487211478353e-02
4.253778383779833593e-04, 1.346801891810377357e-02
8.503316508757022534e-04, 1.344787775067642077e-02
1.274437834291110815e-03, 1.341433144697649037e-02
1.697273630357267046e-03, 1.336741344667257032e-02
2.118417547156966479e-03, 1.330717051862485151e-02
2.537449779275050520e-03, 1.323366271426508305e-02
2.953952626269577570e-03, 1.314696330773628720e-02
3.367510909044703869e-03, 1.304715872285181280e-02
3.777712383710238406e-03, 1.293434844694654577e-02
4.184148152515312392e-03, 1.280864493170619754e-02
4.586413071446559728e-03, 1.267017348107345176e-02
4.984106154084473779e-03, 1.251907212634279822e-02
5.376830971315386606e-03, 1.235549148856843193e-02
5.764196046500640221e-03, 1.217959462842247917e-02
6.145815245709011082e-03, 1.199155688365317017e-02
6.521308162623404292e-03, 1.179156569430494204e-02
6.890300497738151286e-03, 1.157982041587475065e-02
7.252424431468892235e-03, 1.135653212059081762e-02
7.607318990803136650e-03, 1.112192338701184849e-02
7.954630409126020249e-03, 1.087622807815653153e-02
8.294012478862551954e-03, 1.061969110838440269e-02
8.625126896584848352e-03, 1.035256819926050342e-02
8.947643600240371212e-03, 1.007512562464713685e-02
9.261241098164927493e-03, 9.787639945276867953e-03
9.565606789552582104e-03, 9.490397733071285341e-03
9.860437276062918727e-03, 9.183695285480412279e-03
1.014543866425511066e-02, 8.867838330127388383e-03
1.042032685854729981e-02, 8.543141720052957119e-03
1.068482784440924309e-02, 8.209929119863491886e-03
1.093867796150595553e-02, 7.868532683095381605e-03
1.118162416652007315e-02, 7.519292721117442138e-03
1.141342428539092804e-02, 7.162557363901357783e-03
1.163384725471891361e-02, 6.798682212998305961e-03
1.184267335209453903e-02, 6.428029987067701047e-03
1.203969441512244519e-02, 6.050970160311394501e-03
1.222471404892227012e-02, 5.667878594173702753e-03
1.239754782189929350e-02, 5.279137162674514203e-03
1.255802344958988938e-02, 4.885133371748780901e-03
1.270598096639840267e-02, 4.486259972972004434e-03
1.284127288505435005e-02, 4.082914572056665047e-03
1.296376434363094056e-02, 3.675499232509894191e-03
1.307333323997835611e-02, 3.264420074847465981e-03
1.316987035343785209e-02, 2.850086871763651657e-03
1.325327945371527517e-02, 2.432912639660413361e-03
1.332347739680552617e-02, 2.013313226943195654e-03
1.338039420787227873e-02, 1.591706899493680084e-03
1.342397315100046611e-02, 1.168513923732681422e-03
1.345417078575183133e-02, 7.441561476888841750e-04
1.347095701046732708e-02, 3.190565804909302429e-04
1.347431509227309775e-02, -1.063610292978845194e-04
1.346424168376017007e-02, -5.316726160820120809e-04
1.344074682632122146e-02, -9.564542199521101559e-04
1.340385394014110589e-02, -1.380282409298106295e-03
1.335359980085109970e-02, -1.802734702895677273e-03
1.329003450287015442e-02, -2.223389991045318387e-03
1.321322140946970015e-02, -2.641828955344236590e-03
1.312323708961173757e-02, -3.057634486672638433e-03
1.302017124162324971e-02, -3.470392100977697219e-03
1.290412660378295606e-02, -3.879690352440774356e-03
1.277521885190954776e-02, -4.285121243616035573e-03
1.263357648405353910e-02, -4.686280632131608476e-03
1.247934069240759329e-02, -5.082768633547848393e-03
1.231266522256308817e-02, -5.474190019971194275e-03
1.213371622025317259e-02, -5.860154614026197306e-03
1.194267206573506462e-02, -6.240277677793040247e-03
1.173972319597674750e-02, -6.614180296322831609e-03
1.152507191482526373e-02, -6.981489755348383244e-03
1.129893219134582225e-02, -7.341839912813913176e-03
1.106152944653279561e-02, -7.694871563853449871e-03
1.081310032860517169e-02, -8.040232798853953061e-03
1.055389247711044018e-02, -8.377579354246347115e-03
1.028416427607213753e-02, -8.706574955674749317e-03
1.000418459642702165e-02, -9.026891653201807308e-03
9.714232528008655623e-03, -9.338210148216063988e-03
9.414597101344616970e-03, -9.640220111715367551e-03
9.105576999544572753e-03, -9.932620493649211429e-03
8.787480260566459325e-03, -1.021511982301150437e-02
8.460623970157541557e-03, -1.048743649838475116e-02
8.125333945776466033e-03, -1.074929906864591916e-02
7.781944411811300179e-03, -1.100044650355430989e-02
7.430797666417418047e-03, -1.124062845395157849e-02
7.072243740307248422e-03, -1.146960550131463294e-02
6.706640047832035031e-03, -1.168714939641261018e-02
6.334351030703471233e-03, -1.189304328683003786e-02
5.955747794710236805e-03, -1.208708193312942568e-02
5.571207739791703487e-03, -1.226907191343775197e-02
5.181114183837452758e-03, -1.243883181625299143e-02
4.785855980587684286e-03, -1.259619242127841925e-02
4.385827132015327617e-03, -1.274099686810449550e-02
3.981426395576339629e-03, -1.287310081257014155e-02
3.573056886719563896e-03, -1.299237257064763708e-02
3.161125677052505946e-03, -1.309869324970756692e-02
2.746043388563500047e-03, -1.319195686703312533e-02
2.328223784304770359e-03, -1.327207045546557190e-02
1.908083355944450651e-03, -1.333895415607550504e-02
1.486040908598591217e-03, -1.339254129776764300e-02
1.062517143357139546e-03, -1.343277846373976472e-02
6.379342379199358631e-04, -1.345962554472945882e-02
2.127154257607955824e-04, -1.347305577899578048e-02
-2.127154257607982658e-04, -1.347305577899578048e-02
-6.379342379199326105e-04, -1.345962554472945882e-02
-1.062517143357136293e-03, -1.343277846373976472e-02
-1.486040908598587748e-03, -1.339254129776764474e-02
-1.908083355944453037e-03, -1.333895415607550504e-02
-2.328223784304773395e-03, -1.327207045546557190e-02
-2.746043388563497011e-03, -1.319195686703312706e-02
-3.161125677052503344e-03, -1.309869324970756692e-02
-3.573056886719560860e-03, -1.299237257064763708e-02
-3.981426395576336159e-03, -1.287310081257014155e-02
-4.385827132015331087e-03, -1.274099686810449550e-02
-4.785855980587681684e-03, -1.259619242127842098e-02
-5.181114183837450156e-03, -1.243883181625299317e-02
-5.571207739791699150e-03, -1.226907191343775197e-02
-5.955747794710232468e-03, -1.208708193312942568e-02
-6.334351030703472968e-03, -1.189304328683003439e-02
-6.706640047832037634e-03, -1.168714939641261018e-02
-7.072243740307245820e-03, -1.146960550131463467e-02
-7.430797666417416313e-03, -1.124062845395158022e-02
-7.781944411811299311e-03, -1.100044650355431163e-02
-8.125333945776462563e-03, -1.074929906864591916e-02
-8.460623970157543292e-03, -1.048743649838474769e-02
-8.787480260566457591e-03, -1.021511982301150610e-02
-9.105576999544571018e-03, -9.932620493649214899e-03
-9.414597101344613500e-03, -9.640220111715372756e-03
-9.714232528008652154e-03, -9.338210148216069192e-03
-1.000418459642702165e-02, -9.026891653201807308e-03
-1.028416427607213579e-02, -8.706574955674751051e-03
-1.055389247711043671e-02, -8.377579354246348850e-03
-1.081310032860517169e-02, -8.040232798853951326e-03
-1.106152944653279215e-02, -7.694871563853453340e-03
-1.129893219134582225e-02, -7.341839912813912308e-03
-1.152507191482525853e-02, -6.981489755348384112e-03
-1.173972319597674750e-02, -6.614180296322835946e-03
-1.194267206573506636e-02, -6.240277677793037645e-03
-1.213371622025317259e-02, -5.860154614026199908e-03
-1.231266522256308990e-02, -5.474190019971192540e-03
-1.247934069240759156e-02, -5.082768633547853597e-03
-1.263357648405353910e-02, -4.686280632131608476e-03
-1.277521885190954949e-02, -4.285121243616032971e-03
-1.290412660378295606e-02, -3.879690352440776091e-03
-1.302017124162325144e-02, -3.470392100977695050e-03
-1.312323708961173757e-02, -3.057634486672644938e-03
-1.321322140946970015e-02, -2.641828955344237458e-03
-1.329003450287015442e-02, -2.223389991045313183e-03
-1.335359980085109970e-02, -1.802734702895680743e-03
-1.340385394014110762e-02, -1.380282409298104343e-03
-1.344074682632122146e-02, -9.564542199521135169e-04
-1.346424168376017007e-02, -5.316726160820121894e-04
-1.347431509227309775e-02, -1.063610292978908213e-04
-1.347095701046732708e-02, 3.190565804909268818e-04
-1.345417078575183133e-02, 7.441561476888867771e-04
-1.342397315100046611e-02, 1.168513923732678169e-03
-1.338039420787227873e-02, 1.591706899493679651e-03
-1.332347739680552617e-02, 2.013313226943189149e-03
-1.325327945371528038e-02, 2.432912639660409892e-03
-1.316987035343785209e-02, 2.850086871763654692e-03
-1.307333323997835611e-02, 3.264420074847463379e-03
-1.296376434363094056e-02, 3.675499232509894191e-03
-1.284127288505435525e-02, 4.082914572056659842e-03
-1.270598096639840267e-02, 4.486259972972004434e-03
-1.255802344958988938e-02, 4.885133371748784370e-03
-1.239754782189929350e-02, 5.279137162674510733e-03
-1.222471404892226839e-02, 5.667878594173705355e-03
-1.203969441512244866e-02, 6.050970160311388429e-03
-1.184267335209453903e-02, 6.428029987067701047e-03
-1.163384725471891361e-02, 6.798682212998306829e-03
-1.141342428539092804e-02, 7.162557363901349977e-03
-1.118162416652007315e-02, 7.519292721117442138e-03
-1.093867796150596074e-02, 7.868532683095376401e-03
-1.068482784440924309e-02, 8.209929119863488417e-03
-1.042032685854729981e-02, 8.543141720052960589e-03
-1.014543866425511413e-02, 8.867838330127388383e-03
-9.860437276062918727e-03, 9.183695285480414014e-03
-9.565606789552587308e-03, 9.490397733071281872e-03
-9.261241098164927493e-03, 9.787639945276867953e-03
-8.947643600240378151e-03, 1.007512562464712991e-02
-8.625126896584853556e-03, 1.035256819926050169e-02
-8.294012478862550219e-03, 1.061969110838440269e-02
-7.954630409126025453e-03, 1.087622807815652806e-02
-7.607318990803136650e-03, 1.112192338701184849e-02
-7.252424431468898307e-03, 1.135653212059081589e-02
-6.890300497738151286e-03, 1.157982041587474892e-02
-6.521308162623400823e-03, 1.179156569430494204e-02
-6.145815245709013684e-03, 1.199155688365316844e-02
-5.764196046500640221e-03, 1.217959462842247917e-02
-5.376830971315391811e-03, 1.235549148856843020e-02
-4.984106154084474646e-03, 1.251907212634279648e-02
-4.586413071446557993e-03, 1.267017348107345176e-02
-4.184148152515316729e-03, 1.280864493170619407e-02
-3.777712383710237539e-03, 1.293434844694654577e-02
-3.367510909044709941e-03, 1.304715872285181107e-02
-2.953952626269579305e-03, 1.314696330773628720e-02
-2.537449779275047050e-03, 1.323366271426508305e-02
-2.118417547156969949e-03, 1.330717051862484804e-02
-1.697273630357265962e-03, 1.336741344667257032e-02
-1.274437834291116669e-03, 1.341433144697648863e-02
-8.503316508757033376e-04, 1.344787775067641904e-02
-4.253778383779796188e-04, 1.346801891810377357e-02
-3.300358186098918010e-18, 1.347473487211478353e-02
>>>>>>> 81045833337e10eec4f3e80945210b87fcfcb46f
