-1.000204895019531250e+03
-9.993892822265625000e+02
-1.000349731445312500e+03
-9.992136230468750000e+02
-1.000329589843750000e+03
-9.997793579101562500e+02
-9.992946777343750000e+02
-9.986147460937500000e+02
-1.000181701660156250e+03
-9.997762451171875000e+02
-1.000084411621093750e+03
-1.000680908203125000e+03
-9.993804321289062500e+02
-9.999616088867187500e+02
-9.995745849609375000e+02
-1.000612060546875000e+03
-9.999368286132812500e+02
-1.000668212890625000e+03
-9.996853637695312500e+02
-9.997475585937500000e+02
-9.997024536132812500e+02
-1.000128112792968750e+03
-9.997276611328125000e+02
-1.000307800292968750e+03
-1.000219848632812500e+03
-1.000167114257812500e+03
-1.000465942382812500e+03
-9.997569580078125000e+02
-1.000342346191406250e+03
-9.995504150390625000e+02
-9.999188232421875000e+02
-1.000336853027343750e+03
-9.997492675781250000e+02
-9.997639160156250000e+02
-9.993390502929687500e+02
-9.994647827148437500e+02
-9.998686523437500000e+02
-1.000144226074218750e+03
-1.000348815917968750e+03
-9.992518920898437500e+02
-1.001044494628906250e+03
-9.993706054687500000e+02
-9.997438354492187500e+02
-1.000037780761718750e+03
-1.000076538085937500e+03
-1.000256469726562500e+03
-9.996307373046875000e+02
-1.001035400390625000e+03
-9.997195434570312500e+02
-1.000667053222656250e+03
-9.998994140625000000e+02
-9.993504638671875000e+02
-1.000396301269531250e+03
-9.998474121093750000e+02
-1.000201538085937500e+03
-9.996198120117187500e+02
-9.999595336914062500e+02
-9.997272949218750000e+02
-1.000130371093750000e+03
-1.000229736328125000e+03
-1.000020568847656250e+03
-1.000631835937500000e+03
-1.000207641601562500e+03
-9.995798950195312500e+02
-1.000172546386718750e+03
-1.000594116210937500e+03
-9.989902343750000000e+02
-9.994774169921875000e+02
-9.997393188476562500e+02
-9.997676391601562500e+02
-9.996495971679687500e+02
-9.997070922851562500e+02
-9.999818725585937500e+02
-9.997762451171875000e+02
-1.000061096191406250e+03
-9.999017333984375000e+02
-9.994879760742187500e+02
-9.997244262695312500e+02
-1.000123718261718750e+03
-1.000387329101562500e+03
-9.998416748046875000e+02
-1.000434814453125000e+03
-1.000292236328125000e+03
-9.993804931640625000e+02
-1.000529479980468750e+03
-9.997691040039062500e+02
-9.997528686523437500e+02
-9.992280273437500000e+02
-1.000104919433593750e+03
-9.998211669921875000e+02
-1.000712280273437500e+03
-9.998530273437500000e+02
-1.000051147460937500e+03
-1.000457458496093750e+03
-9.997322998046875000e+02
-9.995899047851562500e+02
-9.991813354492187500e+02
-9.991436767578125000e+02
-9.999611816406250000e+02
-9.996702270507812500e+02
-1.000860046386718750e+03
-1.001428771972656250e+03
-1.000140319824218750e+03
-1.000111511230468750e+03
-1.001265747070312500e+03
-9.997959594726562500e+02
-9.999666137695312500e+02
-9.998400878906250000e+02
-9.999921875000000000e+02
-9.998361816406250000e+02
-1.000373840332031250e+03
-9.994708251953125000e+02
-9.999549560546875000e+02
-1.000190490722656250e+03
-9.988585815429687500e+02
-9.998329467773437500e+02
-1.000938842773437500e+03
-9.994437255859375000e+02
-1.000210266113281250e+03
-1.000594055175781250e+03
-1.000404907226562500e+03
-9.996562500000000000e+02
-9.994577026367187500e+02
-1.000086547851562500e+03
-9.991853027343750000e+02
-9.997410888671875000e+02
-9.992776489257812500e+02
-9.996746215820312500e+02
-9.996942749023437500e+02
-9.998432006835937500e+02
-1.000455749511718750e+03
-9.998623046875000000e+02
-9.999918823242187500e+02
-9.999317016601562500e+02
-9.998800659179687500e+02
-1.000642089843750000e+03
-9.998209838867187500e+02
-9.989741821289062500e+02
-1.000987060546875000e+03
-9.995662841796875000e+02
-9.998618774414062500e+02
-1.001002563476562500e+03
-1.000044189453125000e+03
-1.000045654296875000e+03
-1.000781127929687500e+03
-1.000440917968750000e+03
-1.000036987304687500e+03
-9.997554931640625000e+02
-9.999630737304687500e+02
-1.000413391113281250e+03
-9.997112426757812500e+02
-9.994191284179687500e+02
-1.001056518554687500e+03
-9.987093505859375000e+02
-1.000130920410156250e+03
-1.000329711914062500e+03
-1.000471740722656250e+03
-1.000328308105468750e+03
-1.000570739746093750e+03
-9.984449462890625000e+02
-1.000307006835937500e+03
-1.000056762695312500e+03
-1.000061462402343750e+03
-1.000269592285156250e+03
-1.000005615234375000e+03
-1.000051757812500000e+03
-1.000495849609375000e+03
-9.999776611328125000e+02
-1.000312255859375000e+03
-1.000406921386718750e+03
-1.000351623535156250e+03
-9.996548461914062500e+02
-9.994094238281250000e+02
-9.997265625000000000e+02
-1.000322631835937500e+03
-9.996500244140625000e+02
-9.998365478515625000e+02
-9.987268066406250000e+02
-9.996708374023437500e+02
-1.000762329101562500e+03
-1.000670532226562500e+03
-9.997482299804687500e+02
-9.995299072265625000e+02
-9.997821044921875000e+02
-1.000839843750000000e+03
-1.000313537597656250e+03
-9.996350097656250000e+02
-1.000199829101562500e+03
-9.991771850585937500e+02
-9.995608520507812500e+02
-1.000720947265625000e+03
-1.000076904296875000e+03
-9.997590942382812500e+02
-9.989190063476562500e+02
-1.000541442871093750e+03
-9.999044799804687500e+02
-1.000044555664062500e+03
-1.000047790527343750e+03
-1.000735168457031250e+03
-1.000558959960937500e+03
-9.999403076171875000e+02
-9.996651000976562500e+02
-9.997283325195312500e+02
-1.000646301269531250e+03
-9.993106689453125000e+02
-1.000657104492187500e+03
-9.994043579101562500e+02
-9.998747558593750000e+02
-9.997806396484375000e+02
-1.000397888183593750e+03
-9.996041870117187500e+02
-1.000517578125000000e+03
-9.995602416992187500e+02
-9.998529052734375000e+02
-9.994600830078125000e+02
-9.998597412109375000e+02
-1.000437500000000000e+03
-9.993569946289062500e+02
-9.999815063476562500e+02
-9.996031494140625000e+02
-9.997155761718750000e+02
-1.000033020019531250e+03
-1.000002563476562500e+03
-1.000711853027343750e+03
-1.000252685546875000e+03
-9.993807983398437500e+02
-9.999356689453125000e+02
-9.993320922851562500e+02
-9.996820068359375000e+02
-9.991434326171875000e+02
-9.993735961914062500e+02
-1.000234558105468750e+03
-9.991051025390625000e+02
-9.996755981445312500e+02
-1.000209716796875000e+03
-9.988013305664062500e+02
-9.996271362304687500e+02
-1.000121276855468750e+03
-9.994324951171875000e+02
-9.996977539062500000e+02
-9.999742431640625000e+02
-1.000295043945312500e+03
-9.992039794921875000e+02
-9.998360595703125000e+02
-9.999621582031250000e+02
-9.998489990234375000e+02
-1.000594543457031250e+03
-9.996824340820312500e+02
-1.001605590820312500e+03
-1.000354980468750000e+03
-9.993088989257812500e+02
-1.000292175292968750e+03
-9.994982299804687500e+02
-1.000152038574218750e+03
-1.000163696289062500e+03
-1.000169738769531250e+03
-9.996820068359375000e+02
-1.000702697753906250e+03
-9.995195312500000000e+02
-9.985543823242187500e+02
-1.000521850585937500e+03
-1.000655517578125000e+03
-9.999130859375000000e+02
-1.000156494140625000e+03
-1.000372375488281250e+03
-9.999212646484375000e+02
-9.999793701171875000e+02
-9.996378784179687500e+02
-9.990552978515625000e+02
-1.000020751953125000e+03
-9.997708740234375000e+02
-1.000604797363281250e+03
-9.997170410156250000e+02
-9.997533569335937500e+02
-1.000364929199218750e+03
-1.000364929199218750e+03
-9.998689575195312500e+02
-1.000732482910156250e+03
-9.998509521484375000e+02
-1.000238281250000000e+03
-1.000865844726562500e+03
-9.997239379882812500e+02
-9.999761352539062500e+02
-9.998037719726562500e+02
-9.996662597656250000e+02
-9.992211303710937500e+02
-9.996880493164062500e+02
-1.000452270507812500e+03
-9.991218261718750000e+02
-9.998992919921875000e+02
-1.000160888671875000e+03
-9.997904663085937500e+02
-9.994642944335937500e+02
-1.000088256835937500e+03
-9.997998657226562500e+02
-1.000070129394531250e+03
-1.000419006347656250e+03
-1.000043884277343750e+03
-9.994312744140625000e+02
-9.994555664062500000e+02
-1.000186767578125000e+03
-1.000347961425781250e+03
-9.991630859375000000e+02
-1.000028564453125000e+03
-1.000521179199218750e+03
-1.000671386718750000e+03
-1.000313842773437500e+03
-1.000381042480468750e+03
-9.995318603515625000e+02
-1.001062622070312500e+03
-9.991734008789062500e+02
-1.000352844238281250e+03
-9.996841430664062500e+02
-1.000101379394531250e+03
-9.996411132812500000e+02
-1.000179504394531250e+03
-9.997847290039062500e+02
-9.998948974609375000e+02
-9.996384277343750000e+02
-1.000760986328125000e+03
-1.000394348144531250e+03
-9.998081054687500000e+02
-9.997457885742187500e+02
-9.994844970703125000e+02
-9.996919555664062500e+02
-1.000274658203125000e+03
-9.999006347656250000e+02
-1.000188659667968750e+03
-1.000256347656250000e+03
-9.996398925781250000e+02
-9.994860839843750000e+02
-1.000254760742187500e+03
-9.991661987304687500e+02
-9.994886474609375000e+02
-1.000268249511718750e+03
-1.000549438476562500e+03
-9.999802856445312500e+02
-1.000499267578125000e+03
-9.998142700195312500e+02
-1.000252075195312500e+03
-9.993458251953125000e+02
-1.000057861328125000e+03
-9.992464599609375000e+02
-1.000463500976562500e+03
-9.991624145507812500e+02
-1.000214721679687500e+03
-1.000135314941406250e+03
-1.000039123535156250e+03
-1.000191772460937500e+03
-1.000073913574218750e+03
-9.997033081054687500e+02
-1.000959167480468750e+03
-1.000767150878906250e+03
-1.000612182617187500e+03
-1.000004394531250000e+03
-1.000957336425781250e+03
-9.999671020507812500e+02
-1.000338989257812500e+03
-1.000520263671875000e+03
-1.000036743164062500e+03
-1.000364624023437500e+03
-9.994224853515625000e+02
-9.994119262695312500e+02
-1.000124023437500000e+03
-1.000124023437500000e+03
-1.000124023437500000e+03
-1.000124023437500000e+03
-1.000124023437500000e+03
-1.000124023437500000e+03
-1.000124023437500000e+03
-1.000124023437500000e+03
-1.000124023437500000e+03
-1.000124023437500000e+03
-1.000124023437500000e+03
-1.000124023437500000e+03
-1.000124023437500000e+03
-1.000124023437500000e+03
-1.000124023437500000e+03
-1.000124023437500000e+03
-1.000124023437500000e+03
-1.000124023437500000e+03
-1.000124023437500000e+03
-1.000124023437500000e+03
-1.000124023437500000e+03
-1.000124023437500000e+03
-1.000124023437500000e+03
-1.000124023437500000e+03
-1.000124023437500000e+03
-1.000124023437500000e+03
-1.000124023437500000e+03
-1.000124023437500000e+03
-1.000124023437500000e+03
-1.000124023437500000e+03
-1.000124023437500000e+03
-1.000124023437500000e+03
-1.000124023437500000e+03
-1.000124023437500000e+03
-1.000124023437500000e+03
-1.000124023437500000e+03
-1.000124023437500000e+03
-1.000124023437500000e+03
-1.000124023437500000e+03
-1.000124023437500000e+03
-1.000124023437500000e+03
-1.000124023437500000e+03
-1.000124023437500000e+03
-1.000124023437500000e+03
-1.000124023437500000e+03
-1.000124023437500000e+03
-1.000124023437500000e+03
-1.000124023437500000e+03
-1.000124023437500000e+03
-1.000124023437500000e+03
-1.000124023437500000e+03
-1.000124023437500000e+03
-1.000124023437500000e+03
-1.000124023437500000e+03
-1.000124023437500000e+03
-1.000124023437500000e+03
-1.000124023437500000e+03
-1.000124023437500000e+03
-1.000124023437500000e+03
-1.000124023437500000e+03
-1.000124023437500000e+03
-1.000124023437500000e+03
-1.000124023437500000e+03
-1.000124023437500000e+03
-1.000124023437500000e+03
-1.000124023437500000e+03
-1.000124023437500000e+03
-1.000124023437500000e+03
-1.000124023437500000e+03
-1.000124023437500000e+03
-1.000124023437500000e+03
-1.000124023437500000e+03
-1.000124023437500000e+03
-1.000124023437500000e+03
-1.000124023437500000e+03
-1.000124023437500000e+03
-1.000124023437500000e+03
-1.000124023437500000e+03
-1.000124023437500000e+03
-1.000124023437500000e+03
-1.000124023437500000e+03
-1.000124023437500000e+03
-1.000124023437500000e+03
-1.000124023437500000e+03
-1.000124023437500000e+03
-1.000124023437500000e+03
-1.000124023437500000e+03
-1.000124023437500000e+03
-1.000124023437500000e+03
-1.000124023437500000e+03
-1.000124023437500000e+03
-1.000124023437500000e+03
-1.000124023437500000e+03
-1.000124023437500000e+03
-1.000124023437500000e+03
-1.000124023437500000e+03
-1.000124023437500000e+03
-1.000124023437500000e+03
-1.000124023437500000e+03
-1.000124023437500000e+03
-1.000124023437500000e+03
-1.000124023437500000e+03
-1.000124023437500000e+03
-1.000124023437500000e+03
-1.000124023437500000e+03
-1.000124023437500000e+03
-1.000124023437500000e+03
-1.000124023437500000e+03
-1.000124023437500000e+03
-1.000124023437500000e+03
-1.000124023437500000e+03
-1.000124023437500000e+03
-1.000124023437500000e+03
-1.000124023437500000e+03
-1.000124023437500000e+03
-1.000124023437500000e+03
-1.000124023437500000e+03
-1.000124023437500000e+03
-1.000124023437500000e+03
-1.000124023437500000e+03
-1.000124023437500000e+03
-1.000124023437500000e+03
-1.000124023437500000e+03
-1.000124023437500000e+03
-1.000124023437500000e+03
-1.000124023437500000e+03
-1.000124023437500000e+03
-1.000124023437500000e+03
-1.000124023437500000e+03
-1.000124023437500000e+03
-1.000124023437500000e+03
-1.000124023437500000e+03
-1.000124023437500000e+03
-1.000124023437500000e+03
-1.000124023437500000e+03
-1.000124023437500000e+03
-1.000124023437500000e+03
-1.000124023437500000e+03
-1.000124023437500000e+03
-1.000124023437500000e+03
-1.000124023437500000e+03
-1.000124023437500000e+03
-1.000124023437500000e+03
-1.000124023437500000e+03
-1.000124023437500000e+03
-1.000124023437500000e+03
-1.000124023437500000e+03
-1.000124023437500000e+03
-1.000124023437500000e+03
-1.000124023437500000e+03
-1.000124023437500000e+03
-1.000124023437500000e+03
-1.000124023437500000e+03
-1.000124023437500000e+03
-1.000124023437500000e+03
-1.000124023437500000e+03
-1.000124023437500000e+03
-1.000124023437500000e+03
-1.000124023437500000e+03
-1.000124023437500000e+03
-1.000124023437500000e+03
-1.000124023437500000e+03
-1.000124023437500000e+03
-1.000124023437500000e+03
-1.000124023437500000e+03
-1.000124023437500000e+03
-1.000124023437500000e+03
-1.000124023437500000e+03
-1.000124023437500000e+03
-1.000124023437500000e+03
-1.000124023437500000e+03
-1.000124023437500000e+03
-1.000124023437500000e+03
-1.000124023437500000e+03
-1.000124023437500000e+03
-1.000124023437500000e+03
-1.000124023437500000e+03
-1.000124023437500000e+03
-1.000124023437500000e+03
-1.000124023437500000e+03
-1.000124023437500000e+03
-1.000124023437500000e+03
-1.000124023437500000e+03
-1.000124023437500000e+03
-1.000124023437500000e+03
-1.000124023437500000e+03
-1.000124023437500000e+03
-1.000124023437500000e+03
-1.000124023437500000e+03
-1.000124023437500000e+03
-1.000124023437500000e+03
-1.000124023437500000e+03
-1.000124023437500000e+03
-1.000124023437500000e+03
-1.000124023437500000e+03
-1.000124023437500000e+03
-1.000124023437500000e+03
-1.000124023437500000e+03
-1.000124023437500000e+03
-1.000124023437500000e+03
-1.000124023437500000e+03
-1.000124023437500000e+03
-1.000124023437500000e+03
-1.000124023437500000e+03
-1.000124023437500000e+03
-1.000124023437500000e+03
-1.000124023437500000e+03
-1.000124023437500000e+03
-1.000124023437500000e+03
-1.000124023437500000e+03
-1.000124023437500000e+03
-1.000124023437500000e+03
-1.000124023437500000e+03
-1.000124023437500000e+03
-1.000124023437500000e+03
-1.000124023437500000e+03
-1.000124023437500000e+03
-1.000124023437500000e+03
-1.000124023437500000e+03
-1.000124023437500000e+03
-1.000124023437500000e+03
-1.000124023437500000e+03
-1.000124023437500000e+03
-1.000124023437500000e+03
-1.000124023437500000e+03
-1.000124023437500000e+03
-1.000124023437500000e+03
-1.000124023437500000e+03
-1.000124023437500000e+03
-1.000124023437500000e+03
-1.000124023437500000e+03
-1.000124023437500000e+03
-1.000124023437500000e+03
-1.000124023437500000e+03
-1.000124023437500000e+03
-1.000124023437500000e+03
-1.000124023437500000e+03
-1.000124023437500000e+03
-1.000124023437500000e+03
-1.000124023437500000e+03
-1.000124023437500000e+03
-1.000124023437500000e+03
-1.000124023437500000e+03
-1.000124023437500000e+03
-1.000124023437500000e+03
-1.000124023437500000e+03
-1.000124023437500000e+03
-1.000124023437500000e+03
-1.000124023437500000e+03
-1.000124023437500000e+03
-1.000124023437500000e+03
-1.000124023437500000e+03
-1.000124023437500000e+03
-1.000124023437500000e+03
-1.000124023437500000e+03
-1.000124023437500000e+03
-1.000124023437500000e+03
-1.000124023437500000e+03
-1.000124023437500000e+03
-1.000124023437500000e+03
-1.000124023437500000e+03
-1.000124023437500000e+03
-1.000124023437500000e+03
-1.000124023437500000e+03
-1.000124023437500000e+03
-1.000124023437500000e+03
-1.000124023437500000e+03
-1.000124023437500000e+03
-1.000124023437500000e+03
-1.000124023437500000e+03
-1.000124023437500000e+03
-1.000124023437500000e+03
-1.000124023437500000e+03
-1.000124023437500000e+03
-1.000124023437500000e+03
-1.000124023437500000e+03
-1.000124023437500000e+03
-1.000124023437500000e+03
-1.000124023437500000e+03
-1.000124023437500000e+03
-1.000124023437500000e+03
-1.000124023437500000e+03
-1.000124023437500000e+03
-1.000124023437500000e+03
-1.000124023437500000e+03
-1.000124023437500000e+03
-1.000124023437500000e+03
-1.000124023437500000e+03
-1.000124023437500000e+03
-1.000124023437500000e+03
-1.000124023437500000e+03
-1.000124023437500000e+03
-1.000124023437500000e+03
-1.000124023437500000e+03
-1.000124023437500000e+03
-1.000124023437500000e+03
-1.000124023437500000e+03
-1.000124023437500000e+03
-1.000124023437500000e+03
-1.000124023437500000e+03
-1.000124023437500000e+03
-1.000124023437500000e+03
-1.000124023437500000e+03
-1.000124023437500000e+03
-1.000124023437500000e+03
-1.000124023437500000e+03
-1.000124023437500000e+03
-1.000124023437500000e+03
-1.000124023437500000e+03
-1.000124023437500000e+03
-1.000124023437500000e+03
-1.000124023437500000e+03
-1.000124023437500000e+03
-1.000124023437500000e+03
-1.000124023437500000e+03
-1.000124023437500000e+03
-1.000124023437500000e+03
-1.000124023437500000e+03
-1.000124023437500000e+03
-1.000124023437500000e+03
-1.000124023437500000e+03
-1.000124023437500000e+03
-1.000124023437500000e+03
-1.000124023437500000e+03
-1.000124023437500000e+03
-1.000124023437500000e+03
-1.000124023437500000e+03
-1.000124023437500000e+03
-1.000124023437500000e+03
-1.000124023437500000e+03
-1.000124023437500000e+03
-1.000124023437500000e+03
-1.000124023437500000e+03
-1.000124023437500000e+03
-1.000124023437500000e+03
-1.000124023437500000e+03
-1.000124023437500000e+03
-1.000124023437500000e+03
-1.000124023437500000e+03
-1.000124023437500000e+03
-1.000124023437500000e+03
-1.000124023437500000e+03
-1.000124023437500000e+03
-1.000124023437500000e+03
-1.000124023437500000e+03
-1.000124023437500000e+03
-1.000124023437500000e+03
-1.000124023437500000e+03
-1.000124023437500000e+03
-1.000124023437500000e+03
-1.000124023437500000e+03
-1.000124023437500000e+03
-1.000124023437500000e+03
-1.000124023437500000e+03
-1.000124023437500000e+03
-1.000124023437500000e+03
-1.000124023437500000e+03
-1.000124023437500000e+03
-1.000124023437500000e+03
-1.000124023437500000e+03
-1.000124023437500000e+03
-1.000124023437500000e+03
-1.000124023437500000e+03
-1.000124023437500000e+03
-1.000124023437500000e+03
-1.000124023437500000e+03
-1.000124023437500000e+03
-1.000124023437500000e+03
-1.000124023437500000e+03
-1.000124023437500000e+03
-1.000124023437500000e+03
-1.000124023437500000e+03
-1.000124023437500000e+03
-1.000124023437500000e+03
-1.000124023437500000e+03
-1.000124023437500000e+03
-1.000124023437500000e+03
-1.000124023437500000e+03
-1.000124023437500000e+03
-1.000124023437500000e+03
-1.000124023437500000e+03
-1.000124023437500000e+03
-1.000124023437500000e+03
-1.000124023437500000e+03
-1.000124023437500000e+03
-1.000124023437500000e+03
-1.000124023437500000e+03
-1.000124023437500000e+03
-1.000124023437500000e+03
-1.000124023437500000e+03
-1.000124023437500000e+03
-1.000124023437500000e+03
-1.000124023437500000e+03
-1.000124023437500000e+03
-1.000124023437500000e+03
-1.000124023437500000e+03
-1.000124023437500000e+03
-1.000124023437500000e+03
-1.000124023437500000e+03
-1.000124023437500000e+03
-1.000124023437500000e+03
-1.000124023437500000e+03
-1.000124023437500000e+03
-1.000124023437500000e+03
-1.000124023437500000e+03
-1.000124023437500000e+03
-1.000124023437500000e+03
-1.000124023437500000e+03
-1.000124023437500000e+03
-1.000124023437500000e+03
-1.000124023437500000e+03
-1.000124023437500000e+03
-1.000124023437500000e+03
-1.000124023437500000e+03
-1.000124023437500000e+03
-1.000124023437500000e+03
-1.000124023437500000e+03
-1.000124023437500000e+03
-1.000124023437500000e+03
-1.000124023437500000e+03
-1.000124023437500000e+03
-1.000124023437500000e+03
-1.000124023437500000e+03
-1.000124023437500000e+03
-1.000124023437500000e+03
-1.000124023437500000e+03
-1.000124023437500000e+03
-1.000124023437500000e+03
-1.000124023437500000e+03
-1.000124023437500000e+03
-1.000124023437500000e+03
-1.000124023437500000e+03
-1.000124023437500000e+03
-1.000124023437500000e+03
-1.000124023437500000e+03
-1.000124023437500000e+03
-1.000124023437500000e+03
-1.000124023437500000e+03
-1.000124023437500000e+03
-1.000124023437500000e+03
-1.000124023437500000e+03
-1.000124023437500000e+03
