0.000000000000000000e+00
-1.000425354003906250e+03
-9.999557495117187500e+02
-1.000805236816406250e+03
-1.000739685058593750e+03
-1.000192626953125000e+03
-1.000100830078125000e+03
-1.001121093750000000e+03
-9.997036743164062500e+02
-9.992952880859375000e+02
-9.991786499023437500e+02
-9.995645751953125000e+02
-1.000142822265625000e+03
-1.000211425781250000e+03
-9.998088378906250000e+02
-9.999442138671875000e+02
-9.994204101562500000e+02
-9.997329101562500000e+02
-1.000047851562500000e+03
-1.000397583007812500e+03
-9.996231079101562500e+02
-1.000815734863281250e+03
-1.000644348144531250e+03
-9.986137695312500000e+02
-9.996189575195312500e+02
-9.998950195312500000e+02
-9.993425903320312500e+02
-1.000403137207031250e+03
-1.000020690917968750e+03
-1.000389892578125000e+03
-9.992092895507812500e+02
-9.999885253906250000e+02
-1.000346496582031250e+03
-1.000949340820312500e+03
-1.000051513671875000e+03
-1.000722167968750000e+03
-9.998958740234375000e+02
-9.996436767578125000e+02
-1.000213073730468750e+03
-1.000003723144531250e+03
-1.000193603515625000e+03
-9.999218139648437500e+02
-1.000148254394531250e+03
-1.000289184570312500e+03
-1.000142395019531250e+03
-9.994531860351562500e+02
-1.000161437988281250e+03
-9.995961303710937500e+02
-9.999776000976562500e+02
-9.998863525390625000e+02
-1.000182556152343750e+03
-9.996379394531250000e+02
-9.995065917968750000e+02
-9.999828491210937500e+02
-1.000077087402343750e+03
-9.994172363281250000e+02
-9.995509643554687500e+02
-1.000877441406250000e+03
-1.000725891113281250e+03
-9.991487426757812500e+02
-1.000209045410156250e+03
-1.000306884765625000e+03
-1.000207702636718750e+03
-9.990062255859375000e+02
-1.000273071289062500e+03
-9.999662475585937500e+02
-1.000191467285156250e+03
-9.998107299804687500e+02
-1.000247680664062500e+03
-1.000008972167968750e+03
-1.000509704589843750e+03
-1.001106140136718750e+03
-9.993374023437500000e+02
-1.000015441894531250e+03
-9.996360473632812500e+02
-9.997656860351562500e+02
-1.000095275878906250e+03
-1.000481384277343750e+03
-9.989831542968750000e+02
-9.991638793945312500e+02
-1.000576416015625000e+03
-1.001033081054687500e+03
-9.997166748046875000e+02
-9.995560913085937500e+02
-9.999337768554687500e+02
-1.000377197265625000e+03
-9.996698608398437500e+02
-9.999517211914062500e+02
-9.998778686523437500e+02
-9.995521240234375000e+02
-1.000355895996093750e+03
-9.999478149414062500e+02
-1.000516601562500000e+03
-9.994984741210937500e+02
-9.990004882812500000e+02
-1.000312133789062500e+03
-9.997382202148437500e+02
-9.992946777343750000e+02
-9.995389404296875000e+02
-9.990856933593750000e+02
-9.999014282226562500e+02
-9.997534179687500000e+02
-1.000675964355468750e+03
-1.000198181152343750e+03
-9.994767456054687500e+02
-1.000339233398437500e+03
-9.999845581054687500e+02
-1.000153442382812500e+03
-9.993642578125000000e+02
-9.995548706054687500e+02
-1.000327453613281250e+03
-1.000591247558593750e+03
-1.000754333496093750e+03
-9.993489379882812500e+02
-9.993139648437500000e+02
-1.000410827636718750e+03
-1.001375732421875000e+03
-1.000145141601562500e+03
-9.999760131835937500e+02
-9.998498535156250000e+02
-9.992758178710937500e+02
