1.635272060915570974e+09
1.635272061884319067e+09
1.635272062884437084e+09
1.635272063884422064e+09
1.635272064884301901e+09
1.635272065884428978e+09
1.635272066884263992e+09
1.635272067884252071e+09
1.635272068884002924e+09
1.635272069884212971e+09
1.635272070884378910e+09
1.635272071884377003e+09
1.635272072884377956e+09
1.635272073884331942e+09
1.635272074884462118e+09
1.635272075884301901e+09
1.635272076884391069e+09
1.635272077884393930e+09
1.635272078884412050e+09
1.635272079884322882e+09
1.635272080884428024e+09
1.635272081884684086e+09
1.635272082884422064e+09
1.635272083884280920e+09
1.635272084884399891e+09
1.635272085884342909e+09
1.635272086884407997e+09
1.635272087884340048e+09
1.635272088884176016e+09
1.635272089884126902e+09
1.635272090884322882e+09
1.635272091884538889e+09
1.635272092884329081e+09
1.635272093884390116e+09
1.635272094884404898e+09
1.635272095884435892e+09
1.635272096884432077e+09
1.635272097884429932e+09
1.635272098884573936e+09
1.635272099884551048e+09
1.635272100884413958e+09
1.635272101884423971e+09
1.635272102884533882e+09
1.635272103884432077e+09
1.635272104884429932e+09
1.635272105884449959e+09
1.635272106884459972e+09
1.635272107884325027e+09
1.635272108883838892e+09
1.635272109884393930e+09
1.635272110884418964e+09
1.635272111884470940e+09
1.635272112884421110e+09
1.635272113884432077e+09
1.635272114884428024e+09
1.635272115884330988e+09
1.635272116884390116e+09
1.635272117884294033e+09
1.635272118884212971e+09
1.635272119884392023e+09
1.635272120884422064e+09
1.635272121884381056e+09
1.635272122884404898e+09
1.635272123884453058e+09
1.635272124884350061e+09
1.635272125884190083e+09
1.635272126884357929e+09
1.635272127884417057e+09
1.635272128884243965e+09
1.635272129884424925e+09
1.635272130884409904e+09
1.635272131884720087e+09
1.635272132885405064e+09
1.635272133884505987e+09
1.635272134884470940e+09
1.635272135884517908e+09
1.635272136884519100e+09
1.635272137884413004e+09
1.635272138884370089e+09
1.635272139884382010e+09
1.635272140884313107e+09
1.635272141884460926e+09
1.635272142883903027e+09
1.635272143884207964e+09
1.635272144884305000e+09
1.635272145884238005e+09
1.635272146884380102e+09
1.635272147884426117e+09
1.635272148884212017e+09
1.635272149884279013e+09
1.635272150884383917e+09
1.635272151884295940e+09
1.635272152884449005e+09
1.635272153884432077e+09
1.635272154884421110e+09
1.635272155884449005e+09
1.635272156884418011e+09
1.635272157884418964e+09
1.635272158884320974e+09
1.635272159884294033e+09
1.635272160884344101e+09
1.635272161884404898e+09
1.635272162884449959e+09
1.635272163884433031e+09
1.635272164884475946e+09
1.635272165884401083e+09
1.635272166884435892e+09
1.635272167884398937e+09
1.635272168884413958e+09
1.635272169884484053e+09
1.635272170884373903e+09
1.635272171884175062e+09
1.635272172884377956e+09
1.635272173884474993e+09
1.635272174884511948e+09
1.635272175884469986e+09
1.635272176884438038e+09
1.635272177884439945e+09
1.635272178884344101e+09
1.635272179884430885e+09
1.635272180884290934e+09
