0.000000000000000000e+00
3.536922836303710938e+01
3.540091323852539062e+01
3.531637954711914062e+01
3.706927490234375000e+01
3.546476364135742188e+01
3.539070129394531250e+01
3.556812286376953125e+01
3.536484909057617188e+01
3.508823776245117188e+01
3.551823425292968750e+01
3.553246307373046875e+01
3.520372390747070312e+01
3.457180404663085938e+01
3.518158340454101562e+01
3.511797332763671875e+01
3.602975845336914062e+01
3.555553054809570312e+01
3.525460052490234375e+01
3.500596618652343750e+01
3.584357452392578125e+01
3.490122985839843750e+01
3.552622604370117188e+01
3.582249450683593750e+01
3.518022918701171875e+01
3.576569747924804688e+01
3.555949020385742188e+01
3.512697219848632812e+01
3.461815261840820312e+01
3.656736755371093750e+01
3.449926757812500000e+01
3.627779388427734375e+01
3.558559799194335938e+01
3.479272079467773438e+01
3.547275924682617188e+01
3.521472930908203125e+01
3.484035873413085938e+01
3.525271606445312500e+01
3.578982925415039062e+01
3.525247955322265625e+01
3.463557434082031250e+01
3.569218444824218750e+01
3.563662719726562500e+01
3.528459167480468750e+01
3.544969558715820312e+01
3.539139556884765625e+01
3.509992599487304688e+01
3.549642562866210938e+01
3.505000305175781250e+01
3.553244400024414062e+01
3.490060424804687500e+01
3.610887145996093750e+01
3.585873031616210938e+01
3.511422729492187500e+01
3.455049133300781250e+01
3.537287521362304688e+01
3.477328109741210938e+01
3.572276306152343750e+01
3.542783737182617188e+01
3.503475570678710938e+01
3.591214752197265625e+01
3.481517410278320312e+01
3.546883773803710938e+01
3.540514755249023438e+01
3.505306243896484375e+01
3.513552474975585938e+01
3.580265045166015625e+01
3.541332244873046875e+01
3.550904464721679688e+01
3.607400894165039062e+01
3.569973754882812500e+01
3.536086654663085938e+01
3.543903732299804688e+01
3.560015106201171875e+01
3.485771942138671875e+01
3.590008544921875000e+01
3.584051513671875000e+01
3.550848770141601562e+01
3.583412933349609375e+01
3.555241012573242188e+01
3.550990295410156250e+01
3.529240417480468750e+01
3.607143402099609375e+01
3.530739212036132812e+01
3.513722991943359375e+01
3.588897323608398438e+01
3.619610977172851562e+01
3.559439468383789062e+01
3.550378036499023438e+01
3.629809188842773438e+01
3.505562973022460938e+01
3.540798187255859375e+01
3.535363006591796875e+01
3.486080169677734375e+01
3.538433074951171875e+01
3.609756088256835938e+01
3.573231506347656250e+01
3.499119567871093750e+01
3.490998458862304688e+01
3.589077377319335938e+01
3.512704849243164062e+01
3.581441879272460938e+01
3.471814346313476562e+01
3.548442840576171875e+01
3.509313964843750000e+01
3.535690689086914062e+01
3.555749893188476562e+01
3.576805877685546875e+01
3.636685943603515625e+01
3.534820175170898438e+01
3.540835571289062500e+01
3.648626327514648438e+01
3.501958465576171875e+01
3.590071487426757812e+01
3.630965423583984375e+01
3.574820709228515625e+01
3.520877838134765625e+01
3.501567840576171875e+01
3.424282073974609375e+01
3.519766998291015625e+01
3.571973037719726562e+01
