1.635180669578598976e+09
1.635180669582998037e+09
1.635180670584295988e+09
1.635180671583538055e+09
1.635180672584134102e+09
1.635180673584131956e+09
1.635180674583477974e+09
1.635180675586040974e+09
1.635180676584569931e+09
1.635180677585105896e+09
1.635180678584240913e+09
1.635180679584203005e+09
1.635180680584119081e+09
1.635180681583560944e+09
1.635180682584041119e+09
1.635180683584146976e+09
1.635180684584177017e+09
1.635180685583343029e+09
1.635180686583653927e+09
1.635180687583853006e+09
1.635180688584315062e+09
1.635180689584297895e+09
1.635180690584182978e+09
1.635180691583406925e+09
1.635180692584342957e+09
1.635180693583369017e+09
1.635180694613261938e+09
1.635180695583631992e+09
1.635180696584671021e+09
1.635180697584167004e+09
1.635180698584341049e+09
1.635180699584167957e+09
1.635180700585024118e+09
1.635180701584325075e+09
1.635180702583496094e+09
1.635180703584018946e+09
1.635180704584186077e+09
1.635180705584186077e+09
1.635180706585007906e+09
1.635180707587294102e+09
1.635180708584703922e+09
1.635180709584011078e+09
1.635180710584079981e+09
1.635180711584117889e+09
1.635180712585032940e+09
1.635180713587146997e+09
1.635180714584110975e+09
1.635180715584152937e+09
1.635180716583404064e+09
1.635180717584929943e+09
1.635180718584973097e+09
1.635180719584183931e+09
1.635180720583751917e+09
1.635180721584000111e+09
1.635180722584990978e+09
1.635180723584181070e+09
1.635180724584188938e+09
1.635180725584475040e+09
1.635180726584570885e+09
1.635180727584198952e+09
1.635180728584233999e+09
1.635180730330157042e+09
1.635180730583584070e+09
1.635180731584521055e+09
1.635180732584326982e+09
1.635180733584141970e+09
1.635180734585704088e+09
1.635180735584167004e+09
1.635180736583985090e+09
1.635180737584708929e+09
1.635180738583723068e+09
1.635180739584197044e+09
