1.635178709383061886e+09
1.635178709388417959e+09
1.635178710389501095e+09
1.635178711393516064e+09
1.635178712389516115e+09
1.635178713389640093e+09
1.635178714390682936e+09
1.635178715389607906e+09
1.635178716388775110e+09
1.635178717389936924e+09
1.635178718389579058e+09
1.635178719389409065e+09
1.635178720389977932e+09
1.635178721389332056e+09
1.635178722389415026e+09
1.635178723388890028e+09
1.635178724388797045e+09
1.635178725389106989e+09
1.635178726389966965e+09
1.635178727389782906e+09
1.635178728389219046e+09
1.635178729389214993e+09
1.635178730390028000e+09
1.635178731389899969e+09
1.635178732389667988e+09
1.635178733389401913e+09
1.635178734388570070e+09
1.635178735391828060e+09
1.635178736388869047e+09
1.635178737389058113e+09
1.635178738389055014e+09
1.635178739388945103e+09
1.635178740389498949e+09
1.635178741389681101e+09
1.635178742389013052e+09
1.635178743389545918e+09
1.635178744389121056e+09
1.635178745389157057e+09
1.635178746389791012e+09
1.635178747388989925e+09
1.635178748389301062e+09
1.635178749389692068e+09
1.635178750389281034e+09
1.635178751388865948e+09
1.635178752389096022e+09
1.635178753390402079e+09
1.635178754389317036e+09
1.635178755389046907e+09
1.635178756389372110e+09
1.635178757389101028e+09
1.635178758388876915e+09
1.635178759389137030e+09
1.635178760389405012e+09
1.635178761389450073e+09
1.635178762388840914e+09
1.635178763389652014e+09
1.635178764388499975e+09
1.635178765388849974e+09
1.635178766388664007e+09
1.635178767389704943e+09
1.635178768389575005e+09
1.635178769389503956e+09
1.635178770390002966e+09
1.635178771388850927e+09
1.635178772389594078e+09
1.635178773389683008e+09
1.635178774388813972e+09
1.635178775388799906e+09
1.635178776388844967e+09
1.635178777388448000e+09
1.635178778389014959e+09
1.635178779389298916e+09
1.635178780389260054e+09
1.635178781388896942e+09
1.635178782388791084e+09
1.635178783389388084e+09
1.635178784389045000e+09
1.635178785388899088e+09
1.635178786389476061e+09
1.635178787389249086e+09
1.635178788389422894e+09
1.635178789389022112e+09
1.635178790389312029e+09
1.635178791389695883e+09
1.635178792388700962e+09
1.635178793389477968e+09
1.635178794389009953e+09
1.635178795388880968e+09
1.635178796389695883e+09
1.635178797389020920e+09
1.635178798389076948e+09
1.635178799389308929e+09
1.635178800389588118e+09
1.635178801389146090e+09
1.635178802388814926e+09
1.635178803389717102e+09
1.635178817818772078e+09
1.635178818818048954e+09
1.635178819817981958e+09
1.635178820817826986e+09
1.635178821818444014e+09
1.635178822818051100e+09
1.635178823818026066e+09
1.635178824817903996e+09
1.635178825818018913e+09
1.635178826818020105e+09
1.635178827817789078e+09
1.635178828818645954e+09
1.635178829818602085e+09
1.635178830818788052e+09
1.635178831818481922e+09
1.635178832818192959e+09
1.635178833818332911e+09
1.635178834817919016e+09
1.635178835818325043e+09
1.635178836818171024e+09
1.635178837817863941e+09
1.635178838817820072e+09
1.635178839817739010e+09
1.635178840818047047e+09
1.635178841818535089e+09
1.635178842818697929e+09
1.635178843817972898e+09
1.635178844818392992e+09
1.635178845818002939e+09
1.635178846817778111e+09
1.635178847818413019e+09
1.635178848818120003e+09
1.635178849818332911e+09
1.635178850818022013e+09
1.635178851818041086e+09
1.635178852818219900e+09
1.635178853818109989e+09
1.635178854818669081e+09
1.635178855817713976e+09
1.635178856818289042e+09
1.635178857818713903e+09
1.635178858817850113e+09
1.635178859817806005e+09
1.635178860817836046e+09
1.635178861817787886e+09
1.635178862817840099e+09
1.635178863817713022e+09
1.635178864817931890e+09
1.635178865818329096e+09
1.635178866819070101e+09
1.635178867818130970e+09
1.635178868818211079e+09
1.635178869818546057e+09
1.635178870817884922e+09
1.635178872880706072e+09
1.635178872890403986e+09
1.635178873818506956e+09
1.635178874819041014e+09
1.635178875818890095e+09
1.635178876817837000e+09
1.635178877818615913e+09
1.635178878818197966e+09
1.635178879817728043e+09
1.635178880817986965e+09
1.635178881820228100e+09
1.635178882817810059e+09
1.635178883817754030e+09
1.635178884817715883e+09
1.635178885818387985e+09
1.635178886817711115e+09
1.635178887817907095e+09
1.635178888817981958e+09
1.635178889818341017e+09
1.635178890817794085e+09
1.635178891817884922e+09
1.635178892817707062e+09
1.635178893818037987e+09
1.635178894817893028e+09
1.635178895818584919e+09
1.635178896817742109e+09
1.635178897818181992e+09
1.635178898818453074e+09
1.635178899818017960e+09
1.635178900817713976e+09
1.635178901818308115e+09
1.635178902817760944e+09
1.635178903817761898e+09
1.635178904817854881e+09
1.635178905817794085e+09
1.635178906817840099e+09
1.635178907817929983e+09
1.635178908817987919e+09
1.635178909817749023e+09
1.635178910817805052e+09
1.635178911817903042e+09
1.635178912818623066e+09
1.635178913818016052e+09
1.635178914818572998e+09
1.635178915817959070e+09
1.635178916818600893e+09
1.635178917818423033e+09
1.635178918818416119e+09
1.635178919818320036e+09
1.635178920818892002e+09
1.635178921819323063e+09
1.635178922819036007e+09
1.635178923818228960e+09
1.635178924818506956e+09
1.635178925818010092e+09
1.635178926817909956e+09
1.635178927817809105e+09
1.635178928817878008e+09
1.635178929818428993e+09
1.635178930820061922e+09
1.635178931819178104e+09
1.635178932817744017e+09
1.635178933818782091e+09
1.635178934818481922e+09
1.635178935817967892e+09
1.635178936818696022e+09
1.635178937818993092e+09
1.635178938818015099e+09
1.635178939817846060e+09
1.635178940817781925e+09
1.635178941817864895e+09
1.635178942817919016e+09
1.635178943817867994e+09
1.635178944818005085e+09
1.635178945817769051e+09
1.635178946817903996e+09
1.635178947818610907e+09
1.635178948817795992e+09
1.635178949817852020e+09
1.635178950818324089e+09
1.635178951818569899e+09
1.635178952818082094e+09
1.635178953817986965e+09
1.635178954818336964e+09
1.635178955818625927e+09
1.635178956818181038e+09
1.635178957818798065e+09
1.635178958818733931e+09
1.635178959818269014e+09
1.635178960818937063e+09
1.635178961817831993e+09
1.635178962817717075e+09
1.635178963817862988e+09
1.635178964817728043e+09
1.635178965818392992e+09
1.635178966818706989e+09
1.635178967817745924e+09
1.635178968818711996e+09
1.635178969818137884e+09
1.635178970818834066e+09
1.635178971818183899e+09
1.635178972817996979e+09
1.635178973817848921e+09
1.635178974817730904e+09
1.635178975818370104e+09
1.635178976818377972e+09
1.635178977818180084e+09
1.635178978817723036e+09
1.635178979818305016e+09
1.635178980817971945e+09
1.635178981817970037e+09
1.635178982817795038e+09
1.635178983818566084e+09
1.635178984817974091e+09
1.635178985817770004e+09
1.635178986818671942e+09
1.635178987817708969e+09
1.635178988817873001e+09
1.635178989817764044e+09
1.635178990818185091e+09
1.635178991819011927e+09
1.635178992818336010e+09
1.635178993818155050e+09
1.635178994817784071e+09
1.635178995818715096e+09
1.635178996818494081e+09
1.635178997818088055e+09
1.635178998817886114e+09
1.635178999817800999e+09
