3.542240524291992188e+01
3.542240524291992188e+01
3.470994567871093750e+01
3.614820480346679688e+01
3.495008468627929688e+01
3.493479537963867188e+01
3.595230865478515625e+01
3.541629028320312500e+01
3.441992568969726562e+01
3.491667556762695312e+01
3.574375915527343750e+01
3.575399398803710938e+01
3.579638290405273438e+01
3.622126770019531250e+01
3.583042907714843750e+01
3.560937500000000000e+01
3.462897491455078125e+01
3.486606979370117188e+01
3.552363967895507812e+01
3.539864730834960938e+01
3.591558837890625000e+01
3.567213439941406250e+01
3.526831436157226562e+01
3.547870635986328125e+01
3.566551589965820312e+01
3.544458007812500000e+01
3.488803863525390625e+01
3.533144378662109375e+01
3.465846633911132812e+01
3.451797866821289062e+01
3.630943679809570312e+01
3.542816925048828125e+01
3.482609176635742188e+01
3.607041168212890625e+01
3.487311935424804688e+01
3.483381652832031250e+01
3.530981063842773438e+01
3.585269927978515625e+01
3.537201690673828125e+01
3.576324844360351562e+01
3.541851425170898438e+01
3.633887481689453125e+01
3.575484085083007812e+01
3.520276260375976562e+01
3.564208221435546875e+01
3.554774856567382812e+01
3.539710235595703125e+01
3.624973297119140625e+01
3.570779418945312500e+01
3.451140594482421875e+01
3.602580261230468750e+01
3.484604644775390625e+01
3.523821640014648438e+01
3.571915817260742188e+01
3.521129226684570312e+01
3.553507614135742188e+01
3.514394760131835938e+01
3.527323532104492188e+01
3.476671600341796875e+01
3.576794815063476562e+01
3.486393356323242188e+01
3.543983840942382812e+01
3.528062057495117188e+01
3.575415039062500000e+01
3.481245803833007812e+01
3.490555191040039062e+01
3.553506469726562500e+01
3.556796264648437500e+01
3.602998733520507812e+01
3.490015792846679688e+01
3.528859329223632812e+01
3.503364181518554688e+01
3.560826492309570312e+01
3.503601074218750000e+01
3.639466476440429688e+01
3.595093154907226562e+01
3.577540206909179688e+01
3.591224288940429688e+01
3.559425735473632812e+01
3.502796173095703125e+01
3.558567047119140625e+01
3.586002731323242188e+01
3.595732879638671875e+01
3.636474990844726562e+01
3.489165878295898438e+01
3.505868911743164062e+01
3.585732650756835938e+01
3.526935958862304688e+01
3.481047058105468750e+01
3.516698455810546875e+01
3.643024826049804688e+01
3.540017318725585938e+01
3.538778305053710938e+01
3.581581115722656250e+01
3.481476593017578125e+01
3.495838928222656250e+01
3.539374923706054688e+01
3.584542465209960938e+01
3.502048873901367188e+01
3.547301483154296875e+01
3.651046752929687500e+01
3.548820877075195312e+01
3.575052261352539062e+01
3.625982666015625000e+01
3.512321853637695312e+01
3.512641143798828125e+01
3.577507400512695312e+01
3.529386901855468750e+01
3.671783828735351562e+01
3.532190322875976562e+01
3.493252944946289062e+01
3.464630889892578125e+01
3.605907821655273438e+01
3.595493316650390625e+01
3.544292449951171875e+01
3.578451538085937500e+01
3.586978912353515625e+01
3.484115600585937500e+01
3.510122680664062500e+01
3.559431457519531250e+01
3.522076034545898438e+01
3.544501876831054688e+01
3.529883575439453125e+01
3.449298477172851562e+01
3.603108596801757812e+01
3.622500228881835938e+01
3.474715042114257812e+01
3.584388351440429688e+01
3.475157546997070312e+01
3.601664352416992188e+01
3.499916458129882812e+01
3.557246017456054688e+01
3.545208358764648438e+01
3.452437591552734375e+01
3.563508987426757812e+01
3.565076065063476562e+01
3.638750076293945312e+01
3.523910140991210938e+01
3.504651641845703125e+01
3.597697448730468750e+01
3.535736465454101562e+01
3.599563217163085938e+01
3.547468185424804688e+01
3.560150527954101562e+01
3.587695312500000000e+01
3.612807083129882812e+01
3.550476074218750000e+01
3.544295883178710938e+01
3.591220855712890625e+01
3.467937088012695312e+01
3.526906967163085938e+01
3.526906967163085938e+01
3.506439208984375000e+01
3.544389343261718750e+01
3.535412597656250000e+01
3.516612243652343750e+01
3.525255203247070312e+01
3.679222488403320312e+01
3.512173843383789062e+01
3.599495697021484375e+01
3.546286773681640625e+01
3.551218795776367188e+01
3.476356124877929688e+01
3.554588699340820312e+01
3.469447708129882812e+01
3.473352432250976562e+01
3.442738342285156250e+01
3.456128692626953125e+01
3.596989440917968750e+01
3.503510665893554688e+01
3.547955322265625000e+01
3.524689102172851562e+01
3.543456268310546875e+01
3.620483016967773438e+01
3.672597885131835938e+01
3.475030136108398438e+01
3.592097473144531250e+01
3.494368362426757812e+01
3.574449539184570312e+01
3.616223144531250000e+01
3.513475036621093750e+01
3.649863815307617188e+01
3.420483779907226562e+01
3.622958374023437500e+01
3.573473739624023438e+01
3.544050216674804688e+01
3.506471633911132812e+01
3.568455123901367188e+01
3.543657302856445312e+01
3.540015792846679688e+01
3.524781036376953125e+01
3.432414245605468750e+01
3.591401672363281250e+01
3.587385940551757812e+01
3.586826705932617188e+01
3.616685104370117188e+01
3.391390228271484375e+01
3.511177825927734375e+01
3.516291809082031250e+01
3.556387710571289062e+01
3.614156723022460938e+01
3.496962738037109375e+01
3.538978958129882812e+01
3.606700134277343750e+01
3.582924270629882812e+01
3.577738952636718750e+01
3.625011444091796875e+01
3.455097579956054688e+01
3.545282745361328125e+01
3.580768203735351562e+01
3.620397949218750000e+01
3.491108322143554688e+01
3.643115615844726562e+01
3.622726821899414062e+01
3.519575119018554688e+01
3.578533935546875000e+01
3.554950332641601562e+01
3.550146865844726562e+01
3.536146163940429688e+01
3.569424057006835938e+01
3.517196655273437500e+01
3.538483047485351562e+01
3.595841598510742188e+01
3.581472396850585938e+01
3.516327667236328125e+01
3.642280578613281250e+01
3.491260910034179688e+01
3.510518264770507812e+01
3.541880416870117188e+01
3.545957946777343750e+01
3.561271667480468750e+01
3.556097030639648438e+01
3.590932846069335938e+01
3.536457061767578125e+01
3.539862442016601562e+01
3.549826049804687500e+01
3.498818969726562500e+01
3.529729461669921875e+01
3.486826324462890625e+01
3.486826324462890625e+01
3.486826324462890625e+01
3.486826324462890625e+01
3.486826324462890625e+01
3.486826324462890625e+01
3.486826324462890625e+01
3.486826324462890625e+01
3.486826324462890625e+01
3.486826324462890625e+01
3.486826324462890625e+01
3.486826324462890625e+01
3.486826324462890625e+01
3.486826324462890625e+01
3.486826324462890625e+01
3.486826324462890625e+01
3.486826324462890625e+01
3.486826324462890625e+01
3.486826324462890625e+01
3.486826324462890625e+01
3.486826324462890625e+01
3.486826324462890625e+01
3.486826324462890625e+01
3.486826324462890625e+01
3.486826324462890625e+01
3.486826324462890625e+01
3.486826324462890625e+01
3.486826324462890625e+01
3.486826324462890625e+01
3.486826324462890625e+01
3.486826324462890625e+01
3.486826324462890625e+01
3.486826324462890625e+01
3.486826324462890625e+01
3.486826324462890625e+01
3.486826324462890625e+01
3.486826324462890625e+01
3.486826324462890625e+01
3.486826324462890625e+01
3.486826324462890625e+01
3.486826324462890625e+01
