-9.993709716796875000e+02
-9.993709716796875000e+02
-9.999221801757812500e+02
-1.000218444824218750e+03
-9.996818847656250000e+02
-1.000228759765625000e+03
-1.000438049316406250e+03
-1.000539245605468750e+03
-1.001027221679687500e+03
-9.990533447265625000e+02
-9.998818359375000000e+02
-1.000015319824218750e+03
-1.000762573242187500e+03
-9.997176513671875000e+02
-9.997321777343750000e+02
-1.000150695800781250e+03
-9.995538940429687500e+02
-9.997822875976562500e+02
-1.000524047851562500e+03
-9.991769409179687500e+02
-9.994490966796875000e+02
-1.000025207519531250e+03
-9.995668334960937500e+02
-1.000126831054687500e+03
-1.000156860351562500e+03
-9.999766235351562500e+02
-9.992847900390625000e+02
-9.998428955078125000e+02
-9.996756591796875000e+02
-1.000096191406250000e+03
-1.000509826660156250e+03
-9.990230102539062500e+02
-9.995348510742187500e+02
-9.990490112304687500e+02
-9.998652954101562500e+02
-9.990915527343750000e+02
-1.000021545410156250e+03
-9.996259765625000000e+02
-9.994310302734375000e+02
-1.000034667968750000e+03
-1.000074462890625000e+03
-9.991445922851562500e+02
-9.995383911132812500e+02
-9.986979980468750000e+02
-9.995357055664062500e+02
-1.000038208007812500e+03
-9.998267211914062500e+02
-1.000075500488281250e+03
-1.000202941894531250e+03
-9.996829833984375000e+02
-1.000171691894531250e+03
-9.997172241210937500e+02
-9.996336669921875000e+02
-1.000137817382812500e+03
-1.000312561035156250e+03
-1.000419555664062500e+03
-9.995037231445312500e+02
-9.997944946289062500e+02
-1.000047363281250000e+03
-9.985999145507812500e+02
-1.000354431152343750e+03
-9.998189697265625000e+02
-9.999391479492187500e+02
-1.000230651855468750e+03
-9.992013549804687500e+02
-1.000277832031250000e+03
-1.000550720214843750e+03
-1.000889648437500000e+03
-1.000528564453125000e+03
-1.000035400390625000e+03
-1.000655273437500000e+03
-1.000130981445312500e+03
-1.000868530273437500e+03
-9.997316284179687500e+02
-1.000080505371093750e+03
-1.000275024414062500e+03
-1.000680358886718750e+03
-9.997600708007812500e+02
-1.000148681640625000e+03
-9.995358886718750000e+02
-9.999329833984375000e+02
-1.001000305175781250e+03
-1.000825073242187500e+03
-1.000346130371093750e+03
-9.987449340820312500e+02
-9.999572143554687500e+02
-1.000123168945312500e+03
-1.000112487792968750e+03
-9.993041992187500000e+02
-9.997919311523437500e+02
-9.999008789062500000e+02
-1.000236511230468750e+03
-1.000517150878906250e+03
-1.000277160644531250e+03
-1.000447753906250000e+03
-1.000872314453125000e+03
-1.000033020019531250e+03
-1.000002563476562500e+03
-1.000711853027343750e+03
-1.000252685546875000e+03
-9.993807983398437500e+02
-9.999356689453125000e+02
-9.993320922851562500e+02
-9.996820068359375000e+02
-9.991434326171875000e+02
-9.993735961914062500e+02
-1.000234558105468750e+03
-9.991051025390625000e+02
-9.996755981445312500e+02
-1.000209716796875000e+03
-9.988013305664062500e+02
-9.996271362304687500e+02
-1.000121276855468750e+03
-9.994324951171875000e+02
-9.996977539062500000e+02
-9.999742431640625000e+02
-1.000295043945312500e+03
-9.992039794921875000e+02
-9.998360595703125000e+02
-9.999621582031250000e+02
-9.998489990234375000e+02
-1.000594543457031250e+03
-9.996824340820312500e+02
-1.001605590820312500e+03
-1.000354980468750000e+03
-9.993088989257812500e+02
-1.000292175292968750e+03
-9.994982299804687500e+02
-1.000152038574218750e+03
-1.000163696289062500e+03
-1.000169738769531250e+03
-9.996820068359375000e+02
-1.000702697753906250e+03
-9.995195312500000000e+02
-9.985543823242187500e+02
-1.000521850585937500e+03
-1.000655517578125000e+03
-9.999130859375000000e+02
-1.000156494140625000e+03
-1.000372375488281250e+03
-9.999212646484375000e+02
-9.999793701171875000e+02
-9.996378784179687500e+02
-9.990552978515625000e+02
-1.000020751953125000e+03
-9.997708740234375000e+02
-1.000604797363281250e+03
-9.997170410156250000e+02
-9.997533569335937500e+02
-9.992369384765625000e+02
-9.998689575195312500e+02
-9.998689575195312500e+02
-1.000732482910156250e+03
-9.998509521484375000e+02
-1.000238281250000000e+03
-1.000865844726562500e+03
-9.997239379882812500e+02
-9.999761352539062500e+02
-9.998037719726562500e+02
-9.996662597656250000e+02
-9.992211303710937500e+02
-9.996880493164062500e+02
-1.000452270507812500e+03
-9.991218261718750000e+02
-9.998992919921875000e+02
-1.000160888671875000e+03
-9.997904663085937500e+02
-9.994642944335937500e+02
-1.000088256835937500e+03
-9.997998657226562500e+02
-1.000070129394531250e+03
-1.000419006347656250e+03
-1.000043884277343750e+03
-9.994312744140625000e+02
-9.994555664062500000e+02
-1.000186767578125000e+03
-1.000347961425781250e+03
-9.991630859375000000e+02
-1.000028564453125000e+03
-1.000521179199218750e+03
-1.000671386718750000e+03
-1.000313842773437500e+03
-1.000381042480468750e+03
-9.995318603515625000e+02
-1.001062622070312500e+03
-9.991734008789062500e+02
-1.000352844238281250e+03
-9.996841430664062500e+02
-1.000101379394531250e+03
-9.996411132812500000e+02
-1.000179504394531250e+03
-9.997847290039062500e+02
-9.998948974609375000e+02
-9.996384277343750000e+02
-1.000760986328125000e+03
-1.000394348144531250e+03
-9.998081054687500000e+02
-9.997457885742187500e+02
-9.994844970703125000e+02
-9.996919555664062500e+02
-1.000274658203125000e+03
-9.999006347656250000e+02
-1.000188659667968750e+03
-1.000256347656250000e+03
-9.996398925781250000e+02
-9.994860839843750000e+02
-1.000254760742187500e+03
-9.991661987304687500e+02
-9.994886474609375000e+02
-1.000268249511718750e+03
-1.000549438476562500e+03
-9.999802856445312500e+02
-1.000499267578125000e+03
-9.998142700195312500e+02
-1.000252075195312500e+03
-9.993458251953125000e+02
-1.000057861328125000e+03
-9.992464599609375000e+02
-1.000463500976562500e+03
-9.991624145507812500e+02
-1.000214721679687500e+03
-1.000135314941406250e+03
-1.000039123535156250e+03
-1.000191772460937500e+03
-1.000073913574218750e+03
-9.997033081054687500e+02
-1.000959167480468750e+03
-1.000767150878906250e+03
-1.000612182617187500e+03
-1.000004394531250000e+03
-1.000957336425781250e+03
-9.999671020507812500e+02
-1.000338989257812500e+03
-1.000520263671875000e+03
-1.000036743164062500e+03
-1.000364624023437500e+03
-9.994224853515625000e+02
-9.994119262695312500e+02
-1.000124023437500000e+03
-1.000124023437500000e+03
-1.000124023437500000e+03
-1.000124023437500000e+03
-1.000124023437500000e+03
-1.000124023437500000e+03
-1.000124023437500000e+03
-1.000124023437500000e+03
-1.000124023437500000e+03
-1.000124023437500000e+03
-1.000124023437500000e+03
-1.000124023437500000e+03
-1.000124023437500000e+03
-1.000124023437500000e+03
-1.000124023437500000e+03
-1.000124023437500000e+03
-1.000124023437500000e+03
-1.000124023437500000e+03
-1.000124023437500000e+03
-1.000124023437500000e+03
-1.000124023437500000e+03
-1.000124023437500000e+03
-1.000124023437500000e+03
-1.000124023437500000e+03
-1.000124023437500000e+03
-1.000124023437500000e+03
-1.000124023437500000e+03
-1.000124023437500000e+03
-1.000124023437500000e+03
-1.000124023437500000e+03
-1.000124023437500000e+03
-1.000124023437500000e+03
-1.000124023437500000e+03
-1.000124023437500000e+03
-1.000124023437500000e+03
-1.000124023437500000e+03
-1.000124023437500000e+03
-1.000124023437500000e+03
-1.000124023437500000e+03
-1.000124023437500000e+03
-1.000124023437500000e+03
