1.860216840696718776e+01
1.892764626188988331e+01
1.920265916174981413e+01
1.983853110568924549e+01
2.100791076766657639e+01
2.153216613393809098e+01
2.195854957371876282e+01
2.231787437592317502e+01
2.263524036662368388e+01
2.314509517450382248e+01
2.335399147214891613e+01
2.354321825344949914e+01
2.371576105124336920e+01
2.402498735241563566e+01
2.416096104798687350e+01
2.428795504479063538e+01
2.440792936438514005e+01
2.464741459847717664e+01
2.474834590861810213e+01
2.484338455394576073e+01
2.493268313613860698e+01
2.512473514851383527e+01
2.519957087163005838e+01
2.527248857365002266e+01
2.544674989034583490e+01
1.866483467123184425e+01
1.900228073279254204e+01
2.001541325121149129e+01
2.024345965948817039e+01
2.066286752254464787e+01
2.111715361922593814e+01
2.205846657270330979e+01
2.236856823350363399e+01
2.265465158012712976e+01
2.318680303324750724e+01
2.337987495684070893e+01
2.355861212276627725e+01
2.372453004769333873e+01
2.405037313163317947e+01
2.418256538561243829e+01
2.430796336486164222e+01
2.442773818226182669e+01
2.467720272611603605e+01
2.477850714036072688e+01
2.487423389325686429e+01
2.496326437250085206e+01
2.516256076455682944e+01
2.523744618821970676e+01
2.530956868149318950e+01
2.542444204498240623e+01
1.963772129698723745e+01
2.069049752644636442e+01
2.071362893086809720e+01
2.090212315411129040e+01
2.171586740446372232e+01
2.190499198464019770e+01
2.210074598773352506e+01
2.230598544515712689e+01
2.295952663344013089e+01
2.312520445572630834e+01
2.329245799534376005e+01
2.371597525359937464e+01
2.384474306991333137e+01
2.397398829147825339e+01
2.410136939253976252e+01
2.440195059862485039e+01
2.450879627381772607e+01
2.461257451527198015e+01
2.471444243571465904e+01
2.495119483974836783e+01
2.504007061729079453e+01
2.512505435202474757e+01
2.520534313511903690e+01
2.540347751439406920e+01
2.547345588408438743e+01
2.160445732906712024e+01
2.151758637357567494e+01
2.148014191172498855e+01
2.149558688160382047e+01
2.226957524468225458e+01
2.238099057013659987e+01
2.251405713373236850e+01
2.311193510977710730e+01
2.322017170026862942e+01
2.333638557850213857e+01
2.345899612709246185e+01
2.385933333039123738e+01
2.396401318176227591e+01
2.407185916795754821e+01
2.418230848278676959e+01
2.448014775871343573e+01
2.457571560986180970e+01
2.467097125757626941e+01
2.476557659813801848e+01
2.500328101264286573e+01
2.508903545585381778e+01
2.517262617526602497e+01
2.530420662251603758e+01
2.538021905857490168e+01
2.552306612974622269e+01
2.351066649541353470e+01
2.229615383701951714e+01
2.220118449245410019e+01
2.280142499448420068e+01
2.278261298757141162e+01
2.279707934668653024e+01
2.331754207124287603e+01
2.336550449878040681e+01
2.342761478192984015e+01
2.349931097051440432e+01
2.389009936878611384e+01
2.395662390048775592e+01
2.403065671477281029e+01
2.434839790960017325e+01
2.442230542250704062e+01
2.449911936738167739e+01
2.457792973421490856e+01
2.483129962102388788e+01
2.490595964220756997e+01
2.498382359863126112e+01
2.506434338426634412e+01
2.528606312295614345e+01
2.536069094378565936e+01
2.543462925703129685e+01
2.550555053709265962e+01
2.465085233628876438e+01
2.371600885396894398e+01
2.357390099092815205e+01
2.338596362380980409e+01
2.331420233450919710e+01
2.328861635308963329e+01
2.370089358771651433e+01
2.371128800204441234e+01
2.373997711759527007e+01
2.408663353046038935e+01
2.412166681579060779e+01
2.416727581744286368e+01
2.422126321124884285e+01
2.451121270039594435e+01
2.456855943115118279e+01
2.463079571568650294e+01
2.469414431245611752e+01
2.493504916216246414e+01
2.499670024026111292e+01
2.506389957938494462e+01
2.521878678298538290e+01
2.528544711618070195e+01
2.535429567344424129e+01
2.556054244194723424e+01
2.562508105180577189e+01
2.541782137216179649e+01
2.533379944800677919e+01
2.477558110817737358e+01
2.429913346774182514e+01
2.436186255769749920e+01
2.420129339160130399e+01
2.411085449686618531e+01
2.406445168648284749e+01
2.434265364641916918e+01
2.433344994518789406e+01
2.433775079249280537e+01
2.458977246447280152e+01
2.461125850079717026e+01
2.464205533953082039e+01
2.467929644914484300e+01
2.491919328776410580e+01
2.495984203485864583e+01
2.500339861393635843e+01
2.504960192212537606e+01
2.525907152607625505e+01
2.531206140891063328e+01
2.537025374896671082e+01
2.543186282660339970e+01
2.563419375203613271e+01
2.569328630199359509e+01
2.627188676600546557e+01
2.582878119229846448e+01
2.538219168027171690e+01
2.497964945271993287e+01
2.493564556872232885e+01
2.469802375512600889e+01
2.453463495801675975e+01
2.443151052375371535e+01
2.464637578705131205e+01
2.460450972656757074e+01
2.458527841504286471e+01
2.480065818399949507e+01
2.480624774547894162e+01
2.482421344308319533e+01
2.485053233256399352e+01
2.504609628356694628e+01
2.510227260144884553e+01
2.513586597094146668e+01
2.530154939328924257e+01
2.533248273352426594e+01
2.537022084860484128e+01
2.556827962704833723e+01
2.561484973927182551e+01
2.566443828469498101e+01
2.571595325130679299e+01
2.681528174279307208e+01
2.653340334241967469e+01
2.619411801062889111e+01
2.591820927591569301e+01
2.565426857283857487e+01
2.542092030624689158e+01
2.543978341372173446e+01
2.527469919796462250e+01
2.511357912580902152e+01
2.498688053225439631e+01
2.513399975041495793e+01
2.506617740443868669e+01
2.502583246068567036e+01
2.521746166841047909e+01
2.521331412279172923e+01
2.521984379461142822e+01
2.523343654411773684e+01
2.542682627120645122e+01
2.544152363286236351e+01
2.546130375042337590e+01
2.548959526160098932e+01
2.568055806199600255e+01
2.571823877644522938e+01
2.575970863257112597e+01
2.580411712101896882e+01
2.694883551174760328e+01
2.672862708968073520e+01
2.645751060767740626e+01
2.623262053411717432e+01
2.601009648658079954e+01
2.579586123021263333e+01
2.577111735805540960e+01
2.563121661929072204e+01
2.549790785303097351e+01
2.536046064125256549e+01
2.544513147254490093e+01
2.535155584330892253e+01
2.528213397973959786e+01
2.547924564776585044e+01
2.542400804020880400e+01
2.541377042760555938e+01
2.559210928915018712e+01
2.558931625842971158e+01
2.558908595589662127e+01
2.573713198425114257e+01
2.575212824919468346e+01
2.577338538300136150e+01
2.579926256762385606e+01
2.596263666457141994e+01
2.599312059986345247e+01
2.715559678590962633e+01
2.700638944478185266e+01
2.683570866746830319e+01
2.665499467979972081e+01
2.648763403900426283e+01
2.633059781176677205e+01
2.617576800879768228e+01
2.602975130276362847e+01
2.600596994119303318e+01
2.590464172668656317e+01
2.580985018407678311e+01
2.571546254590953851e+01
2.574593808110918047e+01
2.568032985948600810e+01
2.563673758001563030e+01
2.575169004437487885e+01
2.573801469396004649e+01
2.573135622072366502e+01
2.572878089239769395e+01
2.584914371626535257e+01
2.586507729151834312e+01
2.588519691281354795e+01
2.590934157838011487e+01
2.605606389217513197e+01
2.608356929470635777e+01
2.722993620356700006e+01
2.711155440148855433e+01
2.696968804110404250e+01
2.681375082595455694e+01
2.665901342400178464e+01
2.651934228776249114e+01
2.638401539930546846e+01
2.625011862657824935e+01
2.619760194894864114e+01
2.609464201649494441e+01
2.600243490231122934e+01
2.609404770995818268e+01
2.593719348472252761e+01
2.586655500777170857e+01
2.598336669258047493e+01
2.593382644768857404e+01
2.589788385235687684e+01
2.585516868253380096e+01
2.595411267081622952e+01
2.594562367744600451e+01
2.595039982997878525e+01
2.607867624088778769e+01
2.609726284532137441e+01
2.611890778339350305e+01
2.614305734901396505e+01
2.736235666005625333e+01
2.728421620059131669e+01
2.715464827547698334e+01
2.705074333262914621e+01
2.693699558152050599e+01
2.680998268450886712e+01
2.670331971132551985e+01
2.659082147396025420e+01
2.647610211216489517e+01
2.636551769584969662e+01
2.633679357991386993e+01
2.625819951545974362e+01
2.617989665420855161e+01
2.610410892062118648e+01
2.614021811778533078e+01
2.609081857444100550e+01
2.604583327964888539e+01
2.610098968631280769e+01
2.606625880430871689e+01
2.605106303717085581e+01
2.605159574303007375e+01
2.616912913577688826e+01
2.618420870163665271e+01
2.620325171109023188e+01
2.622527465332001384e+01
2.738064716123301423e+01
2.731634655399226119e+01
2.720401351844404303e+01
2.711905708401037174e+01
2.702624026312050276e+01
2.692390193750384952e+01
2.681146740083922353e+01
2.671382332685452354e+01
2.661369632556016640e+01
2.662087770454797209e+01
2.654914861560153838e+01
2.640290370705748657e+01
2.632455674532123524e+01
2.637611791244120951e+01
2.632058630165042601e+01
2.627077305375577154e+01
2.629983107336419579e+01
2.626289096706089765e+01
2.622250192282282200e+01
2.626454088520830865e+01
2.625094533567120436e+01
2.624816350507391860e+01
2.625275905562025969e+01
2.635014132672539944e+01
2.636917173604038922e+01
2.739206288679429235e+01
2.734375535546097424e+01
2.729377900577236815e+01
2.723659327678798192e+01
2.712270762416256531e+01
2.704561647623898324e+01
2.696422518101818611e+01
2.687981195255921918e+01
2.676976024210323857e+01
2.669392910803851038e+01
2.663329234109624366e+01
2.657552000565979000e+01
2.651561334674796200e+01
2.646254856308974723e+01
2.641819747527325646e+01
2.637605841178676513e+01
2.638249008252854821e+01
2.635380306700078989e+01
2.632284732651937986e+01
2.635398226897182639e+01
2.633948860955643312e+01
2.633222812969859916e+01
2.633165902343901266e+01
2.641314761973002234e+01
2.642888799285798740e+01
2.739273699420878216e+01
2.734835160601501869e+01
2.730440442264105982e+01
2.725675489854514666e+01
2.714797440207122037e+01
2.707824103507567770e+01
2.700443012323132308e+01
2.696291266658187169e+01
2.689157628195478011e+01
2.674757139804870221e+01
2.668994116417521667e+01
2.667988065351991622e+01
2.661846687803135225e+01
2.655821651533913652e+01
2.650683315017480268e+01
2.647178096463670016e+01
2.644448696443068059e+01
2.642241852170043614e+01
2.642725067484916934e+01
2.642150431164506585e+01
2.641924258676841220e+01
2.646804222351438085e+01
2.646630550441225438e+01
2.646760541870997585e+01
2.647416519086074516e+01
2.743171692294803066e+01
2.739183678430739377e+01
2.731996699381338800e+01
2.728020515647394362e+01
2.722655096633286220e+01
2.716601780053010273e+01
2.705604099089795511e+01
2.699213168796114815e+01
2.692527675262540399e+01
2.685655979680934280e+01
2.677598961061990224e+01
2.671906638452277960e+01
2.665714020339827783e+01
2.659945816895504223e+01
2.654278484560659024e+01
2.650650624657919963e+01
2.647614831267305036e+01
2.645393986840293366e+01
2.646473678715797107e+01
2.645982763316231257e+01
2.645987523368586736e+01
2.651295961755966246e+01
2.652131910950550520e+01
2.652729717525809860e+01
2.653285803642187091e+01
2.742713187251717599e+01
2.739034786793084209e+01
2.732584565847266944e+01
2.728570021691397329e+01
2.723572386722536720e+01
2.717966795066775632e+01
2.713544496426024821e+01
2.701739146579280515e+01
2.695539948394456431e+01
2.692403213893592806e+01
2.686621710302981114e+01
2.681159900228670523e+01
2.673266543409838292e+01
2.667842183747443485e+01
2.662613476237021715e+01
2.658094086528368649e+01
2.655451907467108086e+01
2.653280553584441748e+01
2.651648765636447180e+01
2.650555283609266155e+01
2.653967751142910458e+01
2.654462306582512809e+01
2.655530728334056789e+01
2.662549775536379570e+01
2.663843599767119485e+01
2.745739600539160818e+01
2.739128167820179627e+01
2.736253586202729338e+01
2.733107051594074477e+01
2.725097143493297835e+01
2.720252950212138643e+01
2.715092633453944870e+01
2.709691024041779528e+01
2.700794346187444717e+01
2.695193934588659346e+01
2.689633353427967677e+01
2.684260094327626689e+01
2.676568479727752248e+01
2.671244291167137064e+01
2.666300906794977266e+01
2.661939648825611116e+01
2.659847745816822595e+01
2.657694172129720300e+01
2.656043833977692969e+01
2.657849153834360223e+01
2.657790073184533597e+01
2.658284348621056381e+01
2.659488641867047676e+01
2.664314564947253672e+01
2.667738022601777814e+01
2.742170681284708422e+01
2.739376670553454929e+01
2.736589029892265756e+01
2.733417575009513456e+01
2.729888696195465059e+01
2.725734010498182158e+01
2.716471088615538321e+01
2.712877389088528446e+01
2.707924974617046843e+01
2.702703547186698430e+01
2.694349515300913112e+01
2.689394090796324122e+01
2.684495856920773704e+01
2.679422901123461287e+01
2.673219642893980819e+01
2.669475371710836953e+01
2.666399677881357988e+01
2.663693798119454925e+01
2.663066521220052252e+01
2.661685896034590826e+01
2.661011158613170835e+01
2.660939197821675606e+01
2.665368706541730148e+01
2.666951423949998912e+01
2.668809524387198806e+01
2.745068643159317645e+01
2.742259302259448361e+01
2.739522272154923144e+01
2.733590616912797344e+01
2.730066778154183993e+01
2.726227165922385964e+01
2.718512311066892551e+01
2.714006361506067222e+01
2.709218938849326719e+01
2.704305654808239723e+01
2.696473268660022526e+01
2.691765156875619880e+01
2.686967934111088141e+01
2.682055630080780162e+01
2.676412868016183211e+01
2.672821198511500995e+01
2.669827195580538515e+01
2.667186626536986438e+01
2.665836801690296909e+01
2.664663518785388163e+01
2.663934810770346928e+01
2.666559559639893706e+01
2.667831683631953155e+01
2.669421681120295275e+01
2.674048452010030985e+01
2.745105813568154218e+01
2.742384743639174616e+01
2.739522622158772691e+01
2.736475978648817886e+01
2.730126978816329597e+01
2.726808802319789748e+01
2.723213982780460896e+01
2.719295829684794086e+01
2.711766826873482472e+01
2.707406478914125358e+01
2.702912779488039163e+01
2.698321008983271696e+01
2.691498243939851420e+01
2.687313737914575285e+01
2.683181312462132340e+01
2.679299489766062692e+01
2.675773270981271423e+01
2.673257863314366034e+01
2.670669304842876812e+01
2.668746943698875640e+01
2.669598643066694876e+01
2.669420141103356769e+01
2.669622443328473338e+01
2.670480932770977489e+01
2.676925763657509094e+01
2.747634661382887344e+01
2.742248942145497637e+01
2.739285599551767092e+01
2.736230205945570049e+01
2.733221852856770795e+01
2.727004734474842707e+01
2.723661077698046284e+01
2.719987157288688806e+01
2.712883339153972884e+01
2.708769183902483135e+01
2.704485206783127182e+01
2.700014607611119999e+01
2.693763678857312627e+01
2.689797645235009327e+01
2.685780371049111892e+01
2.681794387207376573e+01
2.678389829760735097e+01
2.675912362511135711e+01
2.673391004778785884e+01
2.674274764499236667e+01
2.672523485236960283e+01
2.672254822281943376e+01
2.672581515875237557e+01
2.676598510058055069e+01
2.678149937122162072e+01
2.746988414274831314e+01
2.744589767892180632e+01
2.739107797596128080e+01
2.736056114030737518e+01
2.733127421818126024e+01
2.730210349733324193e+01
2.727203466660693110e+01
2.721097439500654858e+01
2.717529640258521084e+01
2.713758978785110898e+01
2.706898623328234876e+01
2.703151902118143113e+01
2.699559042600371939e+01
2.695902062377339092e+01
2.690013177605644401e+01
2.686265266382463324e+01
2.683169902336632617e+01
2.680613684220854154e+01
2.678578901840334225e+01
2.677191486580188950e+01
2.676198525658637095e+01
2.675348926313915143e+01
2.678559511627062051e+01
2.679814835434336828e+01
2.681405532930378399e+01
2.746490078793652145e+01
2.744202943637510472e+01
2.741695236055298324e+01
2.736042883885219723e+01
2.733081081308428040e+01
2.730193899552389070e+01
2.727298107701647467e+01
2.721559794586086767e+01
2.718103156566612455e+01
2.714490696833259165e+01
2.707905654404544293e+01
2.704553387533045594e+01
2.701305001804132999e+01
2.697855293860882853e+01
2.692022619707447006e+01
2.688514881125919231e+01
2.685221064897317689e+01
2.682608426160970438e+01
2.681219120880036755e+01
2.679949586916464810e+01
2.678873465080227945e+01
2.680778746036364879e+01
2.680876397110426623e+01
2.681684626000115657e+01
2.688155707175373976e+01
2.481655571589684328e+01
2.481723638659536135e+01
2.488011462265596663e+01
2.509151791831997969e+01
2.528433127307700445e+01
2.536173116233599956e+01
2.542780105550154701e+01
2.547963268781333923e+01
2.552335569053034092e+01
2.559073035515146444e+01
2.561884358116776994e+01
2.564450354382343633e+01
2.566795972063008335e+01
2.571289226195156985e+01
2.573147067181533032e+01
2.574915115256030873e+01
2.576704217658861751e+01
2.580407975176327895e+01
2.581961396621602844e+01
2.583461883795515135e+01
2.584825124423201004e+01
2.587715143003348928e+01
2.588971701132317094e+01
2.590286009438935722e+01
2.593153901982027421e+01
2.506701886039826022e+01
2.501564860547474112e+01
2.515448480775407347e+01
2.518903954583370819e+01
2.524559687097716676e+01
2.530693035422381598e+01
2.544334015369025082e+01
2.548660232165630646e+01
2.552563680219861908e+01
2.559527290788487619e+01
2.562149260094454561e+01
2.564601356784838870e+01
2.566968503601498952e+01
2.571684754543657192e+01
2.573581149912199706e+01
2.575378079858489500e+01
2.577114912720684714e+01
2.580926695764255285e+01
2.582438279871528763e+01
2.583949185682141803e+01
2.585282906839175254e+01
2.588391811751572291e+01
2.589582466577034836e+01
2.590785167951182544e+01
2.592805895097541224e+01
2.528623674405486099e+01
2.535939592259423847e+01
2.530365920075029607e+01
2.529930697805973949e+01
2.540795355258653743e+01
2.542673911425032784e+01
2.545028686110610394e+01
2.547654847289937408e+01
2.556288722686525361e+01
2.558521119088668527e+01
2.560688507538897341e+01
2.566338528795364127e+01
2.568277453364501639e+01
2.570244893525234531e+01
2.572210570114650352e+01
2.576608089456177098e+01
2.578196538140985439e+01
2.579818481114874373e+01
2.581411447255439384e+01
2.585185449175036609e+01
2.586610211309803375e+01
2.587944108823968747e+01
2.589164785059611873e+01
2.592463368850069472e+01
2.593633267797729758e+01
2.554267968408300504e+01
2.547862351804228354e+01
2.542997635289083647e+01
2.540286700593163616e+01
2.548488297528201230e+01
2.549204999345310085e+01
2.550507627383439768e+01
2.558142209008343215e+01
2.559588540976904625e+01
2.561173272596014527e+01
2.562752225127579919e+01
2.568300542582815282e+01
2.569824037579441978e+01
2.571443470855688318e+01
2.573158910241220454e+01
2.577615197205387432e+01
2.579019895324945111e+01
2.580499368868324339e+01
2.582041679814305013e+01
2.585919339029515385e+01
2.587351955839607243e+01
2.588662574212393963e+01
2.590708723917577316e+01
2.591985522418886134e+01
2.594381144129341621e+01
2.576623663147495691e+01
2.557133771797678889e+01
2.552945981783488349e+01
2.558424027704726456e+01
2.556577921250571706e+01
2.555705713141143676e+01
2.561787117507569533e+01
2.562010955405438040e+01
2.562561867952858918e+01
2.563416630272186580e+01
2.568754947081421847e+01
2.569717138025793091e+01
2.570818908856901785e+01
2.575473109220584433e+01
2.576605403401402583e+01
2.577834341290367348e+01
2.579012434061683123e+01
2.582698121756121168e+01
2.583962249675817446e+01
2.585320742226881663e+01
2.586787056815052921e+01
2.590371746136785802e+01
2.591625889529644056e+01
2.592870740258257101e+01
2.594044491930947416e+01
2.589099370129701683e+01
2.575720701067493579e+01
2.569809603426512723e+01
2.565972262164785178e+01
2.563766129409325245e+01
2.562529133356037292e+01
2.567334715968345193e+01
2.567058079458445974e+01
2.567123548652089227e+01
2.571918387045299426e+01
2.572263870666209584e+01
2.572912186614036401e+01
2.573731813166365257e+01
2.577989060758561024e+01
2.578844487808615327e+01
2.579805810533261834e+01
2.580711268744973097e+01
2.584220219461627721e+01
2.585281251795324309e+01
2.586451869737444298e+01
2.589000569438175603e+01
2.590211016960182988e+01
2.591431747459559176e+01
2.594910364749568998e+01
2.595879976259402966e+01
2.598199126804386694e+01
2.595918544207502521e+01
2.587356812443694309e+01
2.579618424297912682e+01
2.578630770096917146e+01
2.575600628992703633e+01
2.573780474168768606e+01
2.572675976585085422e+01
2.576256216280727784e+01
2.575900843094511572e+01
2.575749053867890126e+01
2.579403499218159368e+01
2.579721701747395812e+01
2.580143425912913457e+01
2.580637185183745430e+01
2.584353898167421448e+01
2.584823645736481623e+01
2.585327389534151621e+01
2.585989149321783742e+01
2.589365696530365568e+01
2.590402472975493353e+01
2.591519654706722164e+01
2.592663384969231544e+01
2.596014509618988697e+01
2.596887843700872978e+01
2.609401399636718466e+01
2.602629041594405024e+01
2.595719938945393679e+01
2.589307987050515081e+01
2.587349554669430063e+01
2.583133818832839168e+01
2.580155730214329779e+01
2.578208557557804070e+01
2.581006951825091278e+01
2.580121109952792935e+01
2.579596542447654528e+01
2.582763658779430216e+01
2.582821232599948758e+01
2.583063710090040033e+01
2.583405612304584409e+01
2.586572647240761214e+01
2.587161775022018162e+01
2.587492661698800589e+01
2.590045254822361542e+01
2.590493242634562421e+01
2.591154405521133341e+01
2.594821996260677111e+01
2.595638489082435996e+01
2.596471369551505148e+01
2.597256701424693759e+01
2.617682587901864721e+01
2.613152977068729044e+01
2.607496539125856572e+01
2.603014436190801817e+01
2.598662552648573865e+01
2.594708096685495136e+01
2.594321630380375154e+01
2.591461958792804765e+01
2.588672151761236151e+01
2.586432443321096031e+01
2.588420788584896215e+01
2.587152740110504112e+01
2.586429960755319613e+01
2.589529871454002219e+01
2.589401619121490228e+01
2.589446563058195494e+01
2.589545404447521193e+01
2.592254656967723392e+01
2.592342442121487522e+01
2.592620652279638449e+01
2.593194735440972210e+01
2.596689577587094178e+01
2.597321533019476547e+01
2.597962428401840640e+01
2.598637211485348786e+01
2.619656933122598375e+01
2.616058026702867068e+01
2.611462946676088137e+01
2.607741594143256592e+01
2.604039559499307188e+01
2.600471569841348440e+01
2.599518508770023573e+01
2.597090640836341890e+01
2.594815186162208676e+01
2.592484803024532170e+01
2.593511594942821574e+01
2.591853973564605340e+01
2.590637896180318478e+01
2.593831506779642027e+01
2.592909511695354752e+01
2.592679053622082463e+01
2.595461819934318015e+01
2.595171617491214633e+01
2.594962023823210373e+01
2.597391668894142214e+01
2.597780848385902885e+01
2.598237504829421241e+01
2.598674355010461667e+01
2.601235291182943143e+01
2.601701335252238678e+01
2.622836543678855392e+01
2.620364735687525126e+01
2.617514356764199945e+01
2.614514250636100456e+01
2.611470218016285827e+01
2.608815676904695735e+01
2.606164771463204488e+01
2.603633354761375074e+01
2.602954108485842966e+01
2.601270386252141975e+01
2.599617838532944347e+01
2.597950761699285138e+01
2.598236093972368010e+01
2.597113825016187860e+01
2.596409156181830724e+01
2.598235198620776742e+01
2.597823676037028306e+01
2.597501566519028771e+01
2.597297711240770113e+01
2.599420901880619539e+01
2.599804342982635319e+01
2.600165427426730247e+01
2.600504602888700489e+01
2.602794857995959532e+01
2.603224762419199223e+01
2.624013781796378808e+01
2.622006620583224645e+01
2.619636855541456200e+01
2.617002988912069128e+01
2.614258383569936584e+01
2.611853998266631294e+01
2.609521498843374943e+01
2.607174022629860843e+01
2.606114048438954001e+01
2.604406056750750764e+01
2.602814759219969787e+01
2.604203327444948002e+01
2.601380338140761950e+01
2.600193658133727936e+01
2.602197468561380944e+01
2.601374450525751314e+01
2.600650667291509777e+01
2.599569231794274060e+01
2.601167692137786602e+01
2.601066707331014882e+01
2.601258271873790662e+01
2.603456237937461637e+01
2.603630736536266710e+01
2.603902814892609285e+01
2.604256071793245653e+01
2.626199253635568809e+01
2.624846947150045651e+01
2.622583186310334469e+01
2.620789946297876227e+01
2.618865795029998012e+01
2.616698053865506068e+01
2.614685900388932538e+01
2.612697229542735400e+01
2.610735894051944683e+01
2.608866983264073980e+01
2.608337830473512398e+01
2.606849213491153705e+01
2.605411658681375542e+01
2.604086321271061877e+01
2.604797990126952101e+01
2.603926460314184155e+01
2.603076500335210852e+01
2.603714940283665058e+01
2.603141142006928632e+01
2.602953579414447915e+01
2.603069703802675505e+01
2.604894050499970959e+01
2.605045934688124731e+01
2.605303578891538052e+01
2.605693165361294916e+01
2.626449070295523214e+01
2.625351803354238100e+01
2.623345849509139072e+01
2.621887253936960960e+01
2.620281128841187979e+01
2.618532792067635739e+01
2.616409248713522828e+01
2.614711363645556830e+01
2.612989073463756284e+01
2.613064595013904068e+01
2.611898657318739581e+01
2.609190869919322964e+01
2.607711314980344852e+01
2.608549011355701452e+01
2.607730727830760031e+01
2.606890684548958959e+01
2.607200828913872215e+01
2.606487979821793388e+01
2.605792888536278795e+01
2.606579848321451820e+01
2.606362128659458222e+01
2.606260329896694472e+01
2.606257481050721481e+01
2.607898158578365511e+01
2.608250438731811371e+01
2.626556987294162582e+01
2.625715750210239463e+01
2.624830749425799681e+01
2.623836583576866133e+01
2.621785740058794545e+01
2.620445520819755814e+01
2.618994386510840400e+01
2.617508808297519352e+01
2.615526120027865176e+01
2.614249104471625174e+01
2.613209641971722874e+01
2.612153927483841898e+01
2.610791527944014945e+01
2.610021118597350664e+01
2.609303019489122022e+01
2.608581935875588087e+01
2.608504203078328132e+01
2.607976121996490093e+01
2.607453467287933435e+01
2.608042676464789622e+01
2.607798354007782748e+01
2.607657051247528202e+01
2.607575479291171661e+01
2.608995059239454406e+01
2.609279306237881002e+01
2.626537615141547022e+01
2.625740060362541328e+01
2.624960738197761856e+01
2.624108648367275620e+01
2.622171351710122522e+01
2.620941423508033807e+01
2.619637669497448229e+01
2.618824039087595779e+01
2.617554050684755396e+01
2.615050837558057495e+01
2.614065937241502624e+01
2.613657372031192949e+01
2.612522229004401808e+01
2.611549673687062523e+01
2.610608699862222437e+01
2.609989197956521423e+01
2.609514091843845307e+01
2.609114792165914309e+01
2.609192199380776955e+01
2.609090604107011302e+01
2.609072303663118575e+01
2.609881742199611310e+01
2.609851069624636466e+01
2.609903366297138660e+01
2.610020074020494008e+01
2.627216318779750992e+01
2.626495547182680923e+01
2.625169422948241404e+01
2.624429089275491123e+01
2.623486908082595903e+01
2.622436443610865098e+01
2.620458082873902939e+01
2.619289079277834276e+01
2.618093513584551957e+01
2.616855242333542719e+01
2.615349749330277973e+01
2.614267011503454441e+01
2.613196808598911858e+01
2.612249540181064944e+01
2.611137635597852480e+01
2.610513222824331692e+01
2.610010075927722539e+01
2.609605892513837944e+01
2.609817724560820906e+01
2.609706456776680383e+01
2.609743776658924830e+01
2.610634678624308336e+01
2.610827626892271169e+01
2.610941852049850098e+01
2.611053364020788337e+01
2.627143442586578104e+01
2.626486037463504530e+01
2.625291326424014215e+01
2.624540153570633549e+01
2.623634017062261847e+01
2.622655546998045395e+01
2.621875044597077320e+01
2.619725427519346184e+01
2.618579770894321612e+01
2.618031707192873725e+01
2.617003450153798028e+01
2.615959605857471004e+01
2.614513979317436210e+01
2.613533379401706824e+01
2.612576099325155354e+01
2.611758073552944737e+01
2.611319025690725226e+01
2.610956381164311679e+01
2.610698750526831802e+01
2.610490025078552634e+01
2.611127108433686317e+01
2.611217376153226510e+01
2.611440495056635314e+01
2.612651851496167410e+01
2.612909075155651450e+01
2.627663574031558724e+01
2.626541820580840181e+01
2.626019722075545104e+01
2.625428735761439114e+01
2.623929252466583861e+01
2.623040683841711385e+01
2.622111417417226420e+01
2.621168327306806844e+01
2.619536793218142279e+01
2.618567900702768014e+01
2.617561620475483153e+01
2.616552342176960266e+01
2.615043634047526311e+01
2.614084929547988168e+01
2.613178209704488708e+01
2.612450098937555154e+01
2.612091076515307364e+01
2.611750978569878967e+01
2.611450981523002213e+01
2.611819432268827157e+01
2.611811971005564814e+01
2.611934240761533843e+01
2.612121586299083376e+01
2.612977162574403422e+01
2.613650087125062171e+01
2.627020372440550133e+01
2.626563322584968674e+01
2.626070770682192190e+01
2.625467602160068736e+01
2.624719915751521881e+01
2.623936361015582719e+01
2.622253696924671829e+01
2.621526128795066413e+01
2.620668246311101868e+01
2.619785253284776516e+01
2.618141048614499056e+01
2.617237598160901868e+01
2.616341907421097446e+01
2.615456201208131048e+01
2.614444670964696371e+01
2.613817884152864579e+01
2.613262562677152445e+01
2.612816840375796446e+01
2.612765113472488920e+01
2.612537748431987339e+01
2.612428013598298904e+01
2.612415125961754825e+01
2.613188329890659034e+01
2.613479658306218312e+01
2.613866111045405205e+01
2.627456747813928217e+01
2.626995723139918226e+01
2.626541712053374411e+01
2.625318851702485290e+01
2.624641640316933788e+01
2.623902215561707862e+01
2.622457497939197779e+01
2.621670226137560888e+01
2.620858969766019086e+01
2.619974403091442028e+01
2.618487196966136565e+01
2.617618298944410071e+01
2.616767782762175543e+01
2.615894964185753224e+01
2.615010709527639676e+01
2.614387110710110917e+01
2.613901762317865973e+01
2.613481638932466211e+01
2.613303423267963410e+01
2.613080399326086933e+01
2.612943519060056730e+01
2.613393066954576227e+01
2.613637416543449632e+01
2.613967245077442314e+01
2.614884627744440238e+01
2.627434174101076536e+01
2.626976988586163131e+01
2.626397411221881839e+01
2.625825756362591790e+01
2.624580037414253653e+01
2.623920678796798711e+01
2.623266895777890895e+01
2.622572564184635624e+01
2.621289104810123405e+01
2.620493924069428360e+01
2.619697535960678181e+01
2.618853327937383568e+01
2.617679861149290588e+01
2.616939568174339570e+01
2.616202164743161518e+01
2.615497794359335160e+01
2.615057010057665465e+01
2.614629438974936804e+01
2.614172090668824922e+01
2.613790833682055492e+01
2.613961479555830536e+01
2.613984378851079171e+01
2.614011795602084831e+01
2.614132722330666780e+01
2.615406739815668757e+01
2.627843607531111303e+01
2.626830110227361814e+01
2.626295219047054985e+01
2.625725626209612074e+01
2.625136837576685167e+01
2.623959938607491438e+01
2.623351479371418549e+01
2.622719171224773049e+01
2.621496514362881669e+01
2.620788142028760248e+01
2.620014788874590650e+01
2.619210084848786479e+01
2.618056342927572544e+01
2.617343412439894479e+01
2.616606687305376155e+01
2.615943394567291946e+01
2.615498676144993340e+01
2.615035426657937734e+01
2.614568839951314061e+01
2.614804575172602696e+01
2.614635882793209021e+01
2.614622371123737565e+01
2.614585363257956629e+01
2.615366638917117115e+01
2.615654480887842936e+01
2.627672120569477343e+01
2.627226086251657833e+01
2.626215559887280193e+01
2.625607589024802735e+01
2.625076998245321391e+01
2.624563432712011846e+01
2.624023807021016808e+01
2.622974943329403885e+01
2.622324565359730286e+01
2.621668733884908420e+01
2.620437828935629199e+01
2.619743755095104731e+01
2.619073503033287054e+01
2.618411716113788401e+01
2.617424631681987535e+01
2.616811098786896395e+01
2.616333035300781873e+01
2.615899522339309868e+01
2.615662227035702614e+01
2.615502691661221846e+01
2.615422544127851623e+01
2.615297846069838883e+01
2.615716409372920026e+01
2.615953894599591933e+01
2.616214631835775961e+01
2.627571502042902196e+01
2.627134516202529824e+01
2.626657795743802382e+01
2.625602067689988672e+01
2.625089818052199320e+01
2.624582886260226644e+01
2.624061832331788224e+01
2.623072238202344408e+01
2.622461350664227808e+01
2.621817877754554971e+01
2.620624265555654020e+01
2.619979422486727572e+01
2.619387066013367971e+01
2.618765800536350241e+01
2.617823660041254641e+01
2.617236607847777918e+01
2.616762939724021564e+01
2.616309294917674677e+01
2.616266494398415432e+01
2.616085782602202769e+01
2.615926410018920478e+01
2.616100135359532786e+01
2.616096418293835058e+01
2.616270699837708591e+01
2.617381776898995582e+01
2.683366935972529177e+01
2.683049512667828651e+01
2.684916282108610730e+01
2.689763389431220020e+01
2.693038408996165600e+01
2.694095595008506905e+01
2.694838087894846268e+01
2.695518541540629087e+01
2.696038212016019742e+01
2.696799898233537363e+01
2.697150324541168942e+01
2.697484318644625390e+01
2.697798034880663920e+01
2.698407479659864450e+01
2.698657824532669380e+01
2.698902170816691637e+01
2.699159141317841915e+01
2.699696481929592196e+01
2.699910649579874899e+01
2.700131642004115662e+01
2.700328107224155971e+01
2.700765576311319549e+01
2.700963820386086311e+01
2.701186914603884048e+01
2.701655119394270699e+01
2.689424562009928721e+01
2.687968772598712519e+01
2.690687029472391245e+01
2.691339376675265527e+01
2.692338600549789263e+01
2.693212952051907294e+01
2.694980511992706340e+01
2.695552816115206340e+01
2.696030448028295723e+01
2.696820310658801745e+01
2.697130081658790601e+01
2.697449570426429943e+01
2.697791589559832204e+01
2.698429313015984476e+01
2.698698603633530269e+01
2.698951628898630872e+01
2.699204142843916188e+01
2.699751454192067968e+01
2.699976997362665898e+01
2.700209900847449873e+01
2.700406672859379498e+01
2.700872154198959407e+01
2.701059614807933684e+01
2.701263911294621423e+01
2.701588281820919590e+01
2.694114602649857204e+01
2.695071257804165299e+01
2.693663255266439194e+01
2.693112300091813083e+01
2.694616831737226903e+01
2.694787373042623457e+01
2.695045597622900146e+01
2.695362750466329871e+01
2.696406090476299866e+01
2.696685542902388733e+01
2.696930056038140577e+01
2.697617512074238277e+01
2.697882478002608408e+01
2.698161855076303439e+01
2.698458315614148617e+01
2.699058257918252224e+01
2.699280784301939207e+01
2.699524869543740380e+01
2.699772213776575214e+01
2.700356189446652166e+01
2.700586625140537222e+01
2.700787985575021466e+01
2.700974730336254126e+01
2.701496801323620645e+01
2.701702551035046795e+01
2.698089581365966794e+01
2.696883348318576878e+01
2.695676574348645360e+01
2.694883288566532542e+01
2.695634516948245718e+01
2.695637784012750515e+01
2.695732959468505641e+01
2.696622147318742790e+01
2.696786671197258656e+01
2.696981204166627677e+01
2.697156888272905206e+01
2.697878516619616818e+01
2.698077080942057293e+01
2.698297771956722713e+01
2.698549887610782960e+01
2.699177139775346035e+01
2.699363486245354338e+01
2.699576860004344425e+01
2.699821795651733325e+01
2.700438291262073065e+01
2.700672672192008150e+01
2.700871524468239215e+01
2.701170689618792764e+01
2.701384125274392289e+01
2.701790613763053273e+01
2.701335383040194671e+01
2.697945913953607899e+01
2.697014940509820136e+01
2.697401059631727449e+01
2.696908620973245263e+01
2.696612671755215374e+01
2.697251756936771017e+01
2.697207054129115278e+01
2.697208911027392375e+01
2.697282726770646022e+01
2.697941818012770554e+01
2.698068767958320890e+01
2.698234610503729058e+01
2.698874268901709428e+01
2.699027495303460356e+01
2.699208997691006218e+01
2.699374240108420508e+01
2.699865607686447078e+01
2.700069067223331487e+01
2.700292826156889348e+01
2.700546136684623733e+01
2.701107493180759178e+01
2.701311356391181917e+01
2.701527467056763498e+01
2.701720632918415532e+01
2.702725142225136779e+01
2.700673205041078972e+01
2.699170594881708141e+01
2.698392366122582331e+01
2.697887383981679577e+01
2.697555774243257076e+01
2.698048961043364358e+01
2.697922156420287720e+01
2.697863376170765548e+01
2.698455998528037370e+01
2.698464876654728073e+01
2.698533649169906923e+01
2.698665900694596687e+01
2.699257414295216151e+01
2.699370526311865959e+01
2.699510498765769029e+01
2.699618990065981450e+01
2.700083946629961318e+01
2.700248828432347636e+01
2.700438990962873120e+01
2.700836375267661893e+01
2.701051802379384981e+01
2.701259231372731406e+01
2.701842084830371249e+01
2.701984842631690142e+01
2.703662996957177711e+01
2.703096957847995796e+01
2.701799685653042005e+01
2.700534120668960725e+01
2.700027539980845503e+01
2.699431564442047105e+01
2.699063247323188364e+01
2.698813602151183844e+01
2.699217044250207209e+01
2.699107557221933362e+01
2.699034110167178113e+01
2.699516002181677266e+01
2.699556264580409248e+01
2.699610157688958623e+01
2.699665237597710998e+01
2.700223518101482512e+01
2.700249113694981773e+01
2.700277088271201009e+01
2.700350602604879313e+01
2.700859516526046988e+01
2.701050007377716966e+01
2.701250347863727086e+01
2.701456810731738045e+01
2.702005131263736004e+01
2.702128426618184065e+01
2.704892239396263420e+01
2.703914138412432067e+01
2.702872458846283976e+01
2.701874752784265254e+01
2.701318864718998469e+01
2.700584286525170796e+01
2.700015192952880838e+01
2.699639873443707216e+01
2.699944194850926138e+01
2.699757409722339574e+01
2.699617251578608901e+01
2.700045269322657404e+01
2.700032707002138466e+01
2.700067328735958938e+01
2.700098987506006409e+01
2.700593328812433569e+01
2.700624594673570300e+01
2.700628464557226494e+01
2.700990540883179492e+01
2.701033814686508450e+01
2.701145917519312079e+01
2.701809651007129531e+01
2.701947422094669093e+01
2.702073518943474895e+01
2.702190673077823746e+01
2.706035259858678188e+01
2.705364362511130594e+01
2.704429677961945089e+01
2.703733833589717150e+01
2.703028664358749111e+01
2.702373642145892774e+01
2.702151890815400037e+01
2.701667980433207816e+01
2.701187404394444158e+01
2.700799640975656857e+01
2.701025778891935047e+01
2.700784974170424135e+01
2.700632689673596332e+01
2.701113373358636949e+01
2.701069878880439745e+01
2.701061907673632589e+01
2.701057211604801012e+01
2.701395430824627653e+01
2.701359388159951891e+01
2.701392761196959569e+01
2.701492266724204683e+01
2.702128033709273325e+01
2.702216467816935364e+01
2.702308287400006748e+01
2.702396011042240787e+01
2.706297246676333756e+01
2.705732859937502965e+01
2.704974588798121360e+01
2.704375020564829768e+01
2.703782306708222549e+01
2.703196164656822020e+01
2.702924734569522158e+01
2.702496598414568751e+01
2.702120342382786333e+01
2.701737466104971830e+01
2.701838220329029028e+01
2.701535004987306010e+01
2.701321590860961663e+01
2.701805487787369131e+01
2.701647115893580420e+01
2.701590787288015605e+01
2.702006495680296183e+01
2.701919660119846966e+01
2.701829982697686461e+01
2.702219220870468064e+01
2.702301223113082784e+01
2.702398368495705583e+01
2.702454874717627575e+01
2.702828299652326649e+01
2.702880230907478776e+01
2.706734355148469717e+01
2.706330665463009311e+01
2.705886920597900058e+01
2.705397934693750628e+01
2.704857577295089044e+01
2.704407335977166582e+01
2.703973567230772801e+01
2.703536125055178374e+01
2.703350486359440907e+01
2.703078542261168593e+01
2.702819434981421054e+01
2.702525501439926714e+01
2.702526637108148577e+01
2.702319291540666768e+01
2.702212245391722334e+01
2.702491186497995912e+01
2.702390434965095167e+01
2.702282306971067527e+01
2.702211271192916087e+01
2.702565344018178806e+01
2.702655656553373120e+01
2.702719267429572980e+01
2.702760549776778731e+01
2.703076324747863524e+01
2.703140255871737452e+01
2.706893375611076991e+01
2.706574890644970210e+01
2.706188844184299924e+01
2.705768022593864686e+01
2.705279760610927653e+01
2.704881934956403455e+01
2.704480242109380228e+01
2.704084706629397772e+01
2.703839291956076707e+01
2.703581075449270799e+01
2.703322942368329507e+01
2.703525190884598217e+01
2.703009325705097154e+01
2.702820920500042590e+01
2.703156179447253393e+01
2.703017113913233516e+01
2.702889181695406151e+01
2.702621045584180592e+01
2.702856669828613789e+01
2.702837721392715764e+01
2.702894189938440661e+01
2.703258413807618865e+01
2.703267219273072186e+01
2.703279388684680029e+01
2.703324616267935809e+01
2.707241605934659034e+01
2.707019889589205874e+01
2.706620123610539608e+01
2.706327877424436679e+01
2.706002987504852086e+01
2.705657179222501441e+01
2.705271757110237374e+01
2.704935149893407953e+01
2.704589554212454061e+01
2.704283965270324686e+01
2.704197918218853758e+01
2.703946655661538045e+01
2.703663806995411889e+01
2.703435801416228657e+01
2.703561131285310992e+01
2.703422579762263567e+01
2.703258852466197126e+01
2.703297196070042574e+01
2.703189845820365989e+01
2.703180607078647668e+01
2.703206700536177465e+01
2.703489958258156278e+01
2.703486026477891002e+01
2.703512857312417950e+01
2.703570585319583230e+01
2.707283189691440128e+01
2.707090607810840410e+01
2.706740065783461446e+01
2.706487366148348528e+01
2.706222491719314149e+01
2.705924715205733122e+01
2.705529874044237104e+01
2.705231031832514432e+01
2.704945483935993877e+01
2.704941923535384163e+01
2.704748445499529197e+01
2.704299931904351340e+01
2.704030170334343808e+01
2.704153121220705813e+01
2.704031491692393274e+01
2.703900776818306895e+01
2.703899576562319140e+01
2.703770885438239446e+01
2.703639384746331231e+01
2.703791168687971336e+01
2.703744051912555335e+01
2.703721887544134006e+01
2.703699273752506116e+01
2.703975346085499254e+01
2.704026854829013971e+01
2.707288803444782488e+01
2.707137630395764205e+01
2.706982393699791345e+01
2.706801932789974785e+01
2.706432089785140604e+01
2.706195720090239476e+01
2.705946742325151888e+01
2.705681294679692428e+01
2.705337337913304907e+01
2.705118073211809460e+01
2.704963711141836669e+01
2.704783637758617232e+01
2.704503138472485091e+01
2.704391008728111956e+01
2.704293960227138172e+01
2.704156046508281719e+01
2.704110175738521349e+01
2.704005021472893944e+01
2.703922238794771715e+01
2.704020912754527117e+01
2.703977803111770228e+01
2.703940468691770960e+01
2.703923718931079634e+01
2.704167664232720369e+01
2.704210189894424943e+01
2.707276644797802234e+01
2.707134492506791190e+01
2.706986610742690402e+01
2.706832469347585501e+01
2.706482479007375730e+01
2.706271869066545577e+01
2.706036616201767586e+01
2.705887692959937141e+01
2.705670207113167791e+01
2.705246465617470619e+01
2.705082364250591809e+01
2.704984247360319571e+01
2.704786479620328166e+01
2.704626207769751645e+01
2.704483616820161984e+01
2.704357748719695209e+01
2.704280090004354875e+01
2.704195848719179551e+01
2.704237354432410356e+01
2.704205219327587173e+01
2.704192221039646782e+01
2.704304245828899766e+01
2.704300513194246847e+01
2.704315260734187376e+01
2.704341125443378857e+01
2.707399514949456787e+01
2.707270587003567641e+01
2.707014429231807995e+01
2.706871025552827703e+01
2.706701356182274409e+01
2.706522526113553440e+01
2.706179309415320233e+01
2.705974768033352618e+01
2.705755993122416925e+01
2.705543833075198989e+01
2.705274574751536321e+01
2.705085663608980084e+01
2.704898189544221054e+01
2.704764654337678920e+01
2.704549625517180900e+01
2.704447463818052455e+01
2.704353973026531577e+01
2.704285383510023166e+01
2.704328514682035589e+01
2.704308882692278715e+01
2.704304862103835205e+01
2.704438464589300395e+01
2.704459867360312586e+01
2.704490110581818385e+01
2.704503612116103639e+01
2.707391263862329467e+01
2.707272403534490834e+01
2.707048580013166728e+01
2.706901599786635160e+01
2.706735111363565238e+01
2.706557726446112611e+01
2.706435655568064291e+01
2.706057321963136530e+01
2.705854040042609299e+01
2.705768630795329344e+01
2.705580820335955039e+01
2.705398295308778245e+01
2.705161336250510828e+01
2.704994226170191851e+01
2.704807077735420506e+01
2.704663730570735325e+01
2.704588278604072471e+01
2.704530214202291916e+01
2.704480834163903324e+01
2.704435431655447530e+01
2.704538236541080565e+01
2.704550567422104024e+01
2.704568557806137363e+01
2.704795425025941924e+01
2.704837477044027949e+01
2.707479361575375876e+01
2.707299710703793494e+01
2.707202632600093395e+01
2.707086985513621613e+01
2.706808542271378926e+01
2.706647869438420528e+01
2.706482037657640305e+01
2.706315226295739507e+01
2.706038381600709286e+01
2.705867334357811060e+01
2.705695431327011491e+01
2.705509329752283421e+01
2.705263874711608452e+01
2.705088214825743620e+01
2.704922450323886096e+01
2.704790228401922647e+01
2.704736160368173614e+01
2.704671900923155192e+01
2.704625626479856138e+01
2.704675676616318825e+01
2.704673526381936810e+01
2.704683580544202925e+01
2.704711805398016011e+01
2.704878328806125865e+01
2.704992945179496289e+01
2.707378233280505953e+01
2.707300060554193522e+01
2.707205345286272191e+01
2.707090998028594342e+01
2.706933223571642699e+01
2.706785290675560063e+01
2.706481160340483072e+01
2.706347539016919512e+01
2.706214337513835844e+01
2.706058925892662970e+01
2.705767145276707808e+01
2.705609265864636015e+01
2.705470883884474986e+01
2.705323895584472282e+01
2.705163171619532747e+01
2.705048151572623993e+01
2.704956307769140267e+01
2.704872639700389669e+01
2.704869612148850777e+01
2.704822263933939652e+01
2.704802481239395107e+01
2.704798525238717843e+01
2.704952036903102552e+01
2.704996726254973538e+01
2.705057086213609807e+01
2.707435939758415699e+01
2.707361394711636038e+01
2.707280964104664633e+01
2.707033918590247978e+01
2.706896594234757458e+01
2.706755017851328304e+01
2.706495593015063506e+01
2.706376078736092694e+01
2.706236294663174391e+01
2.706083609183965066e+01
2.705825443809140651e+01
2.705682799036412689e+01
2.705539621414613904e+01
2.705404678733000878e+01
2.705263258436673013e+01
2.705154987811328482e+01
2.705062998685370701e+01
2.705001772174205144e+01
2.704966927074359972e+01
2.704941719007458190e+01
2.704911812180567665e+01
2.705009587293910656e+01
2.705061357079647522e+01
2.705107806448146235e+01
2.705256866938979954e+01
2.707422080300259992e+01
2.707341054947608328e+01
2.707230739043001932e+01
2.707123980847848443e+01
2.706875167243332925e+01
2.706754124387229510e+01
2.706636394345299124e+01
2.706523505694673659e+01
2.706312769269468532e+01
2.706185848926644155e+01
2.706045052978722509e+01
2.705904652630868767e+01
2.705706629230969895e+01
2.705589200598614852e+01
2.705465027927009558e+01
2.705341070547957827e+01
2.705262927424371355e+01
2.705195147946097123e+01
2.705104999571475233e+01
2.705063736062367852e+01
2.705133727671633181e+01
2.705136251976827211e+01
2.705141567011751036e+01
2.705167730439361051e+01
2.705357346665030960e+01
2.707481689426114713e+01
2.707298865680519384e+01
2.707203138537595066e+01
2.707095215071493399e+01
2.706981957732369537e+01
2.706772609944136931e+01
2.706661801557813263e+01
2.706551501800148429e+01
2.706358629274600958e+01
2.706240134944104270e+01
2.706108410886171711e+01
2.705960881663627404e+01
2.705767182952904548e+01
2.705640604387009773e+01
2.705517416678838316e+01
2.705394686467343845e+01
2.705334165039292316e+01
2.705248260619138634e+01
2.705194884212718520e+01
2.705301160690783036e+01
2.705260968262131271e+01
2.705246589410689140e+01
2.705249824181311169e+01
2.705378321542092479e+01
2.705417297567814927e+01
2.707441992170336675e+01
2.707359599709968023e+01
2.707175659134249557e+01
2.707062369501242571e+01
2.706981075032898687e+01
2.706896755704173074e+01
2.706794626298927753e+01
2.706607674318611956e+01
2.706503779514424934e+01
2.706394521234489403e+01
2.706178114541646096e+01
2.706043594371670125e+01
2.705931561508946359e+01
2.705808365727304476e+01
2.705656250773362714e+01
2.705560114574586095e+01
2.705486164273486338e+01
2.705409423242656786e+01
2.705466742193969765e+01
2.705429975608081250e+01
2.705389131919454115e+01
2.705356011851197096e+01
2.705443097689240162e+01
2.705477988538752854e+01
2.705513966615662369e+01
2.707419744376050375e+01
2.707335349694930571e+01
2.707246479619847435e+01
2.707060415721316105e+01
2.706985060636302265e+01
2.706905302818561765e+01
2.706808001348837323e+01
2.706645929114278815e+01
2.706541622563082328e+01
2.706435416055098031e+01
2.706210645246536828e+01
2.706089521655725960e+01
2.705975852569592632e+01
2.705866718082875622e+01
2.705738632469103777e+01
2.705654840607135014e+01
2.705581154039413505e+01
2.705531973146637270e+01
2.705573791034071007e+01
2.705509316296498667e+01
2.705450794398041126e+01
2.705480795415423856e+01
2.705507836160190749e+01
2.705546088264700799e+01
2.705680525008812509e+01
2.732660927185279576e+01
2.732360814821203476e+01
2.735685251032194998e+01
2.741927371106080358e+01
2.745452007613611300e+01
2.746238238812365395e+01
2.746423492960036938e+01
2.746897348930962579e+01
2.747195505255422177e+01
2.747511892872208250e+01
2.747736271394707686e+01
2.747988224343820818e+01
2.748241384592111913e+01
2.748713481560378113e+01
2.748918005922517338e+01
2.749127653245557923e+01
2.749359777111741820e+01
2.749812016337157772e+01
2.750019664630699623e+01
2.750230193246314769e+01
2.750398022161941469e+01
2.750801887022986136e+01
2.751014905469249072e+01
2.751265937718396160e+01
2.751732521234335849e+01
2.740506010977732032e+01
2.738692586710862642e+01
2.742288271162866309e+01
2.743167586202948982e+01
2.744422299637417240e+01
2.745188304096836163e+01
2.746327478641773112e+01
2.746757703465273437e+01
2.747076713464842612e+01
2.747441221089200170e+01
2.747622684962302841e+01
2.747855367696949003e+01
2.748156755427515208e+01
2.748661800557606938e+01
2.748900200946517458e+01
2.749123189462842376e+01
2.749337454615674403e+01
2.749800154712301392e+01
2.750033242268333211e+01
2.750271348893052448e+01
2.750467826982335140e+01
2.750880379381971252e+01
2.751073661890048427e+01
2.751302231926012709e+01
2.751603999400534306e+01
2.746298610936218410e+01
2.747201208579726028e+01
2.745609837799255004e+01
2.744789601604084694e+01
2.746068686718980700e+01
2.746193063611689666e+01
2.746320245594178644e+01
2.746524612326751580e+01
2.747157903438904114e+01
2.747334104633990037e+01
2.747450947549932465e+01
2.747916477813770797e+01
2.748118555335143753e+01
2.748353412641305127e+01
2.748612767015049485e+01
2.749094529541715914e+01
2.749279260645826994e+01
2.749483806502906802e+01
2.749749856550724303e+01
2.750304988475474843e+01
2.750544474358898128e+01
2.750738892516350020e+01
2.750915029226613129e+01
2.751435651023836826e+01
2.751673012490606851e+01
2.750248585750697572e+01
2.748799454158777422e+01
2.747503420283025122e+01
2.746503744321681495e+01
2.746905746287852779e+01
2.746790615802197166e+01
2.746835099582275674e+01
2.747341183634508255e+01
2.747421481568524371e+01
2.747508450099182653e+01
2.747594340300308957e+01
2.748137950936766316e+01
2.748293262631840861e+01
2.748448391619918496e+01
2.748648631323849045e+01
2.749187957302098084e+01
2.749313319379595555e+01
2.749479070450940910e+01
2.749729228572493511e+01
2.750340487370279874e+01
2.750580944108531511e+01
2.750774040327121384e+01
2.751052532363198111e+01
2.751275545956954005e+01
2.751720992781062591e+01
2.753837904117720825e+01
2.749852881802193849e+01
2.748621974014711355e+01
2.748747740913594839e+01
2.748147824279594431e+01
2.747666420001942100e+01
2.748035649348305043e+01
2.747869894694470005e+01
2.747804908323315587e+01
2.747781031026526932e+01
2.748219094338455548e+01
2.748275719177621212e+01
2.748445729829743911e+01
2.748962052638798781e+01
2.749064963250583560e+01
2.749218723727427616e+01
2.749355101962107994e+01
2.749707533012200855e+01
2.749903677929900425e+01
2.750122843929245064e+01
2.750400239723338558e+01
2.750962042244731265e+01
2.751179993779917865e+01
2.751424953708276533e+01
2.751630122918641064e+01
2.754778200304980729e+01
2.752777709150428365e+01
2.750690299620080026e+01
2.749731818712865561e+01
2.748995462941851997e+01
2.748551753625461203e+01
2.748729806967950040e+01
2.748522513340931894e+01
2.748348450892460093e+01
2.748752211861290462e+01
2.748684993598778448e+01
2.748713306018361280e+01
2.748826437474518158e+01
2.749319893249004210e+01
2.749399471102502091e+01
2.749524894082331983e+01
2.749578824888911655e+01
2.749907138615376567e+01
2.750050825129944343e+01
2.750227212614517569e+01
2.750614974182379058e+01
2.750858551269543284e+01
2.751091581505732719e+01
2.751715669200713421e+01
2.751846096919270224e+01
2.755317196694136683e+01
2.754522199142008176e+01
2.753248942738570904e+01
2.751978169000801344e+01
2.751077771006239914e+01
2.750347061239688529e+01
2.749793763549890357e+01
2.749464421648755064e+01
2.749627897838860591e+01
2.749463060302501560e+01
2.749299093311246622e+01
2.749666585149891418e+01
2.749666814429260242e+01
2.749706458265158560e+01
2.749706282723141726e+01
2.750235086927846950e+01
2.750183126490844643e+01
2.750142913039013948e+01
2.750157171349774643e+01
2.750609593282187504e+01
2.750824861532258936e+01
2.751056634314409166e+01
2.751293469155128335e+01
2.751867495132881203e+01
2.751959636779303153e+01
2.755966304500260833e+01
2.755055599681564260e+01
2.754085296556885254e+01
2.753080078483293391e+01
2.752283454480641112e+01
2.751458446408603109e+01
2.750782778020574781e+01
2.750238458051069657e+01
2.750375936110223307e+01
2.750088251404445572e+01
2.749883311473450220e+01
2.750178651960658982e+01
2.750141433470585994e+01
2.750143393092692889e+01
2.750144306627678858e+01
2.750631622014063637e+01
2.750572686468757055e+01
2.750500144625895516e+01
2.750807518697487453e+01
2.750805369203402861e+01
2.750906735761937227e+01
2.751698408763214942e+01
2.751829509989918066e+01
2.751944984394626914e+01
2.752033901799921978e+01
2.756899990993210636e+01
2.756249052534624511e+01
2.755289410900604352e+01
2.754576201598390739e+01
2.753877042822509225e+01
2.753161877480678754e+01
2.752750621942473686e+01
2.752182353026377015e+01
2.751683634573874215e+01
2.751220891487365705e+01
2.751340102429291434e+01
2.751011910507491365e+01
2.750819251352698558e+01
2.751241128974170991e+01
2.751185600376988560e+01
2.751136631319253567e+01
2.751115756149203051e+01
2.751314294170316899e+01
2.751209133754723268e+01
2.751199371469089527e+01
2.751308207519567617e+01
2.752051516903944517e+01
2.752117918358704429e+01
2.752177154833182726e+01
2.752235151766072363e+01
2.757052537005896653e+01
2.756531807733968620e+01
2.755699860378527788e+01
2.755108656360549801e+01
2.754465599380273488e+01
2.753874467012098037e+01
2.753403118784271086e+01
2.752946053944635452e+01
2.752505013583399673e+01
2.752135060574028103e+01
2.752124606867797496e+01
2.751788755582076362e+01
2.751510002024219403e+01
2.751957372645534150e+01
2.751770592357062384e+01
2.751715572473479554e+01
2.752092869587639967e+01
2.751910818186154017e+01
2.751758648334933000e+01
2.752113905969746810e+01
2.752234800682038696e+01
2.752360868510093894e+01
2.752410106254589195e+01
2.752714660906440258e+01
2.752742292652896339e+01
2.757382978731505219e+01
2.756997560112195700e+01
2.756536321671546119e+01
2.756060434428710693e+01
2.755397243853843037e+01
2.754927411019345485e+01
2.754435689170087898e+01
2.753978799872469096e+01
2.753631323406241194e+01
2.753376088896158791e+01
2.753106155429028590e+01
2.752808425420895944e+01
2.752716018670203724e+01
2.752503834944143435e+01
2.752367291914916336e+01
2.752657627663398543e+01
2.752469958917371784e+01
2.752286435112438312e+01
2.752131976050016959e+01
2.752511017836875951e+01
2.752620914304435473e+01
2.752714392219679596e+01
2.752724673966383762e+01
2.752981706886517088e+01
2.753022206937558991e+01
2.757524573071830787e+01
2.757175122653535126e+01
2.756804091314631222e+01
2.756358920342263019e+01
2.755810752778346640e+01
2.755360913821325042e+01
2.754937352429486452e+01
2.754475899039428199e+01
2.754129780336963762e+01
2.753839967632042018e+01
2.753629510666229763e+01
2.753813278080492921e+01
2.753194703837839086e+01
2.752974029610145124e+01
2.753330541116508456e+01
2.753222314089354228e+01
2.753046041244465769e+01
2.752628552173415599e+01
2.752819814157053457e+01
2.752815694293391502e+01
2.752881569122100913e+01
2.753280622698886049e+01
2.753247577809827362e+01
2.753225785522300839e+01
2.753236289383393753e+01
2.757874023490126447e+01
2.757617094462207419e+01
2.757184064548926727e+01
2.756852580318687274e+01
2.756516173746994269e+01
2.756140381278693141e+01
2.755689227547789955e+01
2.755298857927105871e+01
2.754922205661171120e+01
2.754547756626672594e+01
2.754514471710774259e+01
2.754221309377571103e+01
2.753909536008086434e+01
2.753596053790804632e+01
2.753778169677113041e+01
2.753606163577982002e+01
2.753427511959639773e+01
2.753336226528361763e+01
2.753216252516035922e+01
2.753199561694470177e+01
2.753255233591258389e+01
2.753508623118917953e+01
2.753471544345960709e+01
2.753461785642817006e+01
2.753528154855165866e+01
2.757900655721833161e+01
2.757695504423919530e+01
2.757281898772182060e+01
2.757013591755575987e+01
2.756708148646169931e+01
2.756395862980595268e+01
2.755901404108869812e+01
2.755590064220692170e+01
2.755240019109033156e+01
2.755197068634734947e+01
2.755021892031829367e+01
2.754598846518570809e+01
2.754254859397740063e+01
2.754347413030528102e+01
2.754267824429559752e+01
2.754111387832580604e+01
2.754061827663972650e+01
2.753870483283061432e+01
2.753714856328854310e+01
2.753889810817371142e+01
2.753833705439275903e+01
2.753780000329575017e+01
2.753731256968719165e+01
2.753994677468773133e+01
2.754057174009279763e+01
2.757899401850283994e+01
2.757729505837846062e+01
2.757537735140608248e+01
2.757332809539573049e+01
2.756888014728669845e+01
2.756631691141584639e+01
2.756337224781970363e+01
2.756052635347674240e+01
2.755625430563362244e+01
2.755394105592479548e+01
2.755217950969765539e+01
2.755074536724448464e+01
2.754714270768417705e+01
2.754629534129117019e+01
2.754539427337095248e+01
2.754386558900296578e+01
2.754262060202923124e+01
2.754128107314067719e+01
2.754011135428480017e+01
2.754147836087273404e+01
2.754077483145887939e+01
2.754018214428998235e+01
2.753956280339443907e+01
2.754233049197762639e+01
2.754255436178652516e+01
2.757885405061303885e+01
2.757712227487896683e+01
2.757534385512326480e+01
2.757337996985297224e+01
2.756936227880985157e+01
2.756693134429989911e+01
2.756435589213766590e+01
2.756264568299424411e+01
2.756003820337015497e+01
2.755513667618439300e+01
2.755363761900986930e+01
2.755272705749077744e+01
2.755030747947457570e+01
2.754883074121362796e+01
2.754742948601995067e+01
2.754595016836610455e+01
2.754489924488329677e+01
2.754381321299710805e+01
2.754428355812769524e+01
2.754381296222279829e+01
2.754322955370336601e+01
2.754424619275552644e+01
2.754414144074380744e+01
2.754439536764499152e+01
2.754446024654144054e+01
2.758031527669167460e+01
2.757876807084965876e+01
2.757568609040641761e+01
2.757378214019617957e+01
2.757179966180205355e+01
2.756969491301942554e+01
2.756609400887928629e+01
2.756364981915581325e+01
2.756125732476507295e+01
2.755862738292779923e+01
2.755608746906776574e+01
2.755385260424322169e+01
2.755194980042982777e+01
2.755057774253079828e+01
2.754827961093036492e+01
2.754677188412970068e+01
2.754589206037601912e+01
2.754484654645332498e+01
2.754571218354604767e+01
2.754496516270188522e+01
2.754471216724814298e+01
2.754591104757376741e+01
2.754626886668902941e+01
2.754644480277984542e+01
2.754648782848643762e+01
2.758025011119601189e+01
2.757893017852853035e+01
2.757622607914534285e+01
2.757437744258287893e+01
2.757237608446571286e+01
2.757036197268364575e+01
2.756919701853965421e+01
2.756489505690386110e+01
2.756254304465171145e+01
2.756175844348597082e+01
2.755980032602480279e+01
2.755755270753535768e+01
2.755543592158585398e+01
2.755352627521629216e+01
2.755140339903354985e+01
2.754937520806522855e+01
2.754867801965892582e+01
2.754790445256281828e+01
2.754757561579279468e+01
2.754678392129657638e+01
2.754739115337544320e+01
2.754739108172564244e+01
2.754765582774704669e+01
2.754948719670703028e+01
2.754994568379525433e+01
2.758141230682259248e+01
2.757950523984593261e+01
2.757825358944053562e+01
2.757676907717598525e+01
2.757344391730198296e+01
2.757167427464712617e+01
2.756972966317379203e+01
2.756785996156930096e+01
2.756456983844887532e+01
2.756287378014151201e+01
2.756086894700890610e+01
2.755898197780193826e+01
2.755619902781074870e+01
2.755450386512591976e+01
2.755234068592909225e+01
2.755096604863716081e+01
2.755011420413147860e+01
2.754952470537880771e+01
2.754883117111244673e+01
2.754911203833948719e+01
2.754895541187052999e+01
2.754901076134320448e+01
2.754911612237824770e+01
2.755058723612966887e+01
2.755155121257676143e+01
2.758044374478812344e+01
2.757948668254700308e+01
2.757829847804200085e+01
2.757679379635795769e+01
2.757489890984777503e+01
2.757321073301871905e+01
2.756964131896691939e+01
2.756807738289594667e+01
2.756656335091263443e+01
2.756494904503028209e+01
2.756154936936135158e+01
2.755986015361015617e+01
2.755818838458594300e+01
2.755678601882032197e+01
2.755498406210439555e+01
2.755397344163566942e+01
2.755266622680818855e+01
2.755176003592706735e+01
2.755147633853281874e+01
2.755098811677642701e+01
2.755067586693575521e+01
2.755048606660809440e+01
2.755173900670994058e+01
2.755201711541957366e+01
2.755242573424503405e+01
2.758111488849110415e+01
2.758019723364153464e+01
2.757919227350723190e+01
2.757611301575649776e+01
2.757447044402693237e+01
2.757282869627010413e+01
2.756973514438370643e+01
2.756832217444726751e+01
2.756693625231139322e+01
2.756518617005270144e+01
2.756242009359007739e+01
2.756057998335414894e+01
2.755906165238267036e+01
2.755749588924172500e+01
2.755636066976590470e+01
2.755504217009447743e+01
2.755392199707724643e+01
2.755298925994418369e+01
2.755273630031534182e+01
2.755237812295106181e+01
2.755206730610644783e+01
2.755302039178350881e+01
2.755311575767105836e+01
2.755333783623488486e+01
2.755486189919059115e+01
2.758082008537741459e+01
2.757980176255489013e+01
2.757833097122757593e+01
2.757712231070387077e+01
2.757419806730152700e+01
2.757284438757691802e+01
2.757147293870121274e+01
2.757012395203868849e+01
2.756796399708298750e+01
2.756654823280424083e+01
2.756503885805811294e+01
2.756324127198015361e+01
2.756105824578794738e+01
2.755956051413477681e+01
2.755830606938706850e+01
2.755690578146572989e+01
2.755603233454449708e+01
2.755535327353830510e+01
2.755454001245144013e+01
2.755398812984524781e+01
2.755476287916309985e+01
2.755455699345470677e+01
2.755442146785268065e+01
2.755444844400344095e+01
2.755605433103396251e+01
2.758148761076535393e+01
2.757889564332357324e+01
2.757780860834014547e+01
2.757662742551581658e+01
2.757537183437126416e+01
2.757310823797579147e+01
2.757182742610064707e+01
2.757053683402741839e+01
2.756853440116320897e+01
2.756726838497234766e+01
2.756566658198058661e+01
2.756396472003919129e+01
2.756166039073081464e+01
2.756019590458615198e+01
2.755875993506300858e+01
2.755766165106054189e+01
2.755724350281130342e+01
2.755665464890685712e+01
2.755590490537018766e+01
2.755721022147789512e+01
2.755624355816319948e+01
2.755596806467137228e+01
2.755572886180467052e+01
2.755684541650685659e+01
2.755699975018212200e+01
2.758084738395228896e+01
2.757960773488886375e+01
2.757731236180583778e+01
2.757597136409632910e+01
2.757519131269306811e+01
2.757439241739166746e+01
2.757337470359246367e+01
2.757146319432802883e+01
2.757021390836612440e+01
2.756906185118664254e+01
2.756641496417100257e+01
2.756506748215433689e+01
2.756366511638871586e+01
2.756221524680382728e+01
2.756066334789972672e+01
2.756004311138164553e+01
2.755941456348644181e+01
2.755881886702582761e+01
2.755930536918694784e+01
2.755861774602932002e+01
2.755782576493389158e+01
2.755731920082797970e+01
2.755797296945377539e+01
2.755805357548194578e+01
2.755827511667225238e+01
2.758047903231600984e+01
2.757922225894970936e+01
2.757809359543084682e+01
2.757604530669283704e+01
2.757539074991920813e+01
2.757459002754783484e+01
2.757368759828136362e+01
2.757200429363889782e+01
2.757083274771304815e+01
2.756947949788725793e+01
2.756715023444750301e+01
2.756578236806193516e+01
2.756435936715310220e+01
2.756289194336652315e+01
2.756219325031436185e+01
2.756159629998219884e+01
2.756103700162141479e+01
2.756035181455708027e+01
2.756020944639888626e+01
2.755929490831573858e+01
2.755851152519664637e+01
2.755915551362435778e+01
2.755910209869636063e+01
2.755907057278312067e+01
2.756015617477049062e+01
2.965149120175836117e+01
2.963649459570383371e+01
2.915575642694649616e+01
2.850740092266418912e+01
2.815728939152107557e+01
2.812561028232456550e+01
2.818981167434769830e+01
2.817250433137731491e+01
2.817624481706479855e+01
2.820973182017404213e+01
2.820585493213208750e+01
2.819915050881476049e+01
2.818273540830828239e+01
2.815805288456788702e+01
2.814333178425902560e+01
2.813079852369515521e+01
2.811445725152574937e+01
2.809445697494331640e+01
2.807694885490991510e+01
2.805799252902061625e+01
2.804240664678786032e+01
2.801779660086617696e+01
2.799638368207802586e+01
2.797187627555178580e+01
2.793431295785593349e+01
2.879702363675885479e+01
2.897890109565876315e+01
2.858552120708968758e+01
2.847336155754524967e+01
2.831995347587028533e+01
2.825749110132347397e+01
2.823629921737375525e+01
2.821839899684284347e+01
2.820785144844259307e+01
2.823039880265407575e+01
2.822717106377102425e+01
2.822239473050057512e+01
2.820397320988227818e+01
2.817784518132270932e+01
2.815950424163329302e+01
2.814389900197068783e+01
2.812770448612985774e+01
2.810592062496518651e+01
2.808359610628328795e+01
2.806230743518435844e+01
2.804383684573227242e+01
2.801876987443174727e+01
2.800041948111380208e+01
2.797722973033521754e+01
2.795498759327334426e+01
2.828969961371753428e+01
2.820157558961852473e+01
2.832477302572829103e+01
2.836952290179639036e+01
2.826728866186052258e+01
2.826016467750567784e+01
2.824950188487194680e+01
2.824841336707289230e+01
2.823782170173950945e+01
2.823980111148410899e+01
2.824320216689016405e+01
2.822751364526196127e+01
2.821674911357835924e+01
2.820790231796752678e+01
2.819394516087826474e+01
2.816638558285592353e+01
2.815627920378696558e+01
2.814421997516784657e+01
2.812102662300696565e+01
2.807911283549719528e+01
2.805687114860810993e+01
2.803917125496743168e+01
2.802532619090214183e+01
2.798106565265355172e+01
2.795644885414006353e+01
2.784878688091090737e+01
2.802047737981297715e+01
2.816036407165653088e+01
2.823893903059693500e+01
2.821291274108723712e+01
2.821564754076847947e+01
2.822488328566731042e+01
2.821277003631374569e+01
2.822436288592549758e+01
2.823268568041221727e+01
2.824049617826729275e+01
2.821130742492866617e+01
2.820316109817446204e+01
2.820058881086934122e+01
2.819558469016864777e+01
2.816101187029707376e+01
2.815886409593012729e+01
2.815152312829193093e+01
2.813187893838404108e+01
2.808245761930487205e+01
2.805742576148173839e+01
2.804085310049979540e+01
2.802080735646587328e+01
2.799894381471789728e+01
2.795617379856718543e+01
2.746815633584347438e+01
2.788187728179477176e+01
2.802681941403673704e+01
2.802057956903563252e+01
2.810795675648095227e+01
2.815248154615552778e+01
2.815525686138760619e+01
2.816999416791680133e+01
2.818976440620506096e+01
2.819865396823065851e+01
2.819703784792520196e+01
2.820015259343870184e+01
2.819005206661597640e+01
2.816298947935052155e+01
2.816143368219852761e+01
2.815070471416509790e+01
2.814541518391742869e+01
2.813862162638826803e+01
2.812555356055339928e+01
2.810839972650339291e+01
2.808304104323687156e+01
2.803365978953575066e+01
2.801196236154618902e+01
2.798654650633571350e+01
2.796740560960373045e+01
2.741820696408511537e+01
2.758658419127459993e+01
2.780393571596572855e+01
2.792008479674887411e+01
2.800819666618263426e+01
2.808853000002920197e+01
2.809249107038233007e+01
2.813520841631696001e+01
2.815679240076418566e+01
2.815164287425328027e+01
2.816387361870426176e+01
2.817036375977495766e+01
2.816256181520283874e+01
2.813849017593445012e+01
2.813447238381015580e+01
2.812526184858739953e+01
2.812670915409772121e+01
2.812258196998617521e+01
2.811630836202604300e+01
2.810443955649584069e+01
2.807323492941686993e+01
2.804816120552453995e+01
2.802500611805055897e+01
2.796470502305430372e+01
2.795630524902099978e+01
2.741790894970009873e+01
2.751172090696330486e+01
2.760852876412424095e+01
2.771921454796392226e+01
2.781791223048483275e+01
2.790101322662609462e+01
2.796384609337663818e+01
2.802678655142328523e+01
2.804476060029126927e+01
2.807941220040057573e+01
2.810148597284009497e+01
2.808776110490894240e+01
2.809461363507320542e+01
2.810141259467581065e+01
2.810709242472984215e+01
2.806885519837179643e+01
2.808126466141922961e+01
2.809581919779688874e+01
2.810166424126376228e+01
2.807487445870725296e+01
2.805449963836600347e+01
2.803024162756378601e+01
2.800499908887631761e+01
2.795288528635788694e+01
2.794982276088768103e+01
2.742327951104943651e+01
2.748860498452179613e+01
2.757037121834950000e+01
2.764528942374080955e+01
2.774497208431975537e+01
2.781213111155371820e+01
2.788605488525846710e+01
2.794508739334085234e+01
2.797580898501933433e+01
2.801165849491493987e+01
2.804812789273830020e+01
2.803639098783469663e+01
2.805269309497163022e+01
2.805909860355836472e+01
2.806824521424536201e+01
2.802408281366434650e+01
2.804635151092065470e+01
2.806257798902936429e+01
2.804303868938085742e+01
2.805199622749729826e+01
2.804405427918840843e+01
2.796014162151212190e+01
2.794980295328505093e+01
2.794355950690165002e+01
2.793982442328761451e+01
2.736691382655745031e+01
2.741540778969532610e+01
2.750749558518418780e+01
2.756045166098716237e+01
2.762586086659791107e+01
2.768540342044801150e+01
2.775672159406139627e+01
2.780671373223452747e+01
2.786235238767544686e+01
2.790274234030110279e+01
2.792103736236624201e+01
2.795440642020528088e+01
2.798192188129449320e+01
2.795416917914651478e+01
2.796369798652970573e+01
2.796975596172484657e+01
2.798089908872234943e+01
2.798389904017515661e+01
2.800539884231120524e+01
2.801082792612286099e+01
2.800291388852676988e+01
2.792256074707757207e+01
2.792222987007910007e+01
2.792163069009955478e+01
2.792339356673358708e+01
2.736304144024336793e+01
2.740902614026630246e+01
2.748214500502783153e+01
2.753615268446132092e+01
2.759036564268570046e+01
2.765067889234720511e+01
2.771131671658816131e+01
2.776341746409576672e+01
2.780427739711108615e+01
2.784514948479165497e+01
2.785508074664645761e+01
2.789407336294114970e+01
2.792014196869282827e+01
2.788814863889096785e+01
2.790851760698598483e+01
2.791822918452071178e+01
2.789175497308791307e+01
2.791963732499856121e+01
2.794758900351840936e+01
2.792169191359859326e+01
2.790968445484998384e+01
2.789215652721394889e+01
2.789100453505192689e+01
2.787230390730566398e+01
2.787532501687946151e+01
2.734992610626586185e+01
2.738616636614061761e+01
2.742208295178149413e+01
2.746701829903784997e+01
2.753155326909617528e+01
2.758174303312281594e+01
2.762626287089673838e+01
2.767730121062693627e+01
2.772741039372469629e+01
2.775946584737116751e+01
2.777464522357723098e+01
2.780395597374114303e+01
2.781997312150388169e+01
2.784626321226678414e+01
2.785462697247712427e+01
2.783466406023601536e+01
2.785692195334543442e+01
2.788879508701315402e+01
2.791213474532981920e+01
2.788233240648246536e+01
2.786818392595871074e+01
2.786004885352418370e+01
2.786102752916320213e+01
2.785020762622679058e+01
2.784656752907081767e+01
2.734346837763582982e+01
2.737355972741246291e+01
2.741041087175922542e+01
2.744629909651451882e+01
2.750618783323784555e+01
2.754521241180042068e+01
2.759158065903791268e+01
2.763552787702672475e+01
2.769215106035289153e+01
2.771717256420192399e+01
2.773756539145465538e+01
2.771928927664657039e+01
2.778396425044166307e+01
2.780386593918373705e+01
2.777071881652870289e+01
2.778212169322432601e+01
2.779863223036165465e+01
2.785422451800551258e+01
2.784362024783409595e+01
2.784846500736817632e+01
2.784049829955599975e+01
2.780651205482593369e+01
2.781361938278765678e+01
2.782346015991226551e+01
2.782448430300276954e+01
2.730986477977474536e+01
2.733458826923875762e+01
2.738145530792428417e+01
2.741126755057295483e+01
2.744645755733555603e+01
2.747901630415793051e+01
2.753106618214060219e+01
2.756985306947161973e+01
2.761587423349030601e+01
2.765117543293130709e+01
2.765834668542878916e+01
2.767866163278936043e+01
2.771311740773630561e+01
2.774463040317439777e+01
2.773071736301826462e+01
2.774467587062588692e+01
2.776799887254943400e+01
2.778627588770309131e+01
2.780501297944510242e+01
2.780543884290164058e+01
2.780294668635260891e+01
2.778324397398240464e+01
2.779487328758990472e+01
2.779958074442394178e+01
2.779523027461002727e+01
2.730643401296474337e+01
2.732949141294393769e+01
2.737355387516623040e+01
2.740178511098682890e+01
2.742888281172967169e+01
2.746026930861460613e+01
2.751143459707075323e+01
2.755072747861439808e+01
2.758581169477204753e+01
2.759596084025577056e+01
2.761546502642688949e+01
2.764943506493662539e+01
2.767869134419330379e+01
2.768085442443501165e+01
2.768848665386641983e+01
2.769545397809137555e+01
2.771243359527279893e+01
2.773225875464107304e+01
2.775444732114128854e+01
2.773385326665275485e+01
2.774454802155436894e+01
2.775154370666490777e+01
2.776399908733661803e+01
2.774077512342622143e+01
2.773562244570580759e+01
2.731175100375242693e+01
2.733071453240631499e+01
2.735003234704360153e+01
2.737260986283181552e+01
2.741707703038965604e+01
2.744276388961792534e+01
2.746972833921580559e+01
2.750336434951755749e+01
2.755351179730221389e+01
2.758086879757038901e+01
2.759418850999320938e+01
2.760589390280172140e+01
2.764056666103201820e+01
2.765546377890061081e+01
2.765631100408581133e+01
2.767437238647448083e+01
2.769094549762921176e+01
2.771159942509842011e+01
2.772303561458028298e+01
2.771202843976446673e+01
2.772060783273979467e+01
2.773105364209018120e+01
2.774023131469948211e+01
2.771604127998810441e+01
2.771404476367759884e+01
2.731514170518438078e+01
2.733251792459117979e+01
2.735185149527601567e+01
2.737204984788474249e+01
2.741398434334271883e+01
2.743674507945525676e+01
2.746507400277064193e+01
2.748629874933381245e+01
2.751206573931817800e+01
2.756388963056175712e+01
2.758096828575632742e+01
2.758318763759641357e+01
2.760411166873784339e+01
2.762617778823998549e+01
2.762960180245818265e+01
2.765293470818304300e+01
2.766366907828991373e+01
2.767955477559883803e+01
2.767646118820632850e+01
2.768652300016936962e+01
2.769328549577622312e+01
2.769385586469739735e+01
2.769589829863218000e+01
2.769513525575815294e+01
2.769479087357607128e+01
2.729941852025157445e+01
2.731463706149011372e+01
2.734656601658342368e+01
2.736679453076888535e+01
2.738793959674875111e+01
2.740927868719982996e+01
2.744782113070748863e+01
2.747209219652053136e+01
2.749957299430514013e+01
2.752423526027011746e+01
2.754751234456938747e+01
2.756620396885990942e+01
2.758737469468863424e+01
2.759830128857556986e+01
2.762139110099543160e+01
2.763890282241113283e+01
2.765422310269953954e+01
2.766622966110257664e+01
2.766481611855128264e+01
2.767291832837235432e+01
2.768100208110915972e+01
2.767655302345488622e+01
2.767646028786075618e+01
2.767548971533190638e+01
2.767804714693505730e+01
2.729600531018026999e+01
2.731018845400862460e+01
2.733836927047707377e+01
2.735879991224391361e+01
2.737913376686154265e+01
2.740135834718471841e+01
2.741335950351431094e+01
2.745888592764004343e+01
2.748176505919557400e+01
2.748616684870721016e+01
2.750914051654801540e+01
2.752656085288794685e+01
2.754674479996749170e+01
2.756185439939156723e+01
2.758566268757953566e+01
2.760761446319376944e+01
2.762416101415406544e+01
2.763431151015615228e+01
2.764384932099508063e+01
2.765182953399087040e+01
2.765277354632528528e+01
2.765705964143065287e+01
2.765923937806547883e+01
2.764334467730081712e+01
2.764112847667023942e+01
2.727869931772824685e+01
2.729933433794040099e+01
2.731502150905023996e+01
2.733300771258347694e+01
2.736998580565618511e+01
2.739048937541452489e+01
2.740937817538576482e+01
2.742798291632838925e+01
2.746026615740509769e+01
2.747959522636205776e+01
2.749712855607153728e+01
2.751471320547873489e+01
2.753871011606447183e+01
2.755639110244809942e+01
2.757573502710703295e+01
2.759528152952013613e+01
2.760760050783737540e+01
2.761985421110049188e+01
2.762806806377275137e+01
2.762948700839748994e+01
2.763404230682950313e+01
2.763895684314557499e+01
2.764053830014643154e+01
2.762709253934324494e+01
2.762254804505811734e+01
2.728657058890956932e+01
2.729966791597559350e+01
2.731504491803516643e+01
2.733230904441799680e+01
2.735304760437117011e+01
2.737315457190413071e+01
2.741087184869315152e+01
2.742428294619173812e+01
2.743942000615582089e+01
2.745695333586530040e+01
2.748286483131430202e+01
2.750231454657819086e+01
2.751787476896208773e+01
2.753387526033170829e+01
2.755033807915361166e+01
2.756238560328026921e+01
2.757666508408505024e+01
2.759269708754976236e+01
2.759839132313297938e+01
2.760800521317291967e+01
2.761179476769418883e+01
2.761691413262835937e+01
2.760982391123254587e+01
2.761124375620285676e+01
2.760971001751742193e+01
2.727849854066522539e+01
2.729044207487807938e+01
2.730371361881268655e+01
2.733866908555324216e+01
2.735590260018655329e+01
2.737380372106303383e+01
2.740312932692891934e+01
2.741785898052073733e+01
2.743354570145779192e+01
2.744851844835460497e+01
2.747307492371463056e+01
2.749026837296989711e+01
2.750808981326307645e+01
2.752291085193066067e+01
2.753511098463212292e+01
2.754705721988169387e+01
2.756411741799199433e+01
2.757662771974372617e+01
2.758405422021145625e+01
2.759152033588445008e+01
2.759671352915569642e+01
2.758803644868557825e+01
2.759527837831062413e+01
2.759650915071038213e+01
2.758152109793880413e+01
2.728422203747960140e+01
2.729741750221320018e+01
2.731858147545012372e+01
2.733030982707077072e+01
2.735623572804895787e+01
2.736897156636699080e+01
2.738450837976596475e+01
2.739862804923134831e+01
2.741977851728465865e+01
2.743312569024748626e+01
2.744807232712265233e+01
2.746130650671593543e+01
2.748175515539426073e+01
2.749761339216317424e+01
2.751287199877975809e+01
2.752431944258129448e+01
2.754204724693477147e+01
2.754823217085585796e+01
2.755800272102568726e+01
2.756804877694118261e+01
2.756508664000248388e+01
2.757238934295378385e+01
2.757783103160347338e+01
2.758145492253911257e+01
2.756767288266400584e+01
2.727697065422602662e+01
2.731270987178881171e+01
2.732435854282615395e+01
2.733381082083554858e+01
2.734326850091838779e+01
2.736633985625397969e+01
2.738083001792309545e+01
2.739449096131848549e+01
2.741302592547911843e+01
2.742679220930667583e+01
2.743842062256860359e+01
2.745093362535705239e+01
2.746948884729310336e+01
2.748885663110975131e+01
2.750243699357626426e+01
2.751630276558976007e+01
2.752326738877799173e+01
2.753209527713176641e+01
2.754060309263395823e+01
2.753177385376182329e+01
2.754985549392591082e+01
2.755913760662180323e+01
2.756443118842456030e+01
2.755452378572747207e+01
2.755536155728414727e+01
2.729139058894036296e+01
2.730631606769453867e+01
2.732824263363270134e+01
2.733429160537210123e+01
2.734028655637705896e+01
2.735046901464702529e+01
2.736275107879572843e+01
2.738000124982216121e+01
2.739143698913123615e+01
2.740358220075267681e+01
2.741646929712715774e+01
2.742767634866041604e+01
2.744155337499358538e+01
2.746058262887438417e+01
2.747800746694218432e+01
2.748779197246841122e+01
2.749667613242056419e+01
2.750597039978170955e+01
2.750770851691245511e+01
2.751785496135945763e+01
2.752858077818337534e+01
2.753980088472746246e+01
2.753929534068761953e+01
2.754142060641521539e+01
2.754300971635345263e+01
2.729707131933997033e+01
2.731025282871716797e+01
2.732126045370577216e+01
2.733132631722389760e+01
2.733832785458066894e+01
2.734769640045167449e+01
2.735862569537533062e+01
2.737148263017307670e+01
2.738165158325943338e+01
2.739281631855071453e+01
2.740783228203508415e+01
2.741895290039323285e+01
2.743529282204427844e+01
2.745235752188244760e+01
2.746338225343696138e+01
2.747061292874233018e+01
2.748078548321098324e+01
2.748873868583954660e+01
2.750053006165038028e+01
2.751236420387598258e+01
2.752234408439178281e+01
2.751769920157514449e+01
2.752369280206174196e+01
2.752829266759967553e+01
2.751237635854123198e+01
