9.163991061765832669e+00
9.230199089308239735e+00
9.286501862114146633e+00
9.414454621277251078e+00
9.649096464016508889e+00
9.753887534709024365e+00
9.838882924154273013e+00
9.910562566962751063e+00
9.974116342113186207e+00
1.007568968783889929e+01
1.011752011240712079e+01
1.015533208782325758e+01
1.019003013585219009e+01
1.025156727231378007e+01
1.027883637929035388e+01
1.030423712983463425e+01
1.032846645055226631e+01
1.037605022667399091e+01
1.039639455227045062e+01
1.041528571175286189e+01
1.043327234947042115e+01
1.047155882810749006e+01
1.048650567956610757e+01
1.050123010763991616e+01
1.053588367099190037e+01
9.175809157611578115e+00
9.243989339165882058e+00
9.448396429797883300e+00
9.494986714800823790e+00
9.579463116348190255e+00
9.670419452506081370e+00
9.858396869114109506e+00
9.920438165247908557e+00
9.977704772721288862e+00
1.008377107082002055e+01
1.012225031639055928e+01
1.015814945069741881e+01
1.019142398906361713e+01
1.025638644565111690e+01
1.028276585908851004e+01
1.030806281205318697e+01
1.033221799164256183e+01
1.038174426532490280e+01
1.040210341914700187e+01
1.042139494072205608e+01
1.043923329618309559e+01
1.047883948690329881e+01
1.049403841819800576e+01
1.050834765595353204e+01
1.053116829523409947e+01
9.371793816072468530e+00
9.582725325991942711e+00
9.587351732395779536e+00
9.625994088448539543e+00
9.788274189999247810e+00
9.826545840410645383e+00
9.865870294843418264e+00
9.907255872642048544e+00
1.003753666323274274e+01
1.007069257579373023e+01
1.010427850689863938e+01
1.018859179796381653e+01
1.021448187995463641e+01
1.024060921355590636e+01
1.026620273103368675e+01
1.032609393444772827e+01
1.034743175116294012e+01
1.036836920578554100e+01
1.038881732896157040e+01
1.043626765105241461e+01
1.045398738070821310e+01
1.047093604263003819e+01
1.048717294972051128e+01
1.052651223237895373e+01
1.054073250078054791e+01
9.764519372502515893e+00
9.747585538806330163e+00
9.740423505815732241e+00
9.743670887233845335e+00
9.898047544511292983e+00
9.920719901535310470e+00
9.947544161742293056e+00
1.006673343954426514e+01
1.008853093125473777e+01
1.011207815359233031e+01
1.013688577511046596e+01
1.021669128557701534e+01
1.023780667890741469e+01
1.025961899884356043e+01
1.028175753974408657e+01
1.034115941171155484e+01
1.036037679215835006e+01
1.037957934437950414e+01
1.039869292724672789e+01
1.044620256224019172e+01
1.046341813222377937e+01
1.048014437076079375e+01
1.050615307855685465e+01
1.052155960501070275e+01
1.055023739342437494e+01
1.013857619283493250e+01
9.902154963017277822e+00
9.883649337401836377e+00
1.000273481762423700e+01
9.999368810400914853e+00
1.000246790956247622e+01
1.010626548913620759e+01
1.011624488500093655e+01
1.012896750261153400e+01
1.014370675891101214e+01
1.022159942826828427e+01
1.023524139586940684e+01
1.025027721668192449e+01
1.031359374022190956e+01
1.032855541990616643e+01
1.034421402619616792e+01
1.036018402522485005e+01
1.041074827470292519e+01
1.042590272132068385e+01
1.044154649938501400e+01
1.045810962743986927e+01
1.050226808343564855e+01
1.051725941957121613e+01
1.053213212990157466e+01
1.054645619588277050e+01
1.036430627195650445e+01
1.018085146417274522e+01
1.015463516121757515e+01
1.011830600836676552e+01
1.010451575850909123e+01
1.009991900855656333e+01
1.018209703512765074e+01
1.018455852058609068e+01
1.019075671890921342e+01
1.026003418916187293e+01
1.026749278666551035e+01
1.027690870995540706e+01
1.028767400177977898e+01
1.034572650521280401e+01
1.035739631880202793e+01
1.036992616947912715e+01
1.038279706934627633e+01
1.043118156965328325e+01
1.044362245097648234e+01
1.045726441857760491e+01
1.048813678438798469e+01
1.050148218747603579e+01
1.051558383007239073e+01
1.055674698448621029e+01
1.056963271257899883e+01
1.051721493489426607e+01
1.050197151892257708e+01
1.039178297409225138e+01
1.029797961860888833e+01
1.031154744508175192e+01
1.028036368653266130e+01
1.026276258268207187e+01
1.025396944486962880e+01
1.030984219913161581e+01
1.030834454834061908e+01
1.030978288622899441e+01
1.036016919699920891e+01
1.036478077517740815e+01
1.037112725575705241e+01
1.037897138712772360e+01
1.042674793018294821e+01
1.043517036235405904e+01
1.044415626710000389e+01
1.045358701861557016e+01
1.049571400769686491e+01
1.050649412774687619e+01
1.051826773891567157e+01
1.053069379201319933e+01
1.057118967627261519e+01
1.058300777211836063e+01
1.068757641942606540e+01
1.060059404774327874e+01
1.051244024623387929e+01
1.043300544140866037e+01
1.042510199713539976e+01
1.037861550971203073e+01
1.034663102697765780e+01
1.032658326589426956e+01
1.036988168480217709e+01
1.036200789698022717e+01
1.035847877927471217e+01
1.040170305705436071e+01
1.040317105139404674e+01
1.040705604651522087e+01
1.041264628758656308e+01
1.045155555170105188e+01
1.046322536529027758e+01
1.047006117731649510e+01
1.050317260520050233e+01
1.050965253981102698e+01
1.051748184295602684e+01
1.055731045706104254e+01
1.056660775454572843e+01
1.057667611976435751e+01
1.058723381642958827e+01
1.079476966267442961e+01
1.073943072453599612e+01
1.067340063570141950e+01
1.061952969190267382e+01
1.056740847873101075e+01
1.052136683807723294e+01
1.052553356948580898e+01
1.049323769401272344e+01
1.046175737095059333e+01
1.043709803168900763e+01
1.046675448299579259e+01
1.045400220893385246e+01
1.044638050094802395e+01
1.048469663603637159e+01
1.048428144571808929e+01
1.048564564247820385e+01
1.048881888276802599e+01
1.052756503640032548e+01
1.053075310491581895e+01
1.053515708793487704e+01
1.054111803464754971e+01
1.057940451328458664e+01
1.058710036239870789e+01
1.059555245102112941e+01
1.060455318399274560e+01
1.082113424788615141e+01
1.077805825236305637e+01
1.072544770774482181e+01
1.068157098803644267e+01
1.063778323768199385e+01
1.059573038972895986e+01
1.059132640670990355e+01
1.056395350215375828e+01
1.053770754274724553e+01
1.051080914141200218e+01
1.052835093235997022e+01
1.051020118416021987e+01
1.049682612462085807e+01
1.053623954840755950e+01
1.052585979045019116e+01
1.052411005982310321e+01
1.055969780139121994e+01
1.055940123687818044e+01
1.055969780139121994e+01
1.058944322205193700e+01
1.059273508814699838e+01
1.059721321229431723e+01
1.060262551465779701e+01
1.063539589335178448e+01
1.064165340457752862e+01
1.086201566601257085e+01
1.083301165663451826e+01
1.079966297714005918e+01
1.076435697185934259e+01
1.073263939718673043e+01
1.070200428298683093e+01
1.067151745104345295e+01
1.064294346020938420e+01
1.063886569815467809e+01
1.061899587577915050e+01
1.060025299855325898e+01
1.058186599874305678e+01
1.058828662045096181e+01
1.057584573912776271e+01
1.056752710453622157e+01
1.059082224703769093e+01
1.058827179222532244e+01
1.058739692691177936e+01
1.058718933175260801e+01
1.061122588553677026e+01
1.061484397259618362e+01
1.061933692496917203e+01
1.062439334991699269e+01
1.065370875203372414e+01
1.065937313423332711e+01
1.087724425375858850e+01
1.085408256528799953e+01
1.082635378331616316e+01
1.079600040540366557e+01
1.076672948796388241e+01
1.073938623985901586e+01
1.071306613932424412e+01
1.068674603878947238e+01
1.067660353244255234e+01
1.065642231732831569e+01
1.063845050783639579e+01
1.065670405361571582e+01
1.062611342409276816e+01
1.061248628471731514e+01
1.063575177076747558e+01
1.062611342409276816e+01
1.061924795561524171e+01
1.061143348069591141e+01
1.063096225388141569e+01
1.062961288534697246e+01
1.063105122323534601e+01
1.065685233587223735e+01
1.066084112857301136e+01
1.066555650433078029e+01
1.067061292927860094e+01
1.090332710268291017e+01
1.088836542299865329e+01
1.086394333534751766e+01
1.084359900975105973e+01
1.082138632772227282e+01
1.079635628281935666e+01
1.077607127012551835e+01
1.075408101148154394e+01
1.073157176493968556e+01
1.070995221193704339e+01
1.070467336360444222e+01
1.068931132182751220e+01
1.067394928005061416e+01
1.065912105439720570e+01
1.066669827770611612e+01
1.065694130522616767e+01
1.064822230854198359e+01
1.065929899310506634e+01
1.065274491736625073e+01
1.065019446255388047e+01
1.065072827867740379e+01
1.067424584456368386e+01
1.067755253888438816e+01
1.068174892674430332e+01
1.068643464605076154e+01
1.090752349054282710e+01
1.089531986083007986e+01
1.087435274975619848e+01
1.085780444992701455e+01
1.083947676301940355e+01
1.081944383016168665e+01
1.079780944893337136e+01
1.077879966364574926e+01
1.075903363884976116e+01
1.076105027753864007e+01
1.074697829139356564e+01
1.071800393846682198e+01
1.070277535072080433e+01
1.071322924980643521e+01
1.070225636282292214e+01
1.069239559276343421e+01
1.069817860076824623e+01
1.069098691132636958e+01
1.068305381060179826e+01
1.069129830406508042e+01
1.068917786779663182e+01
1.068888130328356034e+01
1.069023067181803555e+01
1.070962599097266121e+01
1.071383720705821574e+01
1.091060776147871891e+01
1.090168116963539369e+01
1.089226524634546678e+01
1.088124787468500543e+01
1.085961349345672033e+01
1.084460732909548319e+01
1.082859284538982081e+01
1.081210385846325650e+01
1.079116640384065562e+01
1.077614541125377912e+01
1.076410489202322118e+01
1.075259818891618657e+01
1.074078009307044113e+01
1.073028170930782998e+01
1.072157754084928705e+01
1.071334787561167623e+01
1.071438585140741040e+01
1.070869181275649673e+01
1.070247878620773285e+01
1.070869181275649673e+01
1.070627481197500863e+01
1.070510338214839408e+01
1.070532580553317459e+01
1.072163685375190667e+01
1.072510665855480028e+01
1.091114157760224046e+01
1.090295639704157793e+01
1.089465259067567615e+01
1.088582979641192239e+01
1.086507028049715196e+01
1.085144314112169894e+01
1.083710424691486374e+01
1.082951219538034593e+01
1.081552917858916985e+01
1.078704415710903142e+01
1.077547814109937541e+01
1.077325390725135712e+01
1.076091682350775969e+01
1.074905424298503398e+01
1.073855585922242284e+01
1.073163107784230696e+01
1.072620394725315407e+01
1.072179996423409776e+01
1.072257103196807115e+01
1.072160719730059597e+01
1.072144408681840666e+01
1.073120105929835510e+01
1.073105277704180338e+01
1.073167556251925703e+01
1.073344012137201275e+01
1.091842223639804743e+01
1.091121571873049945e+01
1.089846344466859129e+01
1.089109381651885222e+01
1.088111442065412504e+01
1.086920735545444749e+01
1.084809196212401616e+01
1.083541382919036700e+01
1.082220188013319628e+01
1.080853025608079321e+01
1.079205609737987004e+01
1.078072733298066588e+01
1.076839024923706845e+01
1.075682423322741421e+01
1.074521373254080814e+01
1.073794790197064053e+01
1.073195729880668736e+01
1.072759780046458111e+01
1.072971823673299774e+01
1.072887302787076536e+01
1.072913993593252613e+01
1.073997936888515881e+01
1.074187738176879492e+01
1.074334537610848095e+01
1.074462060351466519e+01
1.091763634043843467e+01
1.091097846712004937e+01
1.089993143900827732e+01
1.089271009311508998e+01
1.088313105934300218e+01
1.087223231348774988e+01
1.086375056841401765e+01
1.084021817430206625e+01
1.082804420104065990e+01
1.082128253014270314e+01
1.080973134235871846e+01
1.079887708118041623e+01
1.078266983054128403e+01
1.077172660000908166e+01
1.076136167027735091e+01
1.075250921956228822e+01
1.074706726074746577e+01
1.074266327772840768e+01
1.073949003743858555e+01
1.073753271165236001e+01
1.074444266480683652e+01
1.074552512527951897e+01
1.074798661073798911e+01
1.076186582994956353e+01
1.076496492911112490e+01
1.092290036054539648e+01
1.091171987840274227e+01
1.090678207926016441e+01
1.090131046399406323e+01
1.088648223834065476e+01
1.087708114327639919e+01
1.086689415225252908e+01
1.085612886042815717e+01
1.083790497110014783e+01
1.082653172202399361e+01
1.081524744230176971e+01
1.080454146338001742e+01
1.078889768531568727e+01
1.077831033219917600e+01
1.076846439036532921e+01
1.075958228319895582e+01
1.075535623888772818e+01
1.075127847683305227e+01
1.074803109541493917e+01
1.075151572844350412e+01
1.075150090021783278e+01
1.075271681472142760e+01
1.075548969291860857e+01
1.076462387992110337e+01
1.077200833629648180e+01
1.091726563479710421e+01
1.091266888484454611e+01
1.090793868086110763e+01
1.090217050108193497e+01
1.089566091002010140e+01
1.088775746574683900e+01
1.086947426351620827e+01
1.086206015068952091e+01
1.085190281611696150e+01
1.084133029122608960e+01
1.082398126721162335e+01
1.081413532537777655e+01
1.080436352467218697e+01
1.079413204897133838e+01
1.078170599587381062e+01
1.077436602417538225e+01
1.076819748230356844e+01
1.076285932106834764e+01
1.076137649850299027e+01
1.075857396385450038e+01
1.075734322112526442e+01
1.075743219047919652e+01
1.076594359200423767e+01
1.076910200406842222e+01
1.077303148386657661e+01
1.092238137264751430e+01
1.091793290495150615e+01
1.091341029612720881e+01
1.090273397365676722e+01
1.089589816163055147e+01
1.088860267460910336e+01
1.087300338122172327e+01
1.086383953776791600e+01
1.085403808061104947e+01
1.084402902829501159e+01
1.082786626233279748e+01
1.081859862129942229e+01
1.080885647704514341e+01
1.079932192795003765e+01
1.078784488129431374e+01
1.078075698943197480e+01
1.077472190159104315e+01
1.076947270970975268e+01
1.076661086215864138e+01
1.076435697185934259e+01
1.076293346219660663e+01
1.076767849440568625e+01
1.077042171615155652e+01
1.077366909756966962e+01
1.078256603296168237e+01
1.092270759361189469e+01
1.091846672107502947e+01
1.091343995257851951e+01
1.090773108570196825e+01
1.089589816163055147e+01
1.088931442944045536e+01
1.088216722467552877e+01
1.087429343685357708e+01
1.085857551766098794e+01
1.084982686452546297e+01
1.084076681865125735e+01
1.083141020826395184e+01
1.081761995840630775e+01
1.080941994961997565e+01
1.080132373841324522e+01
1.079343512236562574e+01
1.078606549421588667e+01
1.078093492813983723e+01
1.077580436206375758e+01
1.077196385161953174e+01
1.077344667418485713e+01
1.077294251451264628e+01
1.077340218950790884e+01
1.077525571771456470e+01
1.078797833532519412e+01
1.092663707341005086e+01
1.091827395414152768e+01
1.091290613645499619e+01
1.090725658248106456e+01
1.090157737205582400e+01
1.088943305524569638e+01
1.088284932305557007e+01
1.087539072555193265e+01
1.086044387409331513e+01
1.085230317820960266e+01
1.084356935329974903e+01
1.083458344855380417e+01
1.082192014384579437e+01
1.081413532537777655e+01
1.080623188110451594e+01
1.079818015457470359e+01
1.079101812158413587e+01
1.078610997889286693e+01
1.078100906926809799e+01
1.078237326602821256e+01
1.077879966364574926e+01
1.077842895800438683e+01
1.077909622815878876e+01
1.078682173372421893e+01
1.079020256917318221e+01
1.092567323874257745e+01
1.092204032345749276e+01
1.091252060258802636e+01
1.090667828168056275e+01
1.090098424302968105e+01
1.089548297131226917e+01
1.088947753992264644e+01
1.087678457876332772e+01
1.086953357641882967e+01
1.086194152488431008e+01
1.084767677180573386e+01
1.084021817430206625e+01
1.083308579776280922e+01
1.082583479541828098e+01
1.081406118424948382e+01
1.080663224319715709e+01
1.080040438842272188e+01
1.079531830702362249e+01
1.079098846513282517e+01
1.078815627403302457e+01
1.078603583776457597e+01
1.078428610713748981e+01
1.079041016433235356e+01
1.079297544737036318e+01
1.079623765701411564e+01
1.092481320165467373e+01
1.092107648879001935e+01
1.091689492915577375e+01
1.090633723249054121e+01
1.090067285029094002e+01
1.089503812454267795e+01
1.088937374234307676e+01
1.087745184891772965e+01
1.087040844173237275e+01
1.086324640874180503e+01
1.084963409759199315e+01
1.084284277024272569e+01
1.083648146143741187e+01
1.082969013408817460e+01
1.081802032049895068e+01
1.081088794395966168e+01
1.080437835289782811e+01
1.079893639408303585e+01
1.079592626427540480e+01
1.079339063768867568e+01
1.079134434254851804e+01
1.079485863202836171e+01
1.079502174251055102e+01
1.079653422152718711e+01
1.080915304155821488e+01
9.355280532534722582e+00
9.357249547182799887e+00
9.449129988603512942e+00
9.753850550247459950e+00
1.003146088915772083e+01
1.014261694765968969e+01
1.023725400958771914e+01
1.031201438680511728e+01
1.037512648789377678e+01
1.047216782033949123e+01
1.051297823972983281e+01
1.055016152687368702e+01
1.058421511705059004e+01
1.064875734456787626e+01
1.067592974671148909e+01
1.070156839007658434e+01
1.072749720402139140e+01
1.078084713774955361e+01
1.080339753708761741e+01
1.082513960409652398e+01
1.084509919468713157e+01
1.088678012581659615e+01
1.090477070175912644e+01
1.092396341296049656e+01
1.096514690881047471e+01
9.715299316084903936e+00
9.642134877055990927e+00
9.842746379991073269e+00
9.893070249102169811e+00
9.974898352582675543e+00
1.006340037939664711e+01
1.025893389718665816e+01
1.032154856299583301e+01
1.037773802311124172e+01
1.047813704369369070e+01
1.051612866316674655e+01
1.055177819153213115e+01
1.058608049934877826e+01
1.065414622676265921e+01
1.068173315830587278e+01
1.070788996342041877e+01
1.073290681268613511e+01
1.078803922283255545e+01
1.081005073395116689e+01
1.083183425389999499e+01
1.085144149450096762e+01
1.089600340495764641e+01
1.091343436621071739e+01
1.093082387452382598e+01
1.095973730014573277e+01
1.003280810970637305e+01
1.013604665667606852e+01
1.005589739726397625e+01
1.005011471213959595e+01
1.020529379287878946e+01
1.023300508324185287e+01
1.026749392928836002e+01
1.030565136052127428e+01
1.042992727452052470e+01
1.046253001179884023e+01
1.049411715204813333e+01
1.057546854671911163e+01
1.060365654589170248e+01
1.063240415975379527e+01
1.066092378244605854e+01
1.072424314823454239e+01
1.074743606814199381e+01
1.077114714979897769e+01
1.079436079617643074e+01
1.084872632693357275e+01
1.086959788220331191e+01
1.088916366986432038e+01
1.090676044287720714e+01
1.095426551207106414e+01
1.097128194392448997e+01
1.039572859905376845e+01
1.030507101936185776e+01
1.023578243021917444e+01
1.019731410193654675e+01
1.031489536613228353e+01
1.032554877170195518e+01
1.034509383289296025e+01
1.045500630319616597e+01
1.047639602021535410e+01
1.049969257247273546e+01
1.052276113356033704e+01
1.060284821356250262e+01
1.062525352761071318e+01
1.064886097691780975e+01
1.067379492030355337e+01
1.073802625077117057e+01
1.075877344722101547e+01
1.078049478775987602e+01
1.080298300768805930e+01
1.085886157075375280e+01
1.087989893778330774e+01
1.089892583722481945e+01
1.092839887753618200e+01
1.094692834169816287e+01
1.098174881126434421e+01
1.070733034873096301e+01
1.043570995964490677e+01
1.037686751137207253e+01
1.045496485025620181e+01
1.042897385690147161e+01
1.041736703371274331e+01
1.050543380465715337e+01
1.050916456925352804e+01
1.051782823370512077e+01
1.053045065392286972e+01
1.060765675459782642e+01
1.062204092476387451e+01
1.063820757134813633e+01
1.070536133408288570e+01
1.072204614241668352e+01
1.074020253011902781e+01
1.075750913255220453e+01
1.081104560451018592e+01
1.082980305984199276e+01
1.084953465926281702e+01
1.087094510275200676e+01
1.092271982476169079e+01
1.094127001539367683e+01
1.095936422368609442e+01
1.097631847612959533e+01
1.088665576699674631e+01
1.069705001962097057e+01
1.061600952199970571e+01
1.056236941769183524e+01
1.053154915683177784e+01
1.051482289555801586e+01
1.058425656999055420e+01
1.058096106126378544e+01
1.058263990533215448e+01
1.065221866505454784e+01
1.065752464136935629e+01
1.066745262048971554e+01
1.067961905836789782e+01
1.074105231538823446e+01
1.075386127383575996e+01
1.076816253812187796e+01
1.078155183772886261e+01
1.083258040681927170e+01
1.084804235342426537e+01
1.086553549408726482e+01
1.090220061948162922e+01
1.091998393072433515e+01
1.093774651549708032e+01
1.098792529931832362e+01
1.100206075184458321e+01
1.101837248371874267e+01
1.098767658167857952e+01
1.086586711760693724e+01
1.075580956201387650e+01
1.074376748295558670e+01
1.070111240773701766e+01
1.067578466142163407e+01
1.066073724421623936e+01
1.071290576915556514e+01
1.070830449282002128e+01
1.070662564875165224e+01
1.075978904424999527e+01
1.076494993527499489e+01
1.077127150861887195e+01
1.077883667016151037e+01
1.083249750093934161e+01
1.083987612425220703e+01
1.084771072990459473e+01
1.085747289726509379e+01
1.090680189581717130e+01
1.092191149243248915e+01
1.093824395077661116e+01
1.095505311793025882e+01
1.100357378415313647e+01
1.101615475143092127e+01
1.118061929072108995e+01
1.108451064942446962e+01
1.098643299347977376e+01
1.089523652556841071e+01
1.086856155870432872e+01
1.080876569281243960e+01
1.076669095875328885e+01
1.073943565072979212e+01
1.078049478775987602e+01
1.076830762341173298e+01
1.076146788831836432e+01
1.080754283108359459e+01
1.080901441045218370e+01
1.081286953386845262e+01
1.081803042489340783e+01
1.086371156472904076e+01
1.087295557034005000e+01
1.087838590547475448e+01
1.091513393674904719e+01
1.092211875713227087e+01
1.093198455684270343e+01
1.098506504646111637e+01
1.099727293727926458e+01
1.100935646927751854e+01
1.102110837775610008e+01
1.129902961371602998e+01
1.123459101854867548e+01
1.115510500617588541e+01
1.109178564038739978e+01
1.102983422161761595e+01
1.097362403503224826e+01
1.096904348516666516e+01
1.092831597165625368e+01
1.088899785810446197e+01
1.085774234137484129e+01
1.088707029639634882e+01
1.086949424985342283e+01
1.085958699720302434e+01
1.090504014586887394e+01
1.090354784003032407e+01
1.090441835176949326e+01
1.090644954582749548e+01
1.094603710348903292e+01
1.094777812696732866e+01
1.095233795036290658e+01
1.096089798246460845e+01
1.101161565450530411e+01
1.102102547187616999e+01
1.103045601571699663e+01
1.104061198600713922e+01
1.132659581878928279e+01
1.127581596733861957e+01
1.121121156041136402e+01
1.115883577077226008e+01
1.110675015171286617e+01
1.105605320614213127e+01
1.104349296533434810e+01
1.100906629869781028e+01
1.097687809081905286e+01
1.094384009767117405e+01
1.095965439426580268e+01
1.093639929494838370e+01
1.091950722191480772e+01
1.096576870290985539e+01
1.095349863268178403e+01
1.095057620041460922e+01
1.099076482570556834e+01
1.098719987286905209e+01
1.098481632882137404e+01
1.102030004542690023e+01
1.102618636290117138e+01
1.103306755093445979e+01
1.103984510661790353e+01
1.107686258200190110e+01
1.108395103473501209e+01
1.137186242922527057e+01
1.133710413906905679e+01
1.129695696671806182e+01
1.125471642089909707e+01
1.121313912211951980e+01
1.117558275851598282e+01
1.113815075373238273e+01
1.110245977242703397e+01
1.109371320209555734e+01
1.106989848808868260e+01
1.104647757701144783e+01
1.102301521299425247e+01
1.102774084814964439e+01
1.101227890154469335e+01
1.100278617829389738e+01
1.102958550397787185e+01
1.102419662178308890e+01
1.102013423366704004e+01
1.101768851020943707e+01
1.104857095047941939e+01
1.105474743853339881e+01
1.106057157659774504e+01
1.106579464703266957e+01
1.109897772547044603e+01
1.110542365763417294e+01
1.138927266400838079e+01
1.136114684424567045e+01
1.132767359522823014e+01
1.129069757278415409e+01
1.125316193565062051e+01
1.121927415723353505e+01
1.118640197584547025e+01
1.115340543563755560e+01
1.113897981253154335e+01
1.111479202206507466e+01
1.109234525507685731e+01
1.111263646918717996e+01
1.107284164682581817e+01
1.105619829143198452e+01
1.108502881117400563e+01
1.107367070562502143e+01
1.106384635885455303e+01
1.104923419751876601e+01
1.107199186155665416e+01
1.107132861451730577e+01
1.107447903795422128e+01
1.110660506642301115e+01
1.110975548985996930e+01
1.111414950149568881e+01
1.111953838369047176e+01
1.142054890720796223e+01
1.140204016951594213e+01
1.137115772924595802e+01
1.134576780352064773e+01
1.131898920430663580e+01
1.128835548167644021e+01
1.126068564425329654e+01
1.123253909802066985e+01
1.120464126942774286e+01
1.117840155843326855e+01
1.117149964392997319e+01
1.115058663572026987e+01
1.113010888338017246e+01
1.111160014568815235e+01
1.112217064537789568e+01
1.110985912220985838e+01
1.109794140197141843e+01
1.110716468111246691e+01
1.109953734015990179e+01
1.109756832551178185e+01
1.109997259602946507e+01
1.112646102466372611e+01
1.112932127752093336e+01
1.113338366563698045e+01
1.113945652134111342e+01
1.142486001296379783e+01
1.140983332222836566e+01
1.138286818478457540e+01
1.136270132949418965e+01
1.134006802427615312e+01
1.131529989265022351e+01
1.128609629644861023e+01
1.126165978834235304e+01
1.123711964788620854e+01
1.123958609781381668e+01
1.122298419535994896e+01
1.118418424355764884e+01
1.116306397064816736e+01
1.117560348498598621e+01
1.116391375591733137e+01
1.115205821508886075e+01
1.115680457671425785e+01
1.114660715348415110e+01
1.113667917436379362e+01
1.114836890343244846e+01
1.114575736821498708e+01
1.114480395059588957e+01
1.114542574469531289e+01
1.116897101459244013e+01
1.117454643501699962e+01
1.142732646289140597e+01
1.141644506615195098e+01
1.140444444003362534e+01
1.139103441395663552e+01
1.136282568831403950e+01
1.134381951534253119e+01
1.132350757476224956e+01
1.130263601949255303e+01
1.127558797616883624e+01
1.125770103257619681e+01
1.124269506831076626e+01
1.122744038640559339e+01
1.120789532521459009e+01
1.119691029612528865e+01
1.118681650524507276e+01
1.117641181731518785e+01
1.117541694675616881e+01
1.116760306757374011e+01
1.116005863250106245e+01
1.116888810871251181e+01
1.116563405292566458e+01
1.116412102061715217e+01
1.116322978240798136e+01
1.118414279061768468e+01
1.118870261401326260e+01
1.142788607758086172e+01
1.141729485142111500e+01
1.140682798408130338e+01
1.139534551971247112e+01
1.136912653518795580e+01
1.135173702687484898e+01
1.133339410094264288e+01
1.132282360125294218e+01
1.130468794002056043e+01
1.126939076164485165e+01
1.125537966793844191e+01
1.124889228283474907e+01
1.123268418331052310e+01
1.121856945725422250e+01
1.120488998706752959e+01
1.119591542556622699e+01
1.118922077576275598e+01
1.118354172298826299e+01
1.118470240530714044e+01
1.118347954357833984e+01
1.118333445828848483e+01
1.119527290499688377e+01
1.119496200794717211e+01
1.119618486967597448e+01
1.119825751667398350e+01
1.143713008319187097e+01
1.142740936877129165e+01
1.141066238102756891e+01
1.140079658131717899e+01
1.138804980227953578e+01
1.137337546153382206e+01
1.134657613584984759e+01
1.132984987457608739e+01
1.131272981037272629e+01
1.129496722559998112e+01
1.127295571448136968e+01
1.125743158846644931e+01
1.124199036833145726e+01
1.122835235108472673e+01
1.121150173099111491e+01
1.120271370771962971e+01
1.119568743439644365e+01
1.119002910809195583e+01
1.119307589917898049e+01
1.119183231098021736e+01
1.119266136977942239e+01
1.120586413115658786e+01
1.120876583695375928e+01
1.121063121925194750e+01
1.121268313977995312e+01
1.143632175086262670e+01
1.142753372759118591e+01
1.141302519860528619e+01
1.140324230477478373e+01
1.139091005513678567e+01
1.137741712317986753e+01
1.136711606759987170e+01
1.133629580673985693e+01
1.131954881899608978e+01
1.131123750453417642e+01
1.129648025790853438e+01
1.128137066129321653e+01
1.125979440604416659e+01
1.124555532116801615e+01
1.123173076569142559e+01
1.121995813074288506e+01
1.121363655739900622e+01
1.120891092224361429e+01
1.120513870470727369e+01
1.120225772538006481e+01
1.121139809864118320e+01
1.121307694270955047e+01
1.121678698083596615e+01
1.123403140385921972e+01
1.123809379197526681e+01
1.144237388009675627e+01
1.143004163045875821e+01
1.142380296299480946e+01
1.141632070733209936e+01
1.139690000496094591e+01
1.138429831121320035e+01
1.137130281453581304e+01
1.135760261787911496e+01
1.133324901565278964e+01
1.131890629842675011e+01
1.130412832533110290e+01
1.128959906987520156e+01
1.126702794406713437e+01
1.125303757683072803e+01
1.123989699486348570e+01
1.122949230693360079e+01
1.122439359531857050e+01
1.121941924252338829e+01
1.121543976028726952e+01
1.122080791601204908e+01
1.122107736012179657e+01
1.122281838360009054e+01
1.122594808056704352e+01
1.123769998904562506e+01
1.124781450639580171e+01
1.143619739204277685e+01
1.143147175688734052e+01
1.142556471294310683e+01
1.141806173081039333e+01
1.140780212817036343e+01
1.139692073143094930e+01
1.137300238507418548e+01
1.136154064717531398e+01
1.134893895342756664e+01
1.133598490969014350e+01
1.131161058099381478e+01
1.129817982844686419e+01
1.128508069941958780e+01
1.127243755273187631e+01
1.125763885316627011e+01
1.124866429166496573e+01
1.124087113895254397e+01
1.123434230090888875e+01
1.123361687445961721e+01
1.123054935690258915e+01
1.122928504223382262e+01
1.122924358929385669e+01
1.123971045663366652e+01
1.124379357121971879e+01
1.124965916222402917e+01
1.144144118894766216e+01
1.143688136555208246e+01
1.143180338040705557e+01
1.141578181911260437e+01
1.140645490762166681e+01
1.139600876675181595e+01
1.137476413502244021e+01
1.136299150007389969e+01
1.135123959159531637e+01
1.133791247139825842e+01
1.131588023380968444e+01
1.130334071947186381e+01
1.129094629042389641e+01
1.127840677608607578e+01
1.126574290292840530e+01
1.125660252966728692e+01
1.124967988869398994e+01
1.124393865650957380e+01
1.124126494188218572e+01
1.123838396255497507e+01
1.123626986261704275e+01
1.124217690656127644e+01
1.124557604763797869e+01
1.125050894749319497e+01
1.126323500006083300e+01
1.144187644481726807e+01
1.143704717731194087e+01
1.142987581869889979e+01
1.142235211009622375e+01
1.140516986648289688e+01
1.139538697265243528e+01
1.138579061705175022e+01
1.137580045852146782e+01
1.135619321792049519e+01
1.134475220649162708e+01
1.133326974212279126e+01
1.132095821895475396e+01
1.130336144594182457e+01
1.129297748448194305e+01
1.128257279655205814e+01
1.127247900567184047e+01
1.126607452644807950e+01
1.126000167074398917e+01
1.125365937093015134e+01
1.124831194167533255e+01
1.125023950338344569e+01
1.125063330631308745e+01
1.125069548572301237e+01
1.125231215038145649e+01
1.127057217043368986e+01
1.144587665352334760e+01
1.143489162443404439e+01
1.142805188934067573e+01
1.142044527485807137e+01
1.141236195156594135e+01
1.139501389619279692e+01
1.138645386409109506e+01
1.137718913201008419e+01
1.135897056489781498e+01
1.134866950931781915e+01
1.133741503611877022e+01
1.132547658941036950e+01
1.130841870461693333e+01
1.129846999902657245e+01
1.128787877286686836e+01
1.127840677608607578e+01
1.127235464685194799e+01
1.126547345881865780e+01
1.125900680018492750e+01
1.126211577068191971e+01
1.125977367957420583e+01
1.125946278252449417e+01
1.125890316783503664e+01
1.126959802634463159e+01
1.127378477328057294e+01
1.144405272416512531e+01
1.143916127724987319e+01
1.142668394232202012e+01
1.141820681610024835e+01
1.141091109866735565e+01
1.140382264593424466e+01
1.139571859617210947e+01
1.137992502604743983e+01
1.137061884102650566e+01
1.136091885307593152e+01
1.134265883302365552e+01
1.133223341862376543e+01
1.132284432772290295e+01
1.131322724565225712e+01
1.129925760488581332e+01
1.129061466690422577e+01
1.128387856416078883e+01
1.127784716139662180e+01
1.127453092619984787e+01
1.127216810862212881e+01
1.127106960571322070e+01
1.126920422341503425e+01
1.127467601148970289e+01
1.127786788786662342e+01
1.128141211423318069e+01
1.144266405067646453e+01
1.143771042435128749e+01
1.143194846569690881e+01
1.141793737199050085e+01
1.141091109866735565e+01
1.140373974005431457e+01
1.139611239910170681e+01
1.138121006718620976e+01
1.137223550568490715e+01
1.136286714125400366e+01
1.134483511237155540e+01
1.133548747441061266e+01
1.132682380995902172e+01
1.131805651315753991e+01
1.130504029001019362e+01
1.129677042848824442e+01
1.129009650515473240e+01
1.128377493181085711e+01
1.128280078772179706e+01
1.128043797014412242e+01
1.127807515256640514e+01
1.128018925250433568e+01
1.127998198780455574e+01
1.128226189950234470e+01
1.129791038433711670e+01
9.688712673096134154e+00
9.675504360108838853e+00
9.754404747999178227e+00
9.957940512636476171e+00
1.009554317476141883e+01
1.014022969351771231e+01
1.017102097060033472e+01
1.019994428371121309e+01
1.022202241271916989e+01
1.025428395821825944e+01
1.026922766999220471e+01
1.028359291550391674e+01
1.029706635886140020e+01
1.032285631305192197e+01
1.033354588752250081e+01
1.034394622886193638e+01
1.035496119060498543e+01
1.037773829967979466e+01
1.038687324607064788e+01
1.039634563111447463e+01
1.040486595710171258e+01
1.042323226092710620e+01
1.043190925486036669e+01
1.044121292057769423e+01
1.046090487625403043e+01
9.943515010222430561e+00
9.882028867100896008e+00
9.995733641767991173e+00
1.002331925164750004e+01
1.006551113464798064e+01
1.010248476990802757e+01
1.017646819456955143e+01
1.020089634276777701e+01
1.022117881608677337e+01
1.025472985929537373e+01
1.026799842918497596e+01
1.028185751671726500e+01
1.029640353293595290e+01
1.032330221412906113e+01
1.033494384765617724e+01
1.034572983317044503e+01
1.035660017834794999e+01
1.037982318849987351e+01
1.038945224148969793e+01
1.039943078451294767e+01
1.040790290497835358e+01
1.042764306617652181e+01
1.043559697728200319e+01
1.044439448501990597e+01
1.045794023666014816e+01
1.014078405701901708e+01
1.017896283032536431e+01
1.011968208982855089e+01
1.009674831280771912e+01
1.015934318293181349e+01
1.016695965538434621e+01
1.017815538783434803e+01
1.019197832122525504e+01
1.023614663062164709e+01
1.024834262765004489e+01
1.025889963693552964e+01
1.028795551523147545e+01
1.029957304599768975e+01
1.031147980989499402e+01
1.032413375938100764e+01
1.034958627491855587e+01
1.035922737928885695e+01
1.036970002891107789e+01
1.038037755200117829e+01
1.040517929299373279e+01
1.041503732221236511e+01
1.042377457304793431e+01
1.043171643277296390e+01
1.045392712696601478e+01
1.046259206951882526e+01
1.030139280444757865e+01
1.025239189148558339e+01
1.020263174155442876e+01
1.016971942151034725e+01
1.020145070626905692e+01
1.020210148081405066e+01
1.020640382363930243e+01
1.024429336381453126e+01
1.025172906556011299e+01
1.026018913464504223e+01
1.026796227504359571e+01
1.029847637037555330e+01
1.030721362121114915e+01
1.031674626315725973e+01
1.032768891661754829e+01
1.035427426191861144e+01
1.036249330339428099e+01
1.037177286635067830e+01
1.038219731045106897e+01
1.040845726847963348e+01
1.041852017116612217e+01
1.042704049715338499e+01
1.043968239525892017e+01
1.044874503336698801e+01
1.046618338089674616e+01
1.043416286300691809e+01
1.029546352525984076e+01
1.025738116299720915e+01
1.027400001665549745e+01
1.025387421128249876e+01
1.024195539600474270e+01
1.026961331416701029e+01
1.026814304575054670e+01
1.026850458716442560e+01
1.027215615544468008e+01
1.030016356364037478e+01
1.030594822626254015e+01
1.031315495177933705e+01
1.034029466058170499e+01
1.034705548502136274e+01
1.035503349888777080e+01
1.036217996750226078e+01
1.038330603745365366e+01
1.039228431589848434e+01
1.040186516336645184e+01
1.041283191958767063e+01
1.043646467667532818e+01
1.044533449269599146e+01
1.045462610703286721e+01
1.046290540541084546e+01
1.049363642559116094e+01
1.040797521326113895e+01
1.034723625572831374e+01
1.031533625164310308e+01
1.029472839105160986e+01
1.028142366702060073e+01
1.030285102148359044e+01
1.029792200687427339e+01
1.029586122081512478e+01
1.032128963359176943e+01
1.032188015123442959e+01
1.032512197257895181e+01
1.033101509762528281e+01
1.035617838003173752e+01
1.036122790844569685e+01
1.036730180419897884e+01
1.037230312709105640e+01
1.039242893246403021e+01
1.039959950383944687e+01
1.040775828841280770e+01
1.042456996415850057e+01
1.043387362987582634e+01
1.044283985694017858e+01
1.046753313550859232e+01
1.047379985334927710e+01
1.053422547499008388e+01
1.051177375318777152e+01
1.045748228420255721e+01
1.040457672397059596e+01
1.038465579206550160e+01
1.035998661625801631e+01
1.034503085310359438e+01
1.033479923109063137e+01
1.035232193828362846e+01
1.034806780098023538e+01
1.034540444589794816e+01
1.036606051201129830e+01
1.036798873288535461e+01
1.037060388244578490e+01
1.037321903200624007e+01
1.039708076532270553e+01
1.039857513650009935e+01
1.039998514801425245e+01
1.040340774006570079e+01
1.042523279008394610e+01
1.043335542051592668e+01
1.044193600340547334e+01
1.045105889841584812e+01
1.047418549752408445e+01
1.047947605354727685e+01
1.058754078215777916e+01
1.054680711619331035e+01
1.050327752996143538e+01
1.046148334251623879e+01
1.043876649034373827e+01
1.040824034363130224e+01
1.038466784344595339e+01
1.036939874439950948e+01
1.038253474910401764e+01
1.037521956116307997e+01
1.036954336096505536e+01
1.038790966479047384e+01
1.038783735650768847e+01
1.038956070391386355e+01
1.039101892094987534e+01
1.041203652847710437e+01
1.041409731453625298e+01
1.041454321561339391e+01
1.042994487984493190e+01
1.043205387142593743e+01
1.043710339983987190e+01
1.046523132184018223e+01
1.047126906345208575e+01
1.047676449294313272e+01
1.048180196997661540e+01
1.063562579020459076e+01
1.060779915271584706e+01
1.056875268001617485e+01
1.054003424037317771e+01
1.051054451238054099e+01
1.048305531354474773e+01
1.047407703509991883e+01
1.045411994905341757e+01
1.043421106852877500e+01
1.041827914355688733e+01
1.042824563519965864e+01
1.041864068497076445e+01
1.041248242955424352e+01
1.043307823876526186e+01
1.043163207310972673e+01
1.043153566206601113e+01
1.043182489519712952e+01
1.044653963074229175e+01
1.044528628717415941e+01
1.044699758319988447e+01
1.045127582326417937e+01
1.047837937792516882e+01
1.048253710418484808e+01
1.048648995697667274e+01
1.049032229596385335e+01
1.064626715915331090e+01
1.062286337829441152e+01
1.059108388801384493e+01
1.056635445530405093e+01
1.054197451262768404e+01
1.051752226166855664e+01
1.050654345406688606e+01
1.048870741098184389e+01
1.047331779813075769e+01
1.045748228420255721e+01
1.046218232258308944e+01
1.044984170898912268e+01
1.044124907471909935e+01
1.046176052426687875e+01
1.045584329645961930e+01
1.045369815073723174e+01
1.047136547449577471e+01
1.046805134486849198e+01
1.046465285557797387e+01
1.048129581199719240e+01
1.048517635650623170e+01
1.048953895623379040e+01
1.049216615717467249e+01
1.050801372248334964e+01
1.051036374167361487e+01
1.066386217462906849e+01
1.064718306406846970e+01
1.062864804091660176e+01
1.060846197864129437e+01
1.058687795623230699e+01
1.056827062479765367e+01
1.055036227342985278e+01
1.053238161377926474e+01
1.052521104240384808e+01
1.051383453924692013e+01
1.050331368410284227e+01
1.049099717326977732e+01
1.049149127986877339e+01
1.048304326216429594e+01
1.047893374142644873e+01
1.049123820087903702e+01
1.048733355360906927e+01
1.048304326216429594e+01
1.048045221536476923e+01
1.049563695474797598e+01
1.049981878376860855e+01
1.050296419406941517e+01
1.050496472322623021e+01
1.051816098483307371e+01
1.052105331614416883e+01
1.067057479354689420e+01
1.065749904574469298e+01
1.064153096663139841e+01
1.062417697876487743e+01
1.060494297554615883e+01
1.058851694397527154e+01
1.057192219307790992e+01
1.055564077807256851e+01
1.054586710851719999e+01
1.053506907162248041e+01
1.052453616509792411e+01
1.053322521041166304e+01
1.051189426699238894e+01
1.050414522935476214e+01
1.051841406382278521e+01
1.051273786362478546e+01
1.050770038659130279e+01
1.049695055521844189e+01
1.050691704686121497e+01
1.050661576234964656e+01
1.050927911743195864e+01
1.052500616893599350e+01
1.052552437829589316e+01
1.052625951250412584e+01
1.052833234994372624e+01
1.068509670700465364e+01
1.067619073684258524e+01
1.066071676432826187e+01
1.064882205181143249e+01
1.063548117363904488e+01
1.062101951708359238e+01
1.060583477770038741e+01
1.059163825151514970e+01
1.057730916014479305e+01
1.056454674823463868e+01
1.056164236554309177e+01
1.055137458938872541e+01
1.053934731168677708e+01
1.053000749182806928e+01
1.053561138374330852e+01
1.052987492664297520e+01
1.052308999944239076e+01
1.052465667890256640e+01
1.052037843883824664e+01
1.052048690126241226e+01
1.052200537520073276e+01
1.053428573189239081e+01
1.053418932084867699e+01
1.053556317822145161e+01
1.053826268744511907e+01
1.068721774996611273e+01
1.067970973993774564e+01
1.066647732418952366e+01
1.065622159941563396e+01
1.064519458629210646e+01
1.063280576717628101e+01
1.061694615048715207e+01
1.060441271480578074e+01
1.059259031057171185e+01
1.059315672545347020e+01
1.058507024916289474e+01
1.056639060944545605e+01
1.055488154110340915e+01
1.056044927887726814e+01
1.055539975046330881e+01
1.054980790992854622e+01
1.054998868063549722e+01
1.054452940528583049e+01
1.053888935922921100e+01
1.054562608090793852e+01
1.054395093902359548e+01
1.054340862690276737e+01
1.054264938993360623e+01
1.055436333174350949e+01
1.055671335093377472e+01
1.068814570626174643e+01
1.068248155744419847e+01
1.067670894620248490e+01
1.066968299139263898e+01
1.065485979342330936e+01
1.064501381558515547e+01
1.063477014219174066e+01
1.062387569425330902e+01
1.061016122328656586e+01
1.060111063655894981e+01
1.059496443252290732e+01
1.058748052525547045e+01
1.057547735031445058e+01
1.057088577435810883e+01
1.056676420223980983e+01
1.056110005342226188e+01
1.055890670217801919e+01
1.055437538312398615e+01
1.055085638002882398e+01
1.055508641457128860e+01
1.055349563235018273e+01
1.055207356945557606e+01
1.055151920595427129e+01
1.056214852352251476e+01
1.056407674439656930e+01
1.068812160350081797e+01
1.068272258505345818e+01
1.067721510418193276e+01
1.067098454048262823e+01
1.065740263470097915e+01
1.064868948662633841e+01
1.063896402259280016e+01
1.063337218205803936e+01
1.062435774947182843e+01
1.060673863123511751e+01
1.060003806369777024e+01
1.059569956673114000e+01
1.058723949764621075e+01
1.058069559805485937e+01
1.057433246917048564e+01
1.056911422143005197e+01
1.056600496527065047e+01
1.056234134560991755e+01
1.056439008028861437e+01
1.056312468534000715e+01
1.056242570527317959e+01
1.056711369227321029e+01
1.056692087018580750e+01
1.056789703200329988e+01
1.056919858109328914e+01
1.069285779602273223e+01
1.068801314107665235e+01
1.067866126983746788e+01
1.067327430277058653e+01
1.066644117004814341e+01
1.065929470143365521e+01
1.064574894979338637e+01
1.063725272656707688e+01
1.062805752327391673e+01
1.061909129620953784e+01
1.060763043338937273e+01
1.059959216262063109e+01
1.059168645703700662e+01
1.058615487340455275e+01
1.057658607731703704e+01
1.057236809415502421e+01
1.056859601207015231e+01
1.056590855422693664e+01
1.056784882648146784e+01
1.056712574365368695e+01
1.056690881880535571e+01
1.057258501900335546e+01
1.057372990014732217e+01
1.057506760337871654e+01
1.057579068620647078e+01
1.069271317945715971e+01
1.068827827144684051e+01
1.068077026141847519e+01
1.067526278054694977e+01
1.066848990472681535e+01
1.066124702506863819e+01
1.065692057948245974e+01
1.064113327107611617e+01
1.063243217438192723e+01
1.062869624643845867e+01
1.062054951324554963e+01
1.061265585904237874e+01
1.060242423702941750e+01
1.059518135737123856e+01
1.058703462417832952e+01
1.058096072842504753e+01
1.057804429435304883e+01
1.057573042930416207e+01
1.057380220843010754e+01
1.057186193617560122e+01
1.057626069004454017e+01
1.057701992701370131e+01
1.057809249987488087e+01
1.058728770316804280e+01
1.058914361575933683e+01
1.069606346322584756e+01
1.069071265030034468e+01
1.068753108585813294e+01
1.068326489717428807e+01
1.067281635031299381e+01
1.066622424519981216e+01
1.065933085557503546e+01
1.065237720904797492e+01
1.064036198272650324e+01
1.063302269202461225e+01
1.062553878475717539e+01
1.061745230846659993e+01
1.060670247709371239e+01
1.059904985049980120e+01
1.059173466255883866e+01
1.058627538720917016e+01
1.058404588182354544e+01
1.058138252674126001e+01
1.057963507657412983e+01
1.058180432505744584e+01
1.058198509576439683e+01
1.058244304822198956e+01
1.058379280283383395e+01
1.059026439414237508e+01
1.059528981979540418e+01
1.069384600922067463e+01
1.069153214417181275e+01
1.068832647696869742e+01
1.068400003138251897e+01
1.067799844391202235e+01
1.067192454815874036e+01
1.065936700971644058e+01
1.065341362776777601e+01
1.064748434858003812e+01
1.064075967828176061e+01
1.062798521499113136e+01
1.062129669883425898e+01
1.061522280308097699e+01
1.060900429076212248e+01
1.060190602766951606e+01
1.059704932134296129e+01
1.059316877683392200e+01
1.058983054444571081e+01
1.058973413340202185e+01
1.058797463185444165e+01
1.058739616559220842e+01
1.058733590868989971e+01
1.059337365030180145e+01
1.059512110046890498e+01
1.059759163346378941e+01
1.069554525386594612e+01
1.069359293023096313e+01
1.069102598619236488e+01
1.068185488566013319e+01
1.067637150754953623e+01
1.067050248526410883e+01
1.065945136937967774e+01
1.065438978958526661e+01
1.064814717450551029e+01
1.064159122353370712e+01
1.063031113142046813e+01
1.062412877324302052e+01
1.061789820954371422e+01
1.061214970106292910e+01
1.060601554840733840e+01
1.060142397245099666e+01
1.059768804450750324e+01
1.059513315184938165e+01
1.059413288727096258e+01
1.059308441717068483e+01
1.059187927912440941e+01
1.059575982363344870e+01
1.059776035279028861e+01
1.059960421400110775e+01
1.060558169871067591e+01
1.069525602073482951e+01
1.069305061811013502e+01
1.068923033050340443e+01
1.068522927218972285e+01
1.067527483192740156e+01
1.067009273832837302e+01
1.066517577509953441e+01
1.066021060634883710e+01
1.065101540305567696e+01
1.064564048736922075e+01
1.063951838609410672e+01
1.063344449034082473e+01
1.062444210913506559e+01
1.061942873486251315e+01
1.061431894954624511e+01
1.060912480456676477e+01
1.060608785669012377e+01
1.060335219332505119e+01
1.059966447090341646e+01
1.059810984282371393e+01
1.060086960894969010e+01
1.060084550618876165e+01
1.060102627689571264e+01
1.060206269561551373e+01
1.060969121944852311e+01
1.069688295709731563e+01
1.069159240107412145e+01
1.068810955212036617e+01
1.068395182586066205e+01
1.067957717475265156e+01
1.067065915321013136e+01
1.066579039550314789e+01
1.066115061402492437e+01
1.065275080184232870e+01
1.064765306790653909e+01
1.064189250804527553e+01
1.063537271121487926e+01
1.062680417970578439e+01
1.062148952092166176e+01
1.061634358146401347e+01
1.061122174476729541e+01
1.060893198247936198e+01
1.060552144180836720e+01
1.060318347399857686e+01
1.060794376928139293e+01
1.060626862739704990e+01
1.060562990423253282e+01
1.060562990423253282e+01
1.061077584369018112e+01
1.061223406072616626e+01
1.069554525386594612e+01
1.069317113191475244e+01
1.068672364336713976e+01
1.068234899225910439e+01
1.067928794162153494e+01
1.067578098990684943e+01
1.067135813327698202e+01
1.066288601281157611e+01
1.065858366998635098e+01
1.065405235093231795e+01
1.064413406481137692e+01
1.063815658010178389e+01
1.063336013067758756e+01
1.062827444812224797e+01
1.062206798718387013e+01
1.061832000785992669e+01
1.061533126550514261e+01
1.061233047176988009e+01
1.061498177547171551e+01
1.061348740429432524e+01
1.061172790274674327e+01
1.061032994261304019e+01
1.061348740429432524e+01
1.061477690200383606e+01
1.061613870799613402e+01
1.069467755447262114e+01
1.069217086733633160e+01
1.068908571393785856e+01
1.068215617017170160e+01
1.067925178748015469e+01
1.067604612027703936e+01
1.067179198297364451e+01
1.066441653813037327e+01
1.066010214392467148e+01
1.065557082487063845e+01
1.064531510009672388e+01
1.064004864683445817e+01
1.063507142670331085e+01
1.063057626179065807e+01
1.062565929856181768e+01
1.062253799102191465e+01
1.061959745418898748e+01
1.061748846260798018e+01
1.061936847796020444e+01
1.061664486597558366e+01
1.061417433298069923e+01
1.061515049479818984e+01
1.061630742732263499e+01
1.061783795264140551e+01
1.062268260758748539e+01
1.048205373282751474e+01
1.048336736989755558e+01
1.046915053270705620e+01
1.044244429107315675e+01
1.042728163519222662e+01
1.042387438904180996e+01
1.042313054205090239e+01
1.042104514320221575e+01
1.041971836976147259e+01
1.041830620991118117e+01
1.041729306732091409e+01
1.041616498148701808e+01
1.041506152634818427e+01
1.041302210479694779e+01
1.041209106452355826e+01
1.041118629699156806e+01
1.041013702938187357e+01
1.040817971014751464e+01
1.040725688010581429e+01
1.040632255573974874e+01
1.040558199284151186e+01
1.040381679302864626e+01
1.040288739480159563e+01
1.040177901352375045e+01
1.039978064313095274e+01
1.044840163518578358e+01
1.045624897463293124e+01
1.044105511987159041e+01
1.043728498148057504e+01
1.043185637628863915e+01
1.042852466426974978e+01
1.042364450255455388e+01
1.042169539355188590e+01
1.042029472802595258e+01
1.041867402829079303e+01
1.041785300512201928e+01
1.041680045341965055e+01
1.041548517430327436e+01
1.041328483221095524e+01
1.041223556460126254e+01
1.041124376861338341e+01
1.041028481355225388e+01
1.040824703404735629e+01
1.040721418690103661e+01
1.040616491929134391e+01
1.040529956087145536e+01
1.040350316217817728e+01
1.040264929808264860e+01
1.040165257595575987e+01
1.040035535934909561e+01
1.042378243444690611e+01
1.042033249509171888e+01
1.042707637940003274e+01
1.043049511987480926e+01
1.042506158854386022e+01
1.042443432684291515e+01
1.042380706514197186e+01
1.042288423510026796e+01
1.042007469381672280e+01
1.041925859678696042e+01
1.041869373284684386e+01
1.041665923743461875e+01
1.041574297557826689e+01
1.041470520229293761e+01
1.041354427553228845e+01
1.041144574031289949e+01
1.041060993872708806e+01
1.040967397231468716e+01
1.040850976146136375e+01
1.040607460674277895e+01
1.040501712890139530e+01
1.040415505457418277e+01
1.040338000870285917e+01
1.040110084838634030e+01
1.040008606374973787e+01
1.040790220431646951e+01
1.041381849727066111e+01
1.041921426153584740e+01
1.042339162741857272e+01
1.042154432528882957e+01
1.042192199594646596e+01
1.042167733104217220e+01
1.041941787528170238e+01
1.041898930118760269e+01
1.041856565323251260e+01
1.041814200527742784e+01
1.041579059492205594e+01
1.041505660020917290e+01
1.041434723619135205e+01
1.041344575275203788e+01
1.041107135374794090e+01
1.041049827957613516e+01
1.040974622235353664e+01
1.040863619902935433e+01
1.040596130554548715e+01
1.040488412314805444e+01
1.040402204882084192e+01
1.040279872429936781e+01
1.040185783174795020e+01
1.039990051251359127e+01
1.039264266770162592e+01
1.040943423354940478e+01
1.041453442947383046e+01
1.041384805410473824e+01
1.041632590202809716e+01
1.041829799967949377e+01
1.041657713511774119e+01
1.041723395365276161e+01
1.041744741967664467e+01
1.041752131176183482e+01
1.041557220275916151e+01
1.041527663441840268e+01
1.041449666240806771e+01
1.041222407027689911e+01
1.041172324614394640e+01
1.041102045031147583e+01
1.041036527382279431e+01
1.040879219343142204e+01
1.040792519296519458e+01
1.040693996516266751e+01
1.040572649291921614e+01
1.040327491773725654e+01
1.040230282630542824e+01
1.040120922344462073e+01
1.040031266614431793e+01
1.038836185289963332e+01
1.039693169273530415e+01
1.040557870874883761e+01
1.040960172227583236e+01
1.041266742278803825e+01
1.041449009422271565e+01
1.041359025282974216e+01
1.041444904306427865e+01
1.041513870252605045e+01
1.041335379815713402e+01
1.041360010510776490e+01
1.041341455387162185e+01
1.041287924676558063e+01
1.041071502969269424e+01
1.041032586471069266e+01
1.040972323370481156e+01
1.040944736992010178e+01
1.040795146570659746e+01
1.040731106763495184e+01
1.040652452743926482e+01
1.040485456631397732e+01
1.040375932140683446e+01
1.040272483221417765e+01
1.040001545575722375e+01
1.039944402363175513e+01
1.038586265837388467e+01
1.038907121691745417e+01
1.039451788461910908e+01
1.039997440459878142e+01
1.040369035546065568e+01
1.040677740257524952e+01
1.040908776177218087e+01
1.041046215455670954e+01
1.040969203482439909e+01
1.041035049540575663e+01
1.041103358668217815e+01
1.040938497215927860e+01
1.040934227895450093e+01
1.040912388679160649e+01
1.040906313107711512e+01
1.040671172072174677e+01
1.040687920944817613e+01
1.040700072087715533e+01
1.040691369242126640e+01
1.040492845839916747e+01
1.040399084994042944e+01
1.040294486642340743e+01
1.040189888290638898e+01
1.039937177359290033e+01
1.039896783019386461e+01
1.038278874762999315e+01
1.038667547131097280e+01
1.039082984854496949e+01
1.039513529404202608e+01
1.039849163675597588e+01
1.040201546819635681e+01
1.040488904928706937e+01
1.040717641983527386e+01
1.040652616948560549e+01
1.040770187466328878e+01
1.040856887512951623e+01
1.040721582894737374e+01
1.040732584605198952e+01
1.040728807898622676e+01
1.040720597666934921e+01
1.040507624256954600e+01
1.040523716311062863e+01
1.040549824847829896e+01
1.040417640117657250e+01
1.040413863411080975e+01
1.040368542932164431e+01
1.040020100699336503e+01
1.039960494417283243e+01
1.039907456320580614e+01
1.039868211413113208e+01
1.037875752387131101e+01
1.038154079241345507e+01
1.038562456165493941e+01
1.038866234737940708e+01
1.039165251376008392e+01
1.039470836199426174e+01
1.039644236292671309e+01
1.039888244378431281e+01
1.040099739946707480e+01
1.040294322437707208e+01
1.040237179225160347e+01
1.040372155434107171e+01
1.040450152635140668e+01
1.040259511055351282e+01
1.040279379816035643e+01
1.040293337209904578e+01
1.040294322437707208e+01
1.040203681479874476e+01
1.040247031503185760e+01
1.040246867298552225e+01
1.040198098522327008e+01
1.039866569366775551e+01
1.039838982988304927e+01
1.039810411382031319e+01
1.039785452277700806e+01
1.037813026217036594e+01
1.038035030881873233e+01
1.038394146415895314e+01
1.038642423822132699e+01
1.038915003514165925e+01
1.039165251376008392e+01
1.039365088415288163e+01
1.039559835110921426e+01
1.039747521007303277e+01
1.039904008023271942e+01
1.039901052339864229e+01
1.040041939915625946e+01
1.040156226340719137e+01
1.039960166008015996e+01
1.040028475135657793e+01
1.040045552417568508e+01
1.039879048918940896e+01
1.039952941004130693e+01
1.040016652402027475e+01
1.039859180158256535e+01
1.039802036945710029e+01
1.039741117026586892e+01
1.039713859057383516e+01
1.039585943647688637e+01
1.039572314663086772e+01
1.037682647737835140e+01
1.037848001804026410e+01
1.038045375773799783e+01
1.038244391789910814e+01
1.038519106142182657e+01
1.038716315907322496e+01
1.038923213745853680e+01
1.039115333167346833e+01
1.039257041766277112e+01
1.039364760006020560e+01
1.039477896998677586e+01
1.039606305022274135e+01
1.039639145949025156e+01
1.039726174404915149e+01
1.039779869320153161e+01
1.039644400497305199e+01
1.039719934628832299e+01
1.039796618192796096e+01
1.039860165386059165e+01
1.039689064157686538e+01
1.039637503902687499e+01
1.039589556149630845e+01
1.039582659555013500e+01
1.039473956087467776e+01
1.039457043010190951e+01
1.037626161343823483e+01
1.037772796081766558e+01
1.037930432530171387e+01
1.038117790017285813e+01
1.038334375929208342e+01
1.038524853304364193e+01
1.038702686922720808e+01
1.038899075664691729e+01
1.039040455854354583e+01
1.039162131487967144e+01
1.039248667329955822e+01
1.039168042854782392e+01
1.039428964017818835e+01
1.039522232249791500e+01
1.039362789550415656e+01
1.039406960596895502e+01
1.039478718021846326e+01
1.039652282319725352e+01
1.039571822049185279e+01
1.039568702161144209e+01
1.039531591913915776e+01
1.039355236137262750e+01
1.039367223075526958e+01
1.039377075353552016e+01
1.039370671372835808e+01
1.037478541378077956e+01
1.037581005069540829e+01
1.037746194931098209e+01
1.037883305800283651e+01
1.038024357580679080e+01
1.038186263349561500e+01
1.038368530493029596e+01
1.038537004447262113e+01
1.038697268169806698e+01
1.038857203483084035e+01
1.038861144394294200e+01
1.038985611506680584e+01
1.039121244534162081e+01
1.039254250287503467e+01
1.039169192287218557e+01
1.039240292893634354e+01
1.039315662820527741e+01
1.039357042388234120e+01
1.039405811164459337e+01
1.039404661732022994e+01
1.039376746944284591e+01
1.039263774156261455e+01
1.039279866210369185e+01
1.039281672461340555e+01
1.039249159943857137e+01
1.037456373752521088e+01
1.037537983455497148e+01
1.037694634676099348e+01
1.037803009734377468e+01
1.037931746167241265e+01
1.038065901353018994e+01
1.038269515098875395e+01
1.038404327103187796e+01
1.038556380594045159e+01
1.038565247644267941e+01
1.038637497683120259e+01
1.038816480733912861e+01
1.038967056383066279e+01
1.038923542155121105e+01
1.038956218877238236e+01
1.039023378572444045e+01
1.039040948468256076e+01
1.039126334877808588e+01
1.039194479800816673e+01
1.039110735437601463e+01
1.039132082039989768e+01
1.039154249665546637e+01
1.039174118426231175e+01
1.039060324615038944e+01
1.039031424599498088e+01
1.037448984544002073e+01
1.037513352760433882e+01
1.037584289162215967e+01
1.037664913637389574e+01
1.037844881915984985e+01
1.037952764360361968e+01
1.038078873519086009e+01
1.038197593469290680e+01
1.038373785041309638e+01
1.038472143616928811e+01
1.038542915814077361e+01
1.038600880049792607e+01
1.038759994339901205e+01
1.038796283563960898e+01
1.038831751764852029e+01
1.038897597822987962e+01
1.038951785352126933e+01
1.039012376861982467e+01
1.039065250754051561e+01
1.039000061514450834e+01
1.039031917213399225e+01
1.039057368931631409e+01
1.039082163831328387e+01
1.038960323993082113e+01
1.038949486487254426e+01
1.037452597045944458e+01
1.037517129467010157e+01
1.037584124957582077e+01
1.037662122158615929e+01
1.037820579630189144e+01
1.037923700140187577e+01
1.038031746789198095e+01
1.038096443414897507e+01
1.038209580407554533e+01
1.038417135064620922e+01
1.038477890779110346e+01
1.038519598756083795e+01
1.038625182335588271e+01
1.038688565324217805e+01
1.038750142061875792e+01
1.038812375618068984e+01
1.038856546664549008e+01
1.038903180780535607e+01
1.038875922811332231e+01
1.038896119981284194e+01
1.038923870564388707e+01
1.038885610884723576e+01
1.038888402363497576e+01
1.038874444969628463e+01
1.038871325081586861e+01
1.037395453833397951e+01
1.037452104432043143e+01
1.037561957332025209e+01
1.037635028394046088e+01
1.037715817073853763e+01
1.037803338143645071e+01
1.037944225719406788e+01
1.038050630322079826e+01
1.038154079241345507e+01
1.038268858280340368e+01
1.038375755496914721e+01
1.038474278277167784e+01
1.038557365821847789e+01
1.038613523806591843e+01
1.038720749432433799e+01
1.038785117648865608e+01
1.038820257440489137e+01
1.038861472803561803e+01
1.038819929031221534e+01
1.038850963707001362e+01
1.038861472803561803e+01
1.038812047208801559e+01
1.038796283563960898e+01
1.038787744923005718e+01
1.038788565946174458e+01
1.037390691899018869e+01
1.037441102721581565e+01
1.037527802768204310e+01
1.037599888602422560e+01
1.037680513077596167e+01
1.037763600622276172e+01
1.037805801213151113e+01
1.037992337677096799e+01
1.038094144550025000e+01
1.038126328658240993e+01
1.038213192909497273e+01
1.038314342963890446e+01
1.038404491307821864e+01
1.038489220898839172e+01
1.038585444814219905e+01
1.038675100544249830e+01
1.038703015331988233e+01
1.038734542621669021e+01
1.038746365355299517e+01
1.038778713668149400e+01
1.038753426154550930e+01
1.038749977857242079e+01
1.038736020463372967e+01
1.038662785196718197e+01
1.038644394277737604e+01
1.037347177671073872e+01
1.037395453833397951e+01
1.037438311242807920e+01
1.037493319795115809e+01
1.037617294293600700e+01
1.037692171606592950e+01
1.037776901197610435e+01
1.037859331923755413e+01
1.038003503592192445e+01
1.038079366132987147e+01
1.038166230384243427e+01
1.038249974747458459e+01
1.038372964018141076e+01
1.038447512921865545e+01
1.038544886269682266e+01
1.038606463007340430e+01
1.038639303934091096e+01
1.038666233494027047e+01
1.038694148281765450e+01
1.038679862478628735e+01
1.038683474980571475e+01
1.038680683501797475e+01
1.038673622702546062e+01
1.038614837443661720e+01
1.038576085150095629e+01
1.037357029949099285e+01
1.037386915192442594e+01
1.037427637941613767e+01
1.037484945358794164e+01
1.037557031193012591e+01
1.037625668729922168e+01
1.037778707448581805e+01
1.037852599533771425e+01
1.037919266615076097e+01
1.037989546198323154e+01
1.038141271279912559e+01
1.038217298025341151e+01
1.038288727041024728e+01
1.038350139574049003e+01
1.038431913481658775e+01
1.038474606686435209e+01
1.038530928875812975e+01
1.038570994806449477e+01
1.038579697652038192e+01
1.038596282320047592e+01
1.038607776644410308e+01
1.038613523806591843e+01
1.038566397076704106e+01
1.038557858435748926e+01
1.038540616949204498e+01
1.037336832779147322e+01
1.037362120292745793e+01
1.037393975991694006e+01
1.037508098212153840e+01
1.037574272679557019e+01
1.037642089193297501e+01
1.037783140973693108e+01
1.037845702939153725e+01
1.037904652402671779e+01
1.037982813808339344e+01
1.038108758762428963e+01
1.038188233805166760e+01
1.038255886114273707e+01
1.038325016265084422e+01
1.038372307199605871e+01
1.038429778821419980e+01
1.038478876006912621e+01
1.038517135686577753e+01
1.038523047053393000e+01
1.038535033991656853e+01
1.038546692520653636e+01
1.038509089659523710e+01
1.038510731705861012e+01
1.038501864655638229e+01
1.038442422578219393e+01
1.037347341875707762e+01
1.037375256663445988e+01
1.037426981123078740e+01
1.037469510123221283e+01
1.037584453366849679e+01
1.037648000560112749e+01
1.037710069911672051e+01
1.037769676193725310e+01
1.037866228518373113e+01
1.037928297869932592e+01
1.037997428020743307e+01
1.038075753631044407e+01
1.038177724708606142e+01
1.038239958264799512e+01
1.038291190110530771e+01
1.038351453211118880e+01
1.038388399253713779e+01
1.038415000404381949e+01
1.038447348717231833e+01
1.038468531114986071e+01
1.038434869165066488e+01
1.038445214056993038e+01
1.038453260084047081e+01
1.038454737925750848e+01
1.038392340164923944e+01
1.037329771979895909e+01
1.037411381682872147e+01
1.037447178293030703e+01
1.037490528316341809e+01
1.037540446525003368e+01
1.037639954533059061e+01
1.037696605131704430e+01
1.037755061981320992e+01
1.037843732483548642e+01
1.037898741035856709e+01
1.037972140507145191e+01
1.038052108163783771e+01
1.038152765604275629e+01
1.038214506546567506e+01
1.038274112828620410e+01
1.038322224786310422e+01
1.038334211724574807e+01
1.038355722531596648e+01
1.038385771979573668e+01
1.038327971948492134e+01
1.038370665153268213e+01
1.038383965728602298e+01
1.038396281076134109e+01
1.038356543554765388e+01
1.038353095257456538e+01
1.037354074265691573e+01
1.037392990763891376e+01
1.037469017509319968e+01
1.037524682880163063e+01
1.037553418691069851e+01
1.037587080640989612e+01
1.037631744301370951e+01
1.037718936961894833e+01
1.037772796081766558e+01
1.037824356336765774e+01
1.037950793904757063e+01
1.038009414959007515e+01
1.038068692831792994e+01
1.038128955932380926e+01
1.038192010511743035e+01
1.038214834955834931e+01
1.038239794060165622e+01
1.038263932141327395e+01
1.038234867921153004e+01
1.038266723620101395e+01
1.038300878183922293e+01
1.038324852060450532e+01
1.038305968527568801e+01
1.038305640118301199e+01
1.038299728751485951e+01
1.037369016887363138e+01
1.037410068045801914e+01
1.037446193065228073e+01
1.037524190266261570e+01
1.037549641984493576e+01
1.037580019841738199e+01
1.037620742590909728e+01
1.037696933540971855e+01
1.037748822205238319e+01
1.037810234738262594e+01
1.037920087638244837e+01
1.037978872897129001e+01
1.038038314974548371e+01
1.038100220121473782e+01
1.038123208770199746e+01
1.038145212191122724e+01
1.038169350272284674e+01
1.038194145171981830e+01
1.038199728129529475e+01
1.038238973036996882e+01
1.038274112828620410e+01
1.038251452589162405e+01
1.038256378728174845e+01
1.038263275322792722e+01
1.038227314508000099e+01
8.618191092314283708e+00
8.628581840920002577e+00
9.019533757211233294e+00
9.545762199858288000e+00
9.834380985941374220e+00
9.861814136616411375e+00
9.807813730983500733e+00
9.823517930580875301e+00
9.822101010316456993e+00
9.795533755358581729e+00
9.800178105114143889e+00
9.806672322992708857e+00
9.821117037910536141e+00
9.841268792782322805e+00
9.853863639577149058e+00
9.864647977145251545e+00
9.879407563232986078e+00
9.896686118679653532e+00
9.911406345871109025e+00
9.927897723393090956e+00
9.941319107008881772e+00
9.961943168635448487e+00
9.979812107525569687e+00
1.000043616915213462e+01
1.003149033828069925e+01
9.313033046427312556e+00
9.163154369568704993e+00
9.476057594628082725e+00
9.569062666428740371e+00
9.696782284707685662e+00
9.749680641246085244e+00
9.767470862343811788e+00
9.784119675450746456e+00
9.794195552886556300e+00
9.776995715232366990e+00
9.780970963751997260e+00
9.785694031300037565e+00
9.801673743171040343e+00
9.823754083958224470e+00
9.839497642451798143e+00
9.853430691718566337e+00
9.868032842221348133e+00
9.886807035724912041e+00
9.905856741502104157e+00
9.924158628250889791e+00
9.939547956678357110e+00
9.960408171682271217e+00
9.976151730175844889e+00
9.995162077056839678e+00
1.001373947607925352e+01
9.715123530352750336e+00
9.777271227505995199e+00
9.680133471600750994e+00
9.648803790198641650e+00
9.733425417101452481e+00
9.742202450961601201e+00
9.753222941907134569e+00
9.755978064643498371e+00
9.767431503447530972e+00
9.766565607730367304e+00
9.764951892984797155e+00
9.778570071081739812e+00
9.788764025206308617e+00
9.797186829000350983e+00
9.809270010144199858e+00
9.833200219054385016e+00
9.842843148631695627e+00
9.853470050614845377e+00
9.873739882175307514e+00
9.908966094304572536e+00
9.927897723393090956e+00
9.942578591688349121e+00
9.954386260558488075e+00
9.991108110744731263e+00
1.001204704354112351e+01
1.005321644900177880e+01
9.919002612844268540e+00
9.810135905861281813e+00
9.749483846764933404e+00
9.776720202958738781e+00
9.777153150817319727e+00
9.772508801061757566e+00
9.784631341101722057e+00
9.776326613996436876e+00
9.771249316382210282e+00
9.765778429805763494e+00
9.790535175536833279e+00
9.798603749264771068e+00
9.802382203303251273e+00
9.807183988643766170e+00
9.837057390885259878e+00
9.839615719140471839e+00
9.846897114943805818e+00
9.863900158116845063e+00
9.905502511435999580e+00
9.926441444232473543e+00
9.940650005772869946e+00
9.957298818879804614e+00
9.975640064524785799e+00
1.001157473678634346e+01
1.036596223847628373e+01
1.003353700088485212e+01
9.917979281542150360e+00
9.929393361449987410e+00
9.860357857455793962e+00
9.826863436760692849e+00
9.828673945987496552e+00
9.817574737249485040e+00
9.802657715576879482e+00
9.795730549839733570e+00
9.798564390368573740e+00
9.796990034519199142e+00
9.806987194162616106e+00
9.831074838657755777e+00
9.833790602497920474e+00
9.844023915518684831e+00
9.849967108849993380e+00
9.856343250039882875e+00
9.867678612155243556e+00
9.882753069412803626e+00
9.904282385652813048e+00
9.945333714424711147e+00
9.964344061305705935e+00
9.985952095338110013e+00
1.000197116610531189e+01
1.041417688636275862e+01
1.027783766980861913e+01
1.010733493132336491e+01
1.001393627056040536e+01
9.943956153056571878e+00
9.879683075506614287e+00
9.879328845440509710e+00
9.845519553575583060e+00
9.828752663779974696e+00
9.833515090224210553e+00
9.825052927533970859e+00
9.820251142193454186e+00
9.828437792610065671e+00
9.850478774501052470e+00
9.855241200945371816e+00
9.864766053833925241e+00
9.865120283900031595e+00
9.868544507872407223e+00
9.874605777892387692e+00
9.885193320979340115e+00
9.910697885738899870e+00
9.932778226526083998e+00
9.952221521265659732e+00
1.000279770292619652e+01
1.000984294535209784e+01
1.042027751527901991e+01
1.034797522289740535e+01
1.026925743042962225e+01
1.017936171143143298e+01
1.010150981468081355e+01
1.003412738432838935e+01
9.983472484875376196e+00
9.933132456592188575e+00
9.918884536155511356e+00
9.891412026584276873e+00
9.873818599967783882e+00
9.887121906894819290e+00
9.882949863894037179e+00
9.879013974270602461e+00
9.875865262571936753e+00
9.910422373465271662e+00
9.901920851878752927e+00
9.890270618593484997e+00
9.885704986630399205e+00
9.907942763002536068e+00
9.925063882864250786e+00
9.946632558000457536e+00
9.968319309825337982e+00
1.001232255581483344e+01
1.001425114173022912e+01
1.042256033126060366e+01
1.036922902686370485e+01
1.030302736339826986e+01
1.024166684416963058e+01
1.016168956702238013e+01
1.010678390677610849e+01
1.004719453787799388e+01
9.999097966680192684e+00
9.974341220949122899e+00
9.945845380075770237e+00
9.916326207900382883e+00
9.928212594562998206e+00
9.916444284589056579e+00
9.913256213994111832e+00
9.907352379559000610e+00
9.945097561047280266e+00
9.929668873723615619e+00
9.916562361277730275e+00
9.932148484186349435e+00
9.925654266307786244e+00
9.932699508733605853e+00
1.000401782870946477e+01
1.001377883497545085e+01
1.001893485038207210e+01
1.002188676759966768e+01
1.046845280426929925e+01
1.042940877920527321e+01
1.035505982421950577e+01
1.031204055063584946e+01
1.025926027078620528e+01
1.021084882841849684e+01
1.015283381536975682e+01
1.011182184549405427e+01
1.006608680807031497e+01
1.003322212971502836e+01
1.001964331051428125e+01
9.993194132245164951e+00
9.971822251590108266e+00
9.998350147651784425e+00
9.992367595424196836e+00
9.989140165933054760e+00
9.982527871365734384e+00
9.979615313044417846e+00
9.961707015258017606e+00
9.959069969210329276e+00
9.965839699362604165e+00
1.003507199783794768e+01
1.003574109907395950e+01
1.003621340582873955e+01
1.003483584446059851e+01
1.047089305583583574e+01
1.043448607681949980e+01
1.037391273551554782e+01
1.033065730855445885e+01
1.028700829263106975e+01
1.023855749136716220e+01
1.018951630665972097e+01
1.014732356989703099e+01
1.011355363692838338e+01
1.008033472850699042e+01
1.007348628056223916e+01
1.004192044578269893e+01
1.002251650993940046e+01
1.005022517288806760e+01
1.003696122485722952e+01
1.003160841496937472e+01
1.005423978030389520e+01
1.003188392724300293e+01
1.000866217846502693e+01
1.003086059594096646e+01
1.004274698260358178e+01
1.005888413005945736e+01
1.006093079266361023e+01
1.007458832965683371e+01
1.007187256581666901e+01
1.047935521852607543e+01
1.045034771200174717e+01
1.042149764106228993e+01
1.038501194425347585e+01
1.033435704480046269e+01
1.029456520070803016e+01
1.025866988734266982e+01
1.021718561071218900e+01
1.017751184330843017e+01
1.015157433069028947e+01
1.014000281519749969e+01
1.011595452959864083e+01
1.010579993437026936e+01
1.008541202612113530e+01
1.007998049844088584e+01
1.010001417662391532e+01
1.008246010890362143e+01
1.005593221284194350e+01
1.003715801933837959e+01
1.006321360864519399e+01
1.007671371005346472e+01
1.008525459053618079e+01
1.008458548930025067e+01
1.009115842497129201e+01
1.009438585446243408e+01
1.048399956828172108e+01
1.045999064157905778e+01
1.043055018719606508e+01
1.040173947515288688e+01
1.035730328130481048e+01
1.032561936983651307e+01
1.028818905951814067e+01
1.025252989953021121e+01
1.020777883451230927e+01
1.018715477288574256e+01
1.017152929108084436e+01
1.018833553977273176e+01
1.013646051453645036e+01
1.012063823825048203e+01
1.014952766808613660e+01
1.014134101766944340e+01
1.012910040094072173e+01
1.008332600462070161e+01
1.009064675932023292e+01
1.008891496788590558e+01
1.009733777168002966e+01
1.012654207268550977e+01
1.012087439162783120e+01
1.011209735776768248e+01
1.011095594977689061e+01
1.051127528337180372e+01
1.049269788434939166e+01
1.045979384709782423e+01
1.043633594494250083e+01
1.040843048751260191e+01
1.038253233379074025e+01
1.034215010625477227e+01
1.030971837575806838e+01
1.027146152861872963e+01
1.024225722761316604e+01
1.023902979812202396e+01
1.022305008625102118e+01
1.019494783434005214e+01
1.016869545055200419e+01
1.018290401209248230e+01
1.017259198127915809e+01
1.015385714667187322e+01
1.013764128142352128e+01
1.012244874747720402e+01
1.012359015546799590e+01
1.012795899294992985e+01
1.014393870482093440e+01
1.013390218628123840e+01
1.012984821996921170e+01
1.013405962186619114e+01
1.051560476195754212e+01
1.049875915436937390e+01
1.046825600978814741e+01
1.044676605244441703e+01
1.042559096627059567e+01
1.040051934936961864e+01
1.035978289176754430e+01
1.032648526555367674e+01
1.029735968234059129e+01
1.029125905342432823e+01
1.027590908389313995e+01
1.024926311114279009e+01
1.022474251878906770e+01
1.022371918748703301e+01
1.021820894201422547e+01
1.021277741433397601e+01
1.020010384974667339e+01
1.018274657650752957e+01
1.016385430631529019e+01
1.018353375443221509e+01
1.017491415615702266e+01
1.016838057938217865e+01
1.015818662525760985e+01
1.017660658869506918e+01
1.018148709182806222e+01
1.051300707480604935e+01
1.049970376787901394e+01
1.048620366647082669e+01
1.046998780122247474e+01
1.043779222410311824e+01
1.041748303364646056e+01
1.039552076954795190e+01
1.036733979984442300e+01
1.032727244347836226e+01
1.030511338489870354e+01
1.029543109642511212e+01
1.028661470366876607e+01
1.025752847935187795e+01
1.024568145158554167e+01
1.024627183502899541e+01
1.023143353114886622e+01
1.021773663525944542e+01
1.020073359208640618e+01
1.019093322692414105e+01
1.020120589884118623e+01
1.019392450303793396e+01
1.018463580352672793e+01
1.017644915311011644e+01
1.019695513804792597e+01
1.019856885279357961e+01
1.051084233551322278e+01
1.049868043657697925e+01
1.048529841185738398e+01
1.047108985031698758e+01
1.044078350021691293e+01
1.042322943249661726e+01
1.040004704261483859e+01
1.038339822950790392e+01
1.036206570774912805e+01
1.031979425319396171e+01
1.030692389412542553e+01
1.030550697386100545e+01
1.028795290614070979e+01
1.026961166049572682e+01
1.026776179237272579e+01
1.024808234425580089e+01
1.023965954046175675e+01
1.022671046360074421e+01
1.023111865997895720e+01
1.022301072735482386e+01
1.021675266285360806e+01
1.021450920576830335e+01
1.021336779777751147e+01
1.021364331005113968e+01
1.021395818122096522e+01
1.052265000438336173e+01
1.051257412694746840e+01
1.049277660214186803e+01
1.047844996391271444e+01
1.046266704652294521e+01
1.044617566900096328e+01
1.041661713792929689e+01
1.039646538305751022e+01
1.037375529993059331e+01
1.035305252051155023e+01
1.033534101720630005e+01
1.031916451085414543e+01
1.030204339099243249e+01
1.029350251050971465e+01
1.027374434460031338e+01
1.025922091189000795e+01
1.024670478288757813e+01
1.023721928889522026e+01
1.023993505273538496e+01
1.023328339927186725e+01
1.022643495132711600e+01
1.022915071516728247e+01
1.022950494523338705e+01
1.023021340536559620e+01
1.022702533477065145e+01
1.052749114862015745e+01
1.051792693683532320e+01
1.050234081392670227e+01
1.048746315115029404e+01
1.047238869389273397e+01
1.045522821513474021e+01
1.044617566900096328e+01
1.040819433413525452e+01
1.038867232160320064e+01
1.038560232769701130e+01
1.036690685198592377e+01
1.035258021375677018e+01
1.033644306630089638e+01
1.032329719495873199e+01
1.030314544008702704e+01
1.028452868216833416e+01
1.027169768199607702e+01
1.026394397943804826e+01
1.025630835356869142e+01
1.024985349458632555e+01
1.024918439335031195e+01
1.024564209268926263e+01
1.024406773683988803e+01
1.025536374005905138e+01
1.025646578915356244e+01
1.054150291567940201e+01
1.053174190941341770e+01
1.052111500743026795e+01
1.050887439070154628e+01
1.048222841795119642e+01
1.046561896374045908e+01
1.045042642979422354e+01
1.043460415350817350e+01
1.040713164393693901e+01
1.039107321427345809e+01
1.037658914045943348e+01
1.036218378443780352e+01
1.034242561852840048e+01
1.032731180237455959e+01
1.031125337271116216e+01
1.029472263629290119e+01
1.028507970671567229e+01
1.027535805934588353e+01
1.026862768808988946e+01
1.026847025250493495e+01
1.026543961749494471e+01
1.026111013890920809e+01
1.026004744871089258e+01
1.026949358380705313e+01
1.027165832309987969e+01
1.054158163347188015e+01
1.053343434195146422e+01
1.052327974672309452e+01
1.051064554103207094e+01
1.049596467273681277e+01
1.047963073079970364e+01
1.044873399725617524e+01
1.043684761059347821e+01
1.042385917483635005e+01
1.040953253660719646e+01
1.038753091361240877e+01
1.037159056063768325e+01
1.035852340708807873e+01
1.034494458788741511e+01
1.033128705089419164e+01
1.032239194034537100e+01
1.031066298926762670e+01
1.029747775902934670e+01
1.029354186940591198e+01
1.028637855029133519e+01
1.028374150424364686e+01
1.028004176799772651e+01
1.028393829872488041e+01
1.028165548274329666e+01
1.028228522508302945e+01
1.054665893108602326e+01
1.053906266411294723e+01
1.053142703824350868e+01
1.050678836920111436e+01
1.049360313896275265e+01
1.047963073079970364e+01
1.045440167831385558e+01
1.044141324255664571e+01
1.042862160128058591e+01
1.041618419007071417e+01
1.039508782168936918e+01
1.038028887670543732e+01
1.036572608509885285e+01
1.035324931499270207e+01
1.034451164002883239e+01
1.033435704480046269e+01
1.032077822559979907e+01
1.031030875920152035e+01
1.030542825606852730e+01
1.029987865169960415e+01
1.029629699214227578e+01
1.030192531430375880e+01
1.029456520070803016e+01
1.029299084485865556e+01
1.030349967015313162e+01
1.054232945250028664e+01
1.053445767325358240e+01
1.052024911171310428e+01
1.051281028032489928e+01
1.049376057454770717e+01
1.048214970015871828e+01
1.046900382881655389e+01
1.045707808325774124e+01
1.043881555540523642e+01
1.042708660432749213e+01
1.041480662870249141e+01
1.040351062548341154e+01
1.038658630010285044e+01
1.037347978765696510e+01
1.036155404209806896e+01
1.035258021375677018e+01
1.033888331786735115e+01
1.033412089142303181e+01
1.032668206003482680e+01
1.031888899858051722e+01
1.032062079001484456e+01
1.031400849544752418e+01
1.030904927452205477e+01
1.030499530820994636e+01
1.031440208440990958e+01
1.054524201082160317e+01
1.052217769762858168e+01
1.051528989078763310e+01
1.050934669745632632e+01
1.050257696730413315e+01
1.048340918483818562e+01
1.047132600369441846e+01
1.045943961703171965e+01
1.044345990516079858e+01
1.043188838966800880e+01
1.042200930671334902e+01
1.041173663479630385e+01
1.039713448429352205e+01
1.038158772028110022e+01
1.037052787043936775e+01
1.035915314942781151e+01
1.035427264629481847e+01
1.034769971062377891e+01
1.034152036391503948e+01
1.034856560634085909e+01
1.033297948343223993e+01
1.032404501398722019e+01
1.031896771637299537e+01
1.032518642197793035e+01
1.032435988515704572e+01
1.053355241864013969e+01
1.052449987250636276e+01
1.051107848889065366e+01
1.050761490602199721e+01
1.050360029860616962e+01
1.049627954390663831e+01
1.048561328302729123e+01
1.047112920921318491e+01
1.046152563853215334e+01
1.045109553103015365e+01
1.043936657995249284e+01
1.043074698167721692e+01
1.042008072079786984e+01
1.040449459788925068e+01
1.038993180628274793e+01
1.038249297489454293e+01
1.037603811591217706e+01
1.036903223238255478e+01
1.036789082439176291e+01
1.035990096845621977e+01
1.035080906342624552e+01
1.034053639150920212e+01
1.033782062766903564e+01
1.033581332396108010e+01
1.033321563680967081e+01
1.052878999219590206e+01
1.052119372522274432e+01
1.051462078955170298e+01
1.050930733856012900e+01
1.050462362990828602e+01
1.049777518196353476e+01
1.048907686589586419e+01
1.047837124612023807e+01
1.046920062329778744e+01
1.045932154034304595e+01
1.044692348802937154e+01
1.043818581306542015e+01
1.042519737730829377e+01
1.041114625135276839e+01
1.040221178190766693e+01
1.039678025422741747e+01
1.038902655166930522e+01
1.038276848716817113e+01
1.037288940421342964e+01
1.036356134580602628e+01
1.035470559415340119e+01
1.035694905123870413e+01
1.035120265238854742e+01
1.034588920139697343e+01
1.035746071688976322e+01
