3.511557388305664062e+01
3.511557388305664062e+01
3.504938507080078125e+01
3.544874954223632812e+01
3.523115539550781250e+01
3.506703567504882812e+01
3.632089614868164062e+01
3.514020919799804688e+01
3.580270004272460938e+01
3.542317199707031250e+01
3.629594039916992188e+01
3.514633560180664062e+01
3.588623046875000000e+01
3.514809036254882812e+01
3.660771179199218750e+01
3.491779327392578125e+01
3.544051361083984375e+01
3.606100082397460938e+01
3.544033813476562500e+01
3.370731353759765625e+01
3.507245254516601562e+01
3.553832626342773438e+01
3.578857421875000000e+01
3.579595184326171875e+01
3.574716567993164062e+01
3.615739059448242188e+01
3.500073623657226562e+01
3.588805389404296875e+01
3.611684799194335938e+01
3.656509399414062500e+01
3.568279266357421875e+01
3.553128051757812500e+01
3.511367797851562500e+01
3.559914779663085938e+01
3.527227020263671875e+01
3.581541061401367188e+01
3.607296371459960938e+01
3.601639938354492188e+01
3.559027099609375000e+01
3.555030822753906250e+01
3.591038894653320312e+01
3.618161392211914062e+01
3.473090362548828125e+01
3.515805816650390625e+01
3.557224655151367188e+01
3.530401992797851562e+01
3.528960037231445312e+01
3.586885070800781250e+01
3.600063323974609375e+01
3.542812728881835938e+01
3.627034378051757812e+01
3.539819717407226562e+01
3.620335006713867188e+01
3.475097656250000000e+01
3.603462982177734375e+01
3.543455886840820312e+01
3.575959777832031250e+01
3.541411209106445312e+01
3.543394088745117188e+01
3.571031188964843750e+01
3.488084030151367188e+01
3.619772338867187500e+01
3.564065933227539062e+01
3.572801971435546875e+01
3.545935821533203125e+01
3.571397781372070312e+01
3.431417846679687500e+01
3.521834182739257812e+01
3.521921539306640625e+01
3.583166885375976562e+01
3.627479553222656250e+01
3.534513092041015625e+01
3.638594055175781250e+01
3.552616500854492188e+01
3.613108444213867188e+01
3.452209472656250000e+01
3.584973144531250000e+01
3.565413665771484375e+01
3.507221984863281250e+01
3.628482437133789062e+01
3.595150756835937500e+01
3.586129760742187500e+01
3.548915863037109375e+01
3.497184753417968750e+01
3.587057876586914062e+01
3.526965713500976562e+01
3.517787551879882812e+01
3.468096542358398438e+01
3.631448745727539062e+01
3.527242660522460938e+01
3.561782073974609375e+01
3.590170669555664062e+01
3.538364791870117188e+01
3.588638687133789062e+01
3.542320632934570312e+01
3.535196685791015625e+01
3.463357543945312500e+01
3.624653625488281250e+01
3.558644485473632812e+01
3.476079559326171875e+01
3.505824661254882812e+01
3.577220153808593750e+01
3.567782974243164062e+01
3.500749969482421875e+01
3.526972198486328125e+01
3.502844238281250000e+01
3.526388168334960938e+01
3.513957595825195312e+01
3.650857543945312500e+01
3.576243591308593750e+01
3.502887725830078125e+01
3.572777175903320312e+01
3.622920608520507812e+01
3.486716842651367188e+01
3.508952713012695312e+01
3.539384460449218750e+01
3.549538421630859375e+01
3.586625289916992188e+01
3.527396774291992188e+01
3.536189270019531250e+01
3.427149963378906250e+01
3.549802398681640625e+01
3.522873306274414062e+01
3.482234954833984375e+01
3.635667419433593750e+01
3.586072540283203125e+01
3.615830612182617188e+01
3.554710769653320312e+01
3.547421264648437500e+01
3.484665679931640625e+01
3.489447021484375000e+01
3.512326431274414062e+01
3.617635726928710938e+01
3.559221649169921875e+01
3.563339233398437500e+01
3.449099349975585938e+01
3.581390762329101562e+01
3.546495056152343750e+01
3.600108337402343750e+01
3.610241699218750000e+01
3.604133605957031250e+01
3.594130706787109375e+01
3.547215652465820312e+01
3.602204895019531250e+01
3.583727264404296875e+01
3.595172882080078125e+01
3.543412399291992188e+01
3.561318969726562500e+01
3.522050094604492188e+01
3.603746032714843750e+01
3.600840377807617188e+01
3.486648559570312500e+01
3.527625274658203125e+01
3.615164184570312500e+01
3.554439163208007812e+01
3.449459457397460938e+01
3.484466934204101562e+01
3.602163696289062500e+01
3.614120864868164062e+01
3.544649124145507812e+01
3.546733093261718750e+01
3.518476104736328125e+01
3.566761398315429688e+01
3.464447784423828125e+01
3.590755081176757812e+01
3.619821929931640625e+01
3.519562149047851562e+01
3.567555999755859375e+01
3.568466949462890625e+01
3.597728729248046875e+01
3.529116821289062500e+01
3.540403366088867188e+01
3.661940383911132812e+01
3.482102584838867188e+01
3.468507385253906250e+01
3.571125411987304688e+01
3.550148391723632812e+01
3.551084899902343750e+01
3.605424499511718750e+01
3.464483261108398438e+01
3.554494094848632812e+01
3.490235137939453125e+01
3.596957778930664062e+01
3.617583847045898438e+01
3.622220230102539062e+01
3.542090225219726562e+01
3.535763549804687500e+01
3.582897567749023438e+01
3.481265258789062500e+01
3.592756271362304688e+01
3.538012695312500000e+01
3.592569351196289062e+01
3.652523422241210938e+01
3.502025222778320312e+01
3.518914413452148438e+01
3.694781875610351562e+01
3.541990280151367188e+01
3.555504226684570312e+01
3.499460220336914062e+01
3.594157028198242188e+01
3.469989776611328125e+01
3.495306015014648438e+01
3.580878829956054688e+01
3.572156906127929688e+01
3.532253265380859375e+01
3.664632797241210938e+01
3.536568450927734375e+01
3.538859558105468750e+01
3.513023376464843750e+01
3.503586196899414062e+01
3.592595672607421875e+01
3.522587203979492188e+01
3.589536666870117188e+01
3.528487396240234375e+01
3.500938415527343750e+01
3.561636734008789062e+01
3.490831756591796875e+01
3.602508544921875000e+01
3.566057968139648438e+01
3.559669494628906250e+01
3.615493774414062500e+01
3.502230834960937500e+01
3.501972579956054688e+01
3.488534164428710938e+01
3.565213394165039062e+01
3.548309707641601562e+01
3.555198669433593750e+01
3.641677093505859375e+01
3.549444580078125000e+01
3.492282485961914062e+01
3.563374328613281250e+01
3.494873046875000000e+01
3.488712692260742188e+01
3.573217773437500000e+01
3.490685272216796875e+01
3.572718048095703125e+01
3.514377212524414062e+01
3.534633255004882812e+01
3.549211502075195312e+01
3.607119369506835938e+01
3.655787658691406250e+01
3.634623336791992188e+01
3.518280792236328125e+01
3.595732498168945312e+01
3.500043106079101562e+01
3.606388854980468750e+01
3.607127761840820312e+01
3.618262863159179688e+01
3.475130844116210938e+01
3.622870254516601562e+01
3.535994720458984375e+01
3.562472915649414062e+01
3.563221740722656250e+01
3.574594879150390625e+01
3.595742416381835938e+01
3.541105651855468750e+01
3.512228393554687500e+01
3.507111358642578125e+01
3.462561416625976562e+01
3.529575347900390625e+01
3.511043548583984375e+01
3.537551879882812500e+01
3.499530792236328125e+01
3.537199783325195312e+01
3.599951934814453125e+01
3.604214477539062500e+01
3.454283523559570312e+01
3.521782302856445312e+01
3.509673690795898438e+01
3.566851425170898438e+01
3.519497680664062500e+01
3.563068389892578125e+01
3.572644042968750000e+01
3.567988586425781250e+01
3.641418838500976562e+01
3.602136611938476562e+01
3.526837158203125000e+01
3.470804977416992188e+01
3.531120681762695312e+01
3.623381423950195312e+01
3.452632522583007812e+01
3.477588653564453125e+01
3.550532531738281250e+01
3.600627899169921875e+01
3.465173721313476562e+01
3.620735931396484375e+01
3.544297027587890625e+01
3.568913269042968750e+01
3.600721740722656250e+01
3.565822601318359375e+01
3.569377517700195312e+01
3.504517745971679688e+01
3.567015457153320312e+01
3.565713882446289062e+01
3.582824325561523438e+01
3.561465072631835938e+01
3.582095718383789062e+01
3.509378051757812500e+01
3.607377243041992188e+01
3.451908111572265625e+01
3.518440246582031250e+01
3.532627868652343750e+01
3.510929107666015625e+01
3.454366683959960938e+01
3.672574996948242188e+01
3.496535491943359375e+01
3.536667251586914062e+01
3.611318969726562500e+01
3.569602966308593750e+01
3.624593734741210938e+01
3.465876388549804688e+01
3.566414260864257812e+01
3.604377746582031250e+01
3.538026809692382812e+01
3.499629592895507812e+01
3.531103897094726562e+01
3.435151672363281250e+01
3.457196044921875000e+01
3.569289779663085938e+01
3.509814834594726562e+01
3.565532302856445312e+01
3.695090866088867188e+01
3.548400878906250000e+01
3.716081619262695312e+01
3.599481964111328125e+01
3.529959869384765625e+01
3.558374404907226562e+01
3.574043655395507812e+01
3.572052764892578125e+01
3.556357955932617188e+01
3.540520095825195312e+01
3.582799911499023438e+01
3.391175842285156250e+01
3.556698608398437500e+01
3.530401229858398438e+01
3.484068298339843750e+01
3.618135452270507812e+01
3.571618652343750000e+01
3.640896224975585938e+01
3.501179885864257812e+01
3.542965698242187500e+01
3.505279159545898438e+01
3.494556045532226562e+01
3.599974060058593750e+01
3.537545776367187500e+01
3.538903427124023438e+01
3.537368774414062500e+01
3.498402786254882812e+01
3.417091751098632812e+01
3.536020660400390625e+01
3.576737213134765625e+01
3.573162460327148438e+01
3.511287689208984375e+01
3.569015121459960938e+01
3.542854690551757812e+01
3.603293991088867188e+01
3.511438369750976562e+01
3.566954803466796875e+01
3.579861068725585938e+01
3.617319488525390625e+01
3.565392303466796875e+01
3.527339935302734375e+01
3.480449676513671875e+01
3.615977859497070312e+01
3.546162033081054688e+01
3.524186325073242188e+01
3.607640457153320312e+01
3.605165863037109375e+01
3.603083801269531250e+01
3.533856582641601562e+01
3.545276641845703125e+01
3.585395431518554688e+01
3.456529998779296875e+01
3.646255111694335938e+01
3.604896545410156250e+01
3.572026062011718750e+01
3.532433700561523438e+01
3.604261016845703125e+01
3.487283325195312500e+01
3.456032562255859375e+01
3.550150299072265625e+01
3.484933853149414062e+01
3.645044708251953125e+01
3.557146072387695312e+01
3.538907623291015625e+01
3.467581176757812500e+01
3.565152359008789062e+01
3.551778030395507812e+01
3.457852554321289062e+01
3.509091949462890625e+01
3.637063980102539062e+01
3.630723571777343750e+01
3.480413055419921875e+01
3.551737594604492188e+01
3.608279800415039062e+01
3.479227447509765625e+01
3.567524337768554688e+01
3.470702362060546875e+01
3.551104354858398438e+01
3.602447891235351562e+01
3.574903869628906250e+01
3.569529342651367188e+01
3.503199768066406250e+01
3.613288497924804688e+01
3.491852569580078125e+01
3.590220642089843750e+01
3.583506393432617188e+01
3.585919952392578125e+01
3.547175598144531250e+01
3.677749633789062500e+01
3.579632568359375000e+01
3.581269073486328125e+01
3.636385345458984375e+01
3.517080688476562500e+01
3.508187103271484375e+01
3.551882553100585938e+01
3.582079315185546875e+01
3.564135742187500000e+01
3.578585433959960938e+01
3.518384933471679688e+01
3.445912933349609375e+01
3.589509201049804688e+01
3.523439407348632812e+01
3.541910552978515625e+01
3.532093429565429688e+01
3.488230514526367188e+01
3.534819412231445312e+01
3.463602828979492188e+01
3.524168777465820312e+01
3.536710739135742188e+01
3.521216964721679688e+01
3.572325134277343750e+01
3.457631301879882812e+01
3.473748397827148438e+01
3.506322097778320312e+01
3.551096343994140625e+01
3.569358825683593750e+01
3.544626235961914062e+01
3.633225250244140625e+01
3.568846130371093750e+01
3.517108154296875000e+01
3.556136703491210938e+01
3.571497726440429688e+01
3.474869537353515625e+01
3.455784988403320312e+01
3.571185302734375000e+01
3.556642150878906250e+01
3.575306320190429688e+01
3.538230514526367188e+01
3.543626022338867188e+01
3.537396621704101562e+01
3.456623458862304688e+01
3.567664337158203125e+01
3.592967987060546875e+01
3.589908981323242188e+01
3.560734939575195312e+01
3.532709503173828125e+01
3.555400085449218750e+01
3.585017395019531250e+01
3.444772720336914062e+01
3.576201629638671875e+01
3.561549758911132812e+01
3.647537994384765625e+01
3.605090713500976562e+01
3.626633834838867188e+01
3.540963745117187500e+01
3.561421966552734375e+01
3.532474899291992188e+01
3.555771636962890625e+01
3.574125671386718750e+01
3.566347885131835938e+01
3.464195632934570312e+01
3.575891876220703125e+01
3.589619064331054688e+01
3.548171234130859375e+01
3.510350036621093750e+01
3.547637557983398438e+01
3.523847961425781250e+01
3.649928283691406250e+01
3.631019973754882812e+01
3.573822784423828125e+01
3.473304367065429688e+01
3.502951049804687500e+01
3.470774841308593750e+01
3.526839065551757812e+01
3.624741744995117188e+01
3.556687927246093750e+01
3.606223678588867188e+01
3.563367080688476562e+01
3.614395141601562500e+01
3.532910537719726562e+01
3.564612960815429688e+01
3.553191757202148438e+01
3.538643264770507812e+01
3.625185775756835938e+01
3.588903427124023438e+01
3.552616119384765625e+01
3.546086120605468750e+01
3.592658233642578125e+01
3.529064178466796875e+01
3.576237106323242188e+01
3.444473648071289062e+01
3.609660720825195312e+01
3.460087203979492188e+01
3.525003433227539062e+01
3.623003387451171875e+01
3.543165206909179688e+01
3.588176345825195312e+01
3.486994934082031250e+01
3.520637512207031250e+01
3.614622879028320312e+01
3.573605728149414062e+01
3.561680603027343750e+01
3.516986465454101562e+01
3.589799118041992188e+01
3.553241729736328125e+01
3.599869537353515625e+01
3.580622100830078125e+01
3.441062545776367188e+01
3.600267410278320312e+01
3.485852813720703125e+01
3.659550476074218750e+01
3.538580322265625000e+01
3.504314804077148438e+01
3.511528396606445312e+01
3.611130905151367188e+01
3.486367034912109375e+01
3.578007888793945312e+01
3.510287857055664062e+01
3.617323303222656250e+01
3.549833297729492188e+01
3.604172897338867188e+01
3.574317169189453125e+01
3.536811828613281250e+01
3.597674179077148438e+01
3.440295791625976562e+01
3.549952697753906250e+01
3.579817199707031250e+01
3.545529556274414062e+01
3.588505172729492188e+01
3.589378356933593750e+01
3.558769607543945312e+01
3.440754318237304688e+01
3.500360870361328125e+01
3.552868270874023438e+01
3.480565261840820312e+01
3.602326965332031250e+01
3.428120803833007812e+01
3.563179397583007812e+01
3.486084747314453125e+01
3.550836563110351562e+01
3.493535995483398438e+01
3.572042083740234375e+01
3.452633666992187500e+01
3.524765777587890625e+01
3.563805389404296875e+01
3.541859436035156250e+01
3.531516265869140625e+01
3.540616989135742188e+01
3.613212585449218750e+01
3.579213714599609375e+01
3.587271118164062500e+01
3.478604888916015625e+01
3.536804962158203125e+01
3.581665420532226562e+01
3.472462081909179688e+01
3.505376052856445312e+01
3.533636093139648438e+01
3.611909103393554688e+01
3.533460235595703125e+01
3.566942214965820312e+01
3.555271911621093750e+01
3.566994857788085938e+01
3.600552368164062500e+01
3.496098709106445312e+01
3.480093002319335938e+01
3.488609695434570312e+01
3.559426116943359375e+01
3.546469879150390625e+01
3.587112808227539062e+01
3.578407287597656250e+01
3.529623413085937500e+01
3.525916671752929688e+01
3.529894256591796875e+01
3.516625595092773438e+01
3.477275085449218750e+01
3.527937698364257812e+01
3.557019042968750000e+01
3.529136657714843750e+01
3.596317291259765625e+01
3.533454513549804688e+01
3.627788925170898438e+01
3.521660995483398438e+01
3.469911575317382812e+01
3.501355743408203125e+01
3.493238449096679688e+01
3.560041427612304688e+01
3.650508499145507812e+01
3.596590042114257812e+01
3.587749481201171875e+01
3.556871795654296875e+01
3.496126556396484375e+01
3.532153320312500000e+01
3.551158905029296875e+01
3.562400817871093750e+01
3.606426620483398438e+01
3.476573181152343750e+01
3.558205032348632812e+01
3.556317901611328125e+01
3.475754928588867188e+01
3.573628234863281250e+01
3.520756530761718750e+01
3.549301147460937500e+01
3.508344650268554688e+01
3.589604568481445312e+01
3.536849212646484375e+01
3.603623199462890625e+01
3.515386199951171875e+01
3.586052703857421875e+01
3.556822967529296875e+01
3.549798583984375000e+01
3.553391265869140625e+01
3.565293884277343750e+01
3.540189743041992188e+01
3.650043487548828125e+01
3.590072631835937500e+01
3.424058532714843750e+01
3.590392684936523438e+01
3.494309997558593750e+01
3.594808197021484375e+01
3.532743453979492188e+01
3.597694778442382812e+01
3.483125686645507812e+01
3.559805297851562500e+01
3.623286056518554688e+01
3.535720825195312500e+01
3.507928085327148438e+01
3.518912506103515625e+01
3.490683746337890625e+01
3.513811492919921875e+01
3.562397384643554688e+01
3.586180877685546875e+01
3.502219009399414062e+01
3.624654006958007812e+01
3.567160415649414062e+01
3.618038177490234375e+01
3.496957015991210938e+01
3.502183532714843750e+01
3.405114364624023438e+01
3.538453292846679688e+01
3.549667358398437500e+01
3.563982009887695312e+01
3.536310195922851562e+01
3.535592651367187500e+01
3.490603637695312500e+01
3.550691604614257812e+01
3.559677505493164062e+01
3.582212448120117188e+01
3.601225662231445312e+01
3.643480300903320312e+01
3.488828277587890625e+01
3.582379150390625000e+01
3.586578369140625000e+01
3.636566162109375000e+01
3.558578491210937500e+01
3.508358764648437500e+01
3.507197189331054688e+01
3.576067733764648438e+01
3.592335891723632812e+01
3.516587448120117188e+01
3.592334747314453125e+01
3.520598983764648438e+01
3.530506515502929688e+01
3.481869888305664062e+01
3.545507431030273438e+01
3.579478073120117188e+01
3.572225952148437500e+01
3.543864822387695312e+01
3.437296295166015625e+01
3.523749542236328125e+01
3.540924072265625000e+01
3.560241317749023438e+01
3.507379150390625000e+01
3.544849777221679688e+01
3.580092620849609375e+01
3.477027893066406250e+01
3.497378921508789062e+01
3.498717498779296875e+01
3.521561431884765625e+01
3.506509017944335938e+01
3.585680770874023438e+01
3.516144943237304688e+01
3.478584671020507812e+01
3.548439788818359375e+01
3.571654891967773438e+01
3.607635498046875000e+01
3.518727874755859375e+01
3.597480773925781250e+01
3.562762832641601562e+01
3.637174987792968750e+01
3.615216827392578125e+01
3.597827911376953125e+01
3.531231689453125000e+01
3.594664382934570312e+01
3.604856491088867188e+01
3.514719009399414062e+01
3.488737869262695312e+01
3.491136550903320312e+01
3.578281784057617188e+01
3.509500503540039062e+01
3.518366241455078125e+01
3.524567413330078125e+01
3.531579589843750000e+01
3.545719528198242188e+01
3.551359176635742188e+01
3.529955673217773438e+01
3.582899093627929688e+01
3.586511993408203125e+01
3.668722534179687500e+01
3.537555313110351562e+01
3.605846405029296875e+01
3.555487823486328125e+01
3.523811340332031250e+01
3.558790588378906250e+01
3.570018386840820312e+01
3.542493820190429688e+01
3.494641876220703125e+01
3.547352981567382812e+01
3.504723739624023438e+01
3.559325027465820312e+01
3.535430908203125000e+01
3.535322952270507812e+01
3.576795959472656250e+01
3.546902084350585938e+01
3.531443405151367188e+01
3.583319091796875000e+01
3.583915710449218750e+01
3.659102249145507812e+01
3.489807128906250000e+01
3.542789840698242188e+01
3.559537124633789062e+01
3.564266967773437500e+01
3.608363723754882812e+01
3.529310989379882812e+01
3.580480194091796875e+01
3.514253616333007812e+01
3.597692108154296875e+01
3.548542785644531250e+01
3.450091552734375000e+01
3.577496337890625000e+01
3.506719970703125000e+01
3.498158264160156250e+01
3.493473815917968750e+01
3.602500915527343750e+01
3.526213836669921875e+01
3.640224075317382812e+01
3.610914611816406250e+01
3.626769638061523438e+01
3.468358993530273438e+01
3.526436614990234375e+01
3.532328033447265625e+01
3.571794128417968750e+01
3.497189712524414062e+01
3.565070724487304688e+01
3.546328353881835938e+01
3.537581634521484375e+01
3.584072875976562500e+01
3.536096191406250000e+01
3.583948898315429688e+01
3.563476181030273438e+01
3.614301681518554688e+01
3.608736038208007812e+01
3.527236557006835938e+01
3.532061386108398438e+01
3.527010345458984375e+01
3.497397613525390625e+01
3.580186843872070312e+01
3.528521347045898438e+01
3.558876419067382812e+01
3.622272872924804688e+01
3.596370315551757812e+01
3.555809020996093750e+01
3.536825180053710938e+01
3.647131347656250000e+01
3.504040908813476562e+01
3.552372741699218750e+01
3.598326492309570312e+01
3.561499023437500000e+01
3.589900207519531250e+01
3.545312500000000000e+01
3.515552139282226562e+01
3.545169830322265625e+01
3.597187423706054688e+01
3.535510635375976562e+01
3.498347473144531250e+01
3.508609771728515625e+01
3.423115539550781250e+01
3.618185424804687500e+01
3.538428115844726562e+01
3.529600524902343750e+01
3.558792114257812500e+01
3.571114349365234375e+01
3.573506546020507812e+01
3.590018081665039062e+01
3.623981857299804688e+01
3.562471771240234375e+01
3.569564819335937500e+01
3.489754104614257812e+01
3.550482177734375000e+01
3.493352508544921875e+01
3.511381912231445312e+01
3.446891403198242188e+01
3.589002609252929688e+01
3.602613067626953125e+01
3.475448226928710938e+01
3.538979339599609375e+01
3.543781661987304688e+01
3.587065887451171875e+01
3.587822341918945312e+01
3.520745468139648438e+01
3.544224929809570312e+01
3.439345932006835938e+01
3.414189529418945312e+01
3.582101821899414062e+01
3.529331970214843750e+01
3.567762374877929688e+01
3.561000823974609375e+01
3.552087020874023438e+01
3.443466186523437500e+01
3.534074783325195312e+01
3.491328811645507812e+01
3.537546539306640625e+01
3.507393264770507812e+01
3.636562347412109375e+01
3.644423294067382812e+01
3.591875839233398438e+01
3.538608932495117188e+01
3.597875595092773438e+01
3.507879257202148438e+01
3.564595031738281250e+01
3.486502838134765625e+01
3.567543029785156250e+01
3.589577484130859375e+01
3.540065002441406250e+01
3.537038421630859375e+01
3.493582534790039062e+01
3.509922790527343750e+01
3.576288604736328125e+01
3.510683822631835938e+01
3.580909347534179688e+01
3.557526397705078125e+01
3.486740112304687500e+01
3.617638778686523438e+01
3.556713104248046875e+01
3.515498733520507812e+01
3.463100051879882812e+01
3.540088272094726562e+01
3.639287185668945312e+01
3.604346847534179688e+01
3.610988235473632812e+01
3.477651977539062500e+01
3.592210388183593750e+01
3.536881256103515625e+01
3.556698608398437500e+01
3.464669799804687500e+01
3.559322357177734375e+01
3.580903625488281250e+01
3.567991638183593750e+01
3.551835250854492188e+01
3.625090408325195312e+01
3.540631484985351562e+01
3.585142517089843750e+01
3.530813598632812500e+01
3.571347427368164062e+01
3.564294052124023438e+01
3.500566101074218750e+01
3.536582946777343750e+01
3.587647628784179688e+01
3.451132965087890625e+01
3.416150665283203125e+01
3.507412719726562500e+01
3.542481613159179688e+01
3.566864776611328125e+01
3.550534820556640625e+01
3.536953353881835938e+01
3.552317428588867188e+01
3.574537277221679688e+01
3.485331344604492188e+01
3.570505523681640625e+01
3.547939300537109375e+01
3.525327301025390625e+01
3.548013305664062500e+01
3.511462402343750000e+01
3.503487777709960938e+01
3.582218170166015625e+01
3.571221542358398438e+01
3.632865524291992188e+01
3.521902847290039062e+01
3.626839447021484375e+01
3.644218063354492188e+01
3.529798126220703125e+01
3.558218383789062500e+01
3.572608184814453125e+01
3.600573730468750000e+01
3.475797271728515625e+01
3.526821136474609375e+01
3.530216979980468750e+01
3.576360702514648438e+01
3.503331375122070312e+01
3.590978240966796875e+01
3.498585128784179688e+01
3.575204086303710938e+01
3.583908843994140625e+01
3.510217666625976562e+01
3.504907226562500000e+01
3.590384674072265625e+01
3.617584991455078125e+01
3.613941192626953125e+01
3.628257751464843750e+01
3.526092910766601562e+01
3.489992904663085938e+01
3.626935577392578125e+01
3.573427581787109375e+01
3.540518951416015625e+01
3.568537139892578125e+01
3.518022918701171875e+01
3.558515167236328125e+01
3.507357788085937500e+01
3.497462081909179688e+01
3.496380615234375000e+01
3.626210403442382812e+01
3.632451629638671875e+01
3.533261489868164062e+01
3.627352142333984375e+01
3.564239883422851562e+01
3.596475219726562500e+01
3.572592544555664062e+01
3.627181243896484375e+01
3.489280700683593750e+01
3.530537414550781250e+01
3.550412750244140625e+01
3.535721588134765625e+01
3.605606842041015625e+01
3.606624984741210938e+01
3.596400451660156250e+01
3.522716522216796875e+01
3.505993652343750000e+01
3.569123077392578125e+01
3.514199066162109375e+01
3.554775238037109375e+01
3.531214904785156250e+01
3.541794967651367188e+01
3.577308273315429688e+01
3.525010681152343750e+01
3.562574386596679688e+01
3.522313308715820312e+01
3.590220642089843750e+01
3.608563995361328125e+01
3.585597229003906250e+01
3.613479614257812500e+01
3.588122177124023438e+01
3.543548202514648438e+01
3.571268844604492188e+01
3.438002777099609375e+01
3.556834793090820312e+01
3.552011871337890625e+01
3.550916671752929688e+01
3.569054794311523438e+01
3.539574813842773438e+01
3.547616958618164062e+01
3.557874298095703125e+01
3.503655242919921875e+01
3.520246505737304688e+01
3.495363998413085938e+01
3.538360595703125000e+01
3.583320999145507812e+01
3.611557769775390625e+01
3.518412399291992188e+01
3.506937408447265625e+01
3.497608184814453125e+01
3.662647628784179688e+01
3.525045776367187500e+01
3.503715896606445312e+01
3.581969833374023438e+01
3.608848571777343750e+01
3.511698532104492188e+01
3.543480300903320312e+01
3.565657806396484375e+01
3.561388397216796875e+01
3.597940063476562500e+01
3.588331222534179688e+01
3.611578750610351562e+01
3.523855972290039062e+01
3.589710235595703125e+01
3.506853485107421875e+01
3.575493240356445312e+01
3.506153869628906250e+01
3.483365249633789062e+01
3.623357772827148438e+01
3.623440933227539062e+01
3.538494491577148438e+01
3.523667526245117188e+01
3.569791030883789062e+01
3.607710266113281250e+01
3.531750106811523438e+01
3.572002792358398438e+01
3.550545883178710938e+01
3.520767211914062500e+01
3.574045562744140625e+01
3.585072708129882812e+01
3.625038528442382812e+01
3.534172058105468750e+01
3.562724304199218750e+01
3.557764434814453125e+01
3.595376205444335938e+01
3.484058380126953125e+01
3.531843185424804688e+01
3.605627441406250000e+01
3.575973129272460938e+01
3.516204452514648438e+01
3.611508941650390625e+01
3.496230697631835938e+01
3.578195953369140625e+01
3.556449127197265625e+01
3.671957778930664062e+01
3.600681304931640625e+01
3.588378906250000000e+01
3.610405349731445312e+01
3.563145828247070312e+01
3.604782485961914062e+01
3.511291885375976562e+01
3.601913833618164062e+01
3.557591247558593750e+01
3.561513900756835938e+01
3.602363967895507812e+01
3.586384963989257812e+01
3.599770355224609375e+01
3.561960983276367188e+01
3.592184066772460938e+01
3.666009140014648438e+01
3.543712234497070312e+01
3.549452972412109375e+01
3.547944259643554688e+01
3.534186935424804688e+01
3.464424514770507812e+01
3.537074661254882812e+01
3.526058959960937500e+01
3.653872299194335938e+01
3.545575714111328125e+01
3.563175201416015625e+01
3.627603912353515625e+01
3.599188232421875000e+01
3.543452453613281250e+01
3.511558914184570312e+01
3.521113967895507812e+01
3.539086151123046875e+01
3.571371459960937500e+01
3.504146194458007812e+01
3.567913818359375000e+01
3.559922409057617188e+01
3.544131088256835938e+01
3.507183837890625000e+01
3.590780639648437500e+01
3.581678009033203125e+01
3.488145446777343750e+01
3.531376266479492188e+01
3.474294662475585938e+01
3.492641067504882812e+01
3.502680969238281250e+01
3.474094390869140625e+01
3.597760772705078125e+01
3.544736862182617188e+01
3.571839141845703125e+01
3.610069274902343750e+01
3.519656372070312500e+01
3.481720352172851562e+01
3.642251586914062500e+01
3.613546371459960938e+01
3.544832611083984375e+01
3.589916229248046875e+01
3.632594680786132812e+01
3.577351760864257812e+01
3.589586639404296875e+01
3.515872573852539062e+01
3.660417938232421875e+01
3.479622650146484375e+01
3.603426742553710938e+01
3.571563339233398438e+01
3.573758316040039062e+01
3.555952835083007812e+01
3.510167312622070312e+01
3.570133209228515625e+01
3.595856475830078125e+01
3.557617950439453125e+01
3.537410354614257812e+01
3.500077438354492188e+01
3.599964904785156250e+01
3.606551742553710938e+01
3.582551574707031250e+01
3.412628173828125000e+01
3.588231658935546875e+01
3.541987609863281250e+01
3.589452743530273438e+01
3.595674133300781250e+01
3.572888946533203125e+01
3.470480728149414062e+01
3.537016296386718750e+01
3.654238128662109375e+01
3.510743713378906250e+01
3.472488021850585938e+01
3.573543548583984375e+01
3.518181228637695312e+01
3.491631317138671875e+01
3.661730957031250000e+01
3.467533493041992188e+01
3.523571395874023438e+01
3.517682266235351562e+01
3.624855804443359375e+01
3.540336608886718750e+01
3.588832092285156250e+01
3.511886596679687500e+01
3.562451934814453125e+01
3.566905212402343750e+01
3.554790115356445312e+01
3.492972564697265625e+01
3.577788925170898438e+01
3.534449386596679688e+01
3.618707275390625000e+01
3.561204910278320312e+01
3.605632781982421875e+01
3.564804077148437500e+01
3.603413009643554688e+01
3.602899551391601562e+01
3.455911636352539062e+01
3.552252960205078125e+01
3.522968292236328125e+01
3.582244491577148438e+01
3.578413772583007812e+01
3.577003479003906250e+01
3.514528656005859375e+01
3.635937881469726562e+01
3.579866790771484375e+01
3.531418228149414062e+01
3.567108917236328125e+01
3.523560333251953125e+01
3.582755279541015625e+01
3.591866302490234375e+01
3.609040069580078125e+01
3.529097747802734375e+01
3.648563385009765625e+01
3.530113220214843750e+01
3.502376556396484375e+01
3.458510971069335938e+01
3.516557693481445312e+01
3.503829956054687500e+01
3.559552764892578125e+01
3.594743728637695312e+01
3.565794754028320312e+01
3.546561050415039062e+01
3.448919677734375000e+01
3.472108840942382812e+01
3.603180694580078125e+01
3.558251571655273438e+01
3.504891967773437500e+01
3.604947280883789062e+01
3.549300765991210938e+01
3.569494628906250000e+01
3.511682128906250000e+01
3.494057464599609375e+01
3.524390792846679688e+01
3.546828460693359375e+01
3.447614669799804688e+01
3.495756912231445312e+01
3.556741333007812500e+01
3.593388748168945312e+01
3.588053131103515625e+01
3.573476409912109375e+01
3.561316299438476562e+01
3.531090164184570312e+01
3.521686172485351562e+01
3.467815399169921875e+01
3.572136688232421875e+01
3.572420501708984375e+01
3.478029632568359375e+01
3.472436141967773438e+01
3.507359313964843750e+01
3.457366561889648438e+01
3.500870895385742188e+01
3.606406402587890625e+01
3.581061935424804688e+01
3.567513275146484375e+01
3.556492614746093750e+01
3.598005676269531250e+01
3.518007278442382812e+01
3.515791320800781250e+01
3.608409881591796875e+01
3.504578399658203125e+01
3.510393142700195312e+01
3.530725479125976562e+01
3.534552001953125000e+01
3.572025299072265625e+01
3.433365249633789062e+01
3.568009948730468750e+01
3.606881713867187500e+01
3.653182983398437500e+01
3.505066680908203125e+01
3.578169250488281250e+01
3.552563858032226562e+01
3.554279327392578125e+01
3.635974121093750000e+01
3.585412597656250000e+01
3.583181762695312500e+01
3.540020751953125000e+01
3.531008911132812500e+01
3.521364212036132812e+01
3.535291290283203125e+01
3.575356292724609375e+01
3.524477386474609375e+01
3.564832687377929688e+01
3.535009384155273438e+01
3.553849411010742188e+01
3.500175094604492188e+01
3.487265014648437500e+01
3.625864410400390625e+01
3.592333221435546875e+01
3.574597167968750000e+01
3.598737716674804688e+01
3.607857894897460938e+01
3.577510452270507812e+01
3.568447875976562500e+01
3.489618301391601562e+01
3.619886779785156250e+01
3.551344299316406250e+01
3.549386978149414062e+01
3.580698013305664062e+01
3.597485733032226562e+01
3.557844543457031250e+01
3.573376846313476562e+01
3.582154846191406250e+01
3.532998275756835938e+01
3.598316574096679688e+01
3.583740615844726562e+01
3.566354370117187500e+01
3.572775268554687500e+01
3.536110687255859375e+01
3.571701049804687500e+01
3.495175552368164062e+01
3.504801559448242188e+01
3.566666030883789062e+01
3.605974197387695312e+01
3.546835708618164062e+01
3.599905776977539062e+01
3.411655426025390625e+01
3.546947860717773438e+01
3.606801223754882812e+01
3.491754913330078125e+01
3.614331817626953125e+01
3.534300994873046875e+01
3.541819381713867188e+01
3.476222610473632812e+01
3.605299377441406250e+01
3.583281326293945312e+01
3.503892898559570312e+01
3.600536346435546875e+01
3.576393127441406250e+01
3.511527252197265625e+01
3.595888900756835938e+01
3.522515106201171875e+01
3.574074554443359375e+01
3.569172286987304688e+01
3.501385879516601562e+01
3.594302749633789062e+01
3.493073654174804688e+01
3.482411575317382812e+01
3.643724441528320312e+01
3.593183135986328125e+01
3.535475158691406250e+01
3.513391876220703125e+01
3.674884033203125000e+01
3.483059310913085938e+01
3.545540618896484375e+01
3.493296813964843750e+01
3.508446502685546875e+01
3.547834396362304688e+01
3.564968490600585938e+01
3.459624481201171875e+01
3.609262084960937500e+01
3.562455368041992188e+01
3.573171615600585938e+01
3.540742874145507812e+01
3.503538513183593750e+01
3.557058715820312500e+01
3.611086654663085938e+01
3.501090240478515625e+01
3.546837997436523438e+01
3.555624389648437500e+01
3.642086029052734375e+01
3.589229583740234375e+01
3.581098175048828125e+01
3.554136657714843750e+01
3.535785293579101562e+01
3.622683334350585938e+01
3.537122344970703125e+01
3.576374816894531250e+01
3.499258422851562500e+01
3.522282409667968750e+01
3.512339782714843750e+01
3.594544219970703125e+01
3.534981155395507812e+01
3.583532333374023438e+01
3.472591400146484375e+01
3.603157043457031250e+01
3.618280029296875000e+01
3.576152038574218750e+01
3.479496383666992188e+01
3.633533477783203125e+01
3.530488204956054688e+01
3.542696380615234375e+01
3.560351181030273438e+01
3.520536804199218750e+01
3.477916336059570312e+01
3.619631958007812500e+01
3.470158767700195312e+01
3.533145904541015625e+01
3.528302764892578125e+01
3.524725341796875000e+01
3.496645736694335938e+01
3.512512588500976562e+01
3.572590637207031250e+01
3.521707916259765625e+01
3.479636001586914062e+01
3.600717163085937500e+01
3.573328399658203125e+01
3.491080474853515625e+01
3.505233764648437500e+01
3.506040191650390625e+01
3.508673477172851562e+01
3.423437500000000000e+01
3.409082794189453125e+01
3.551607513427734375e+01
3.521409988403320312e+01
3.533448028564453125e+01
3.560869979858398438e+01
3.549350738525390625e+01
3.466672897338867188e+01
3.529160308837890625e+01
3.558031463623046875e+01
3.606132888793945312e+01
3.539517593383789062e+01
3.539086151123046875e+01
3.607002639770507812e+01
3.616346740722656250e+01
3.570166397094726562e+01
3.542325210571289062e+01
3.449214935302734375e+01
3.583047103881835938e+01
3.504397201538085938e+01
3.346688079833984375e+01
3.627469253540039062e+01
3.593119049072265625e+01
3.646755981445312500e+01
3.557905578613281250e+01
3.560589599609375000e+01
3.629465103149414062e+01
3.551867294311523438e+01
3.581897735595703125e+01
3.557411956787109375e+01
3.630493545532226562e+01
3.528860855102539062e+01
3.562130737304687500e+01
3.600543975830078125e+01
3.529889297485351562e+01
3.469107055664062500e+01
3.540414810180664062e+01
3.564791488647460938e+01
3.527604293823242188e+01
3.628593826293945312e+01
3.509598922729492188e+01
3.548034667968750000e+01
3.523716735839843750e+01
3.517746353149414062e+01
3.464020156860351562e+01
3.568141174316406250e+01
3.606650543212890625e+01
3.541852569580078125e+01
3.600001907348632812e+01
3.587800979614257812e+01
3.603503036499023438e+01
3.572893524169921875e+01
3.590049362182617188e+01
3.475828170776367188e+01
3.555199813842773438e+01
3.529240417480468750e+01
3.504001617431640625e+01
3.575132369995117188e+01
3.448302459716796875e+01
3.614788055419921875e+01
3.527362823486328125e+01
3.602182388305664062e+01
3.595197677612304688e+01
3.625740432739257812e+01
3.624579238891601562e+01
3.526436996459960938e+01
3.538811874389648438e+01
3.495270538330078125e+01
3.591761398315429688e+01
3.523965072631835938e+01
3.500624465942382812e+01
3.456108474731445312e+01
3.528632354736328125e+01
3.567011260986328125e+01
3.602941894531250000e+01
3.564909744262695312e+01
3.526219177246093750e+01
3.519280242919921875e+01
3.508098983764648438e+01
3.580885314941406250e+01
3.572135925292968750e+01
3.603659057617187500e+01
3.569113159179687500e+01
3.597332763671875000e+01
3.518173980712890625e+01
3.628498840332031250e+01
3.555184555053710938e+01
3.537646102905273438e+01
3.522170639038085938e+01
3.595951080322265625e+01
3.554162979125976562e+01
3.552045440673828125e+01
3.613690948486328125e+01
3.527913665771484375e+01
3.594057846069335938e+01
3.638920211791992188e+01
3.501663589477539062e+01
3.543264770507812500e+01
3.539710235595703125e+01
3.529420089721679688e+01
3.640740585327148438e+01
3.492937850952148438e+01
3.450938034057617188e+01
3.601101684570312500e+01
3.551592636108398438e+01
3.562738037109375000e+01
3.564970779418945312e+01
3.533983612060546875e+01
3.544072723388671875e+01
3.526140213012695312e+01
3.603246688842773438e+01
3.491569519042968750e+01
3.510247039794921875e+01
3.534420776367187500e+01
3.553713226318359375e+01
3.617409515380859375e+01
3.542390441894531250e+01
3.499974441528320312e+01
3.659140777587890625e+01
3.533295440673828125e+01
3.488519287109375000e+01
3.557568740844726562e+01
3.588694000244140625e+01
3.628100585937500000e+01
3.583086395263671875e+01
3.549284362792968750e+01
3.600831604003906250e+01
3.530542755126953125e+01
3.589652633666992188e+01
3.589652633666992188e+01
3.631027221679687500e+01
3.553184509277343750e+01
3.590794372558593750e+01
3.504838943481445312e+01
3.559361267089843750e+01
3.550638198852539062e+01
3.496084976196289062e+01
3.590360260009765625e+01
3.500441360473632812e+01
3.514920043945312500e+01
3.621942520141601562e+01
3.589094924926757812e+01
3.518408584594726562e+01
3.559963226318359375e+01
3.561625289916992188e+01
3.583427810668945312e+01
3.508625411987304688e+01
3.521670532226562500e+01
3.508353042602539062e+01
3.596023559570312500e+01
3.516484832763671875e+01
3.550450134277343750e+01
3.541738891601562500e+01
3.576735687255859375e+01
3.616353607177734375e+01
3.525521850585937500e+01
3.525310134887695312e+01
3.566800689697265625e+01
3.524251174926757812e+01
3.551734161376953125e+01
3.560457992553710938e+01
3.548099517822265625e+01
3.501559448242187500e+01
3.525059127807617188e+01
3.561469268798828125e+01
3.530256652832031250e+01
3.524995803833007812e+01
3.578268814086914062e+01
3.528534317016601562e+01
3.618918991088867188e+01
3.524599838256835938e+01
3.476363754272460938e+01
3.527439117431640625e+01
3.554270553588867188e+01
3.604759597778320312e+01
3.491475677490234375e+01
3.574041748046875000e+01
3.415383148193359375e+01
3.538874435424804688e+01
3.645080566406250000e+01
3.503079223632812500e+01
3.541983413696289062e+01
3.493014144897460938e+01
3.515619659423828125e+01
3.500574493408203125e+01
3.565417098999023438e+01
3.563503265380859375e+01
3.507794570922851562e+01
3.496240234375000000e+01
3.511433029174804688e+01
3.631855010986328125e+01
3.620167541503906250e+01
3.570343399047851562e+01
3.552348709106445312e+01
3.549552917480468750e+01
3.503751754760742188e+01
3.448028945922851562e+01
3.455935287475585938e+01
3.550565338134765625e+01
3.487010955810546875e+01
3.546324539184570312e+01
3.627999877929687500e+01
3.538919067382812500e+01
3.562409973144531250e+01
3.640836715698242188e+01
