-1.000137695312500000e+03
-1.000137695312500000e+03
-1.000559143066406250e+03
-1.000338317871093750e+03
-9.994834594726562500e+02
-1.000284179687500000e+03
-9.999647216796875000e+02
-9.998840942382812500e+02
-1.000781188964843750e+03
-9.997624511718750000e+02
-1.000184570312500000e+03
-9.999833984375000000e+02
-1.000842285156250000e+03
-9.997973632812500000e+02
-1.000330566406250000e+03
-9.999486083984375000e+02
-1.000052673339843750e+03
-1.000288635253906250e+03
-9.999769897460937500e+02
-9.995888671875000000e+02
-1.000013671875000000e+03
-1.000466247558593750e+03
-9.993248291015625000e+02
-1.000547912597656250e+03
-9.999544067382812500e+02
-9.993622436523437500e+02
-1.000218688964843750e+03
-9.992414550781250000e+02
-1.000238342285156250e+03
-1.000118896484375000e+03
-9.998063354492187500e+02
-9.999446411132812500e+02
-1.000087646484375000e+03
-1.000078063964843750e+03
-9.992881469726562500e+02
-1.000403991699218750e+03
-9.997540893554687500e+02
-1.000149658203125000e+03
-1.000088012695312500e+03
-9.997187500000000000e+02
-9.990563354492187500e+02
-1.000135986328125000e+03
-9.998501586914062500e+02
-9.996511840820312500e+02
-1.000006835937500000e+03
-9.999558105468750000e+02
-1.000335632324218750e+03
-1.000454040527343750e+03
-9.998801879882812500e+02
-9.995388793945312500e+02
-9.995692749023437500e+02
-9.991715087890625000e+02
-1.000194641113281250e+03
-9.992461547851562500e+02
-1.000480346679687500e+03
-1.000196594238281250e+03
-1.000220092773437500e+03
-1.000286132812500000e+03
-9.993528442382812500e+02
-9.999604492187500000e+02
-1.000446838378906250e+03
-1.000547363281250000e+03
-1.000260192871093750e+03
-1.000100280761718750e+03
-1.000383544921875000e+03
-1.000322570800781250e+03
-9.993328247070312500e+02
-9.998761596679687500e+02
-9.999555664062500000e+02
-9.998357543945312500e+02
-9.999447021484375000e+02
-1.000123779296875000e+03
-9.998725585937500000e+02
-9.997266235351562500e+02
-1.000409179687500000e+03
-9.994704589843750000e+02
-9.995184326171875000e+02
-1.000156921386718750e+03
-9.998125000000000000e+02
-9.993693237304687500e+02
-9.993748779296875000e+02
-1.001726745605468750e+03
-1.000223754882812500e+03
-9.996624755859375000e+02
-9.996629638671875000e+02
-1.000149291992187500e+03
-9.997766723632812500e+02
-1.000528320312500000e+03
-1.000570739746093750e+03
-1.000041076660156250e+03
-1.000267272949218750e+03
-9.997228393554687500e+02
-1.000203979492187500e+03
-1.000012878417968750e+03
-1.000031188964843750e+03
-9.995416870117187500e+02
-9.999208374023437500e+02
-1.000312744140625000e+03
-9.997359619140625000e+02
-9.999145507812500000e+02
-1.000687133789062500e+03
-1.000096923828125000e+03
-1.000429077148437500e+03
-1.000113403320312500e+03
-9.994686279296875000e+02
-9.993020629882812500e+02
-1.000087829589843750e+03
-9.994890136718750000e+02
-1.000135864257812500e+03
-1.000653686523437500e+03
-9.996068725585937500e+02
-9.998731689453125000e+02
-1.000282775878906250e+03
-1.000093688964843750e+03
-1.000638549804687500e+03
-1.000319885253906250e+03
-1.000591430664062500e+03
-9.998380737304687500e+02
-1.000204406738281250e+03
-9.993830566406250000e+02
-9.998936767578125000e+02
-1.000374511718750000e+03
-1.000858459472656250e+03
-9.996583862304687500e+02
-9.995629882812500000e+02
-9.987837524414062500e+02
-1.000363525390625000e+03
-1.000155395507812500e+03
-1.000336059570312500e+03
-1.000797119140625000e+03
-1.000548400878906250e+03
-9.996501464843750000e+02
-9.997621459960937500e+02
-9.993701171875000000e+02
-1.000157165527343750e+03
-1.000602416992187500e+03
-1.000825439453125000e+03
-1.000009399414062500e+03
-1.000532104492187500e+03
-1.001192932128906250e+03
-1.000897644042968750e+03
-1.000501098632812500e+03
-1.000167297363281250e+03
-9.993970947265625000e+02
-9.988558959960937500e+02
-9.999357299804687500e+02
-1.000343017578125000e+03
-1.000364501953125000e+03
-9.999562377929687500e+02
-9.998365478515625000e+02
-9.990171508789062500e+02
-1.000669677734375000e+03
-9.999655151367187500e+02
-1.000078430175781250e+03
-9.996267700195312500e+02
-1.000120849609375000e+03
-1.000281921386718750e+03
-9.996293945312500000e+02
-1.000579528808593750e+03
-1.000282714843750000e+03
-1.000096679687500000e+03
-9.991334228515625000e+02
-9.994768676757812500e+02
-9.999007568359375000e+02
-9.989829711914062500e+02
-9.994418334960937500e+02
-9.996932373046875000e+02
-1.000163879394531250e+03
-1.000240356445312500e+03
-9.992537231445312500e+02
-9.994733886718750000e+02
-9.995045166015625000e+02
-1.000453125000000000e+03
-1.001331237792968750e+03
-1.000347167968750000e+03
-1.000084472656250000e+03
-9.997135620117187500e+02
-9.995946655273437500e+02
-1.000824951171875000e+03
-9.998204956054687500e+02
-9.996561279296875000e+02
-9.997175903320312500e+02
-9.999421386718750000e+02
-1.000498596191406250e+03
-9.996292114257812500e+02
-1.000183288574218750e+03
-1.000086242675781250e+03
-9.997153320312500000e+02
-1.000778686523437500e+03
-1.000474487304687500e+03
-1.000832031250000000e+03
-9.997881469726562500e+02
-9.994093017578125000e+02
-1.000415161132812500e+03
-9.996114501953125000e+02
-1.001092529296875000e+03
-1.000567077636718750e+03
-1.000118286132812500e+03
-9.992463378906250000e+02
-9.997315673828125000e+02
-9.999643554687500000e+02
-9.995288085937500000e+02
-9.997290039062500000e+02
-1.000360412597656250e+03
-9.991029052734375000e+02
-9.993195190429687500e+02
-9.997858276367187500e+02
-9.992656250000000000e+02
-1.000905456542968750e+03
-9.997013549804687500e+02
-1.000282653808593750e+03
-1.000574951171875000e+03
-1.000045043945312500e+03
-1.000509338378906250e+03
-1.000514038085937500e+03
-9.993025512695312500e+02
-1.000303833007812500e+03
-1.000326660156250000e+03
-1.000937622070312500e+03
-1.000333496093750000e+03
-1.000295410156250000e+03
-1.000456787109375000e+03
-1.000595520019531250e+03
-9.997891235351562500e+02
-1.000127563476562500e+03
-9.999885253906250000e+02
-9.992167968750000000e+02
-9.997746582031250000e+02
-9.998536376953125000e+02
-9.986203613281250000e+02
-9.999583740234375000e+02
-1.000146484375000000e+03
-9.999776611328125000e+02
-1.000333190917968750e+03
-1.000157043457031250e+03
-9.999782714843750000e+02
-1.000115295410156250e+03
-9.995748291015625000e+02
-9.999880371093750000e+02
-9.999716796875000000e+02
-9.997872924804687500e+02
-9.991711425781250000e+02
-1.000950927734375000e+03
-1.000324340820312500e+03
-9.995719604492187500e+02
-9.998959350585937500e+02
-1.000387329101562500e+03
-9.995540161132812500e+02
-1.000395019531250000e+03
-1.000718811035156250e+03
-1.000412475585937500e+03
-9.994587402343750000e+02
-9.996375732421875000e+02
-9.999959106445312500e+02
-1.000029602050781250e+03
-1.000141662597656250e+03
-9.998439941406250000e+02
-9.996276245117187500e+02
-1.000586364746093750e+03
-9.988562622070312500e+02
-1.000166503906250000e+03
-9.998298950195312500e+02
-1.000278869628906250e+03
-1.001020568847656250e+03
-9.995249633789062500e+02
-9.991259155273437500e+02
-9.996649169921875000e+02
-9.992231445312500000e+02
-9.997407226562500000e+02
-1.001143798828125000e+03
-9.996611328125000000e+02
-1.000137145996093750e+03
-9.992347412109375000e+02
-9.990893554687500000e+02
-1.000740295410156250e+03
-1.000212829589843750e+03
-9.995224609375000000e+02
-1.000026611328125000e+03
-1.000142272949218750e+03
-1.000347229003906250e+03
-9.993037719726562500e+02
-9.996843261718750000e+02
-1.000260131835937500e+03
-1.001004333496093750e+03
-1.000955566406250000e+03
-1.000431396484375000e+03
-1.000484863281250000e+03
-9.999255371093750000e+02
-9.996448974609375000e+02
-9.998530273437500000e+02
-1.000833923339843750e+03
-1.000339782714843750e+03
-9.993410034179687500e+02
-9.999207153320312500e+02
-1.000605285644531250e+03
-9.993533325195312500e+02
-9.993859863281250000e+02
-1.000239257812500000e+03
-9.995767822265625000e+02
-1.000922119140625000e+03
-9.992309570312500000e+02
-9.994448852539062500e+02
-1.000292907714843750e+03
-1.000233764648437500e+03
-1.000319152832031250e+03
-9.998057250976562500e+02
-9.993325195312500000e+02
-1.000093627929687500e+03
-1.000423950195312500e+03
-9.996440429687500000e+02
-1.000497802734375000e+03
-1.000324645996093750e+03
-1.000154479980468750e+03
-1.000112976074218750e+03
-1.000053405761718750e+03
-9.998588256835937500e+02
-9.996588134765625000e+02
-9.999860229492187500e+02
-9.999694213867187500e+02
-9.999913330078125000e+02
-1.000605957031250000e+03
-9.998403320312500000e+02
-1.000224487304687500e+03
-9.999454956054687500e+02
-9.995701293945312500e+02
-9.999260864257812500e+02
-1.000341674804687500e+03
-9.998226318359375000e+02
-1.001007324218750000e+03
-1.000025878906250000e+03
-1.000163085937500000e+03
-9.998884277343750000e+02
-9.998115234375000000e+02
-1.000114440917968750e+03
-9.998165893554687500e+02
-1.000332580566406250e+03
-1.000761962890625000e+03
-9.998165283203125000e+02
-9.997435913085937500e+02
-1.000584411621093750e+03
-1.000752136230468750e+03
-9.996341552734375000e+02
-9.999082031250000000e+02
-1.000157470703125000e+03
-1.000086486816406250e+03
-9.993532714843750000e+02
-1.000340820312500000e+03
-1.000192687988281250e+03
-9.999220581054687500e+02
-9.998741455078125000e+02
-1.000613891601562500e+03
-9.997787475585937500e+02
-1.000148742675781250e+03
-9.987840576171875000e+02
-9.999473876953125000e+02
-1.000832946777343750e+03
-1.000022644042968750e+03
-1.000442810058593750e+03
-9.999451293945312500e+02
-1.000544860839843750e+03
-1.000302978515625000e+03
-9.994027709960937500e+02
-1.000047912597656250e+03
-9.995574340820312500e+02
-9.998636474609375000e+02
-9.994721679687500000e+02
-9.998175659179687500e+02
-1.000130065917968750e+03
-1.000028747558593750e+03
-1.000398559570312500e+03
-1.000022766113281250e+03
-1.000558349609375000e+03
-1.000548583984375000e+03
-1.000422302246093750e+03
-1.000662170410156250e+03
-9.999693603515625000e+02
-1.000358703613281250e+03
-1.000279235839843750e+03
-9.996440429687500000e+02
-1.000523132324218750e+03
-1.000949462890625000e+03
-1.001032165527343750e+03
-9.990924682617187500e+02
-1.000107238769531250e+03
-9.995625000000000000e+02
-9.992388305664062500e+02
-9.995537109375000000e+02
-9.993961791992187500e+02
-9.997325439453125000e+02
-9.999702758789062500e+02
-9.999495239257812500e+02
-1.000468994140625000e+03
-9.991278076171875000e+02
-9.992297973632812500e+02
-1.000173339843750000e+03
-1.000409118652343750e+03
-9.999652099609375000e+02
-9.999155273437500000e+02
-1.000296508789062500e+03
-1.000478576660156250e+03
-9.998237915039062500e+02
-9.990277709960937500e+02
-9.994602661132812500e+02
-1.000490417480468750e+03
-1.000047546386718750e+03
-9.997197265625000000e+02
-9.996951904296875000e+02
-1.000196044921875000e+03
-9.994443359375000000e+02
-9.996524047851562500e+02
-1.000260498046875000e+03
-1.000429443359375000e+03
-1.000223144531250000e+03
-1.000181091308593750e+03
-1.000541015625000000e+03
-9.997811889648437500e+02
-9.997819824218750000e+02
-1.000246093750000000e+03
-1.000668640136718750e+03
-9.996391601562500000e+02
-9.996655273437500000e+02
-9.999216918945312500e+02
-9.992257690429687500e+02
-9.991227416992187500e+02
-1.000212890625000000e+03
-1.000277465820312500e+03
-1.001234375000000000e+03
-1.000151428222656250e+03
-1.000106384277343750e+03
-1.000433349609375000e+03
-9.999163818359375000e+02
-9.993023071289062500e+02
-9.997789916992187500e+02
-1.000452514648437500e+03
-1.000201599121093750e+03
-9.993245849609375000e+02
-9.997366333007812500e+02
-9.995661010742187500e+02
-1.000664123535156250e+03
-1.000393188476562500e+03
-1.000371032714843750e+03
-1.000138305664062500e+03
-1.000366149902343750e+03
-1.000221008300781250e+03
-9.997465209960937500e+02
-1.000566284179687500e+03
-1.000481933593750000e+03
-9.999838256835937500e+02
-1.000951049804687500e+03
-1.000843750000000000e+03
-1.000984252929687500e+03
-9.997545776367187500e+02
-1.000306457519531250e+03
-1.001283630371093750e+03
-1.001515441894531250e+03
-1.000150268554687500e+03
-1.000409423828125000e+03
-1.000507080078125000e+03
-1.000368530273437500e+03
-1.000727355957031250e+03
-9.996544799804687500e+02
-1.000277954101562500e+03
-9.994790649414062500e+02
-9.997111816406250000e+02
-9.999671020507812500e+02
-9.998320312500000000e+02
-1.000711791992187500e+03
-1.000686828613281250e+03
-9.995729370117187500e+02
-1.000563659667968750e+03
-1.000057556152343750e+03
-1.000234619140625000e+03
-9.996425170898437500e+02
-9.999685668945312500e+02
-1.000362670898437500e+03
-9.997128295898437500e+02
-1.000443664550781250e+03
-9.997520141601562500e+02
-9.997156372070312500e+02
-9.997788085937500000e+02
-1.000718200683593750e+03
-9.993947753906250000e+02
-9.996464843750000000e+02
-1.000039489746093750e+03
-9.998211059570312500e+02
-1.000162048339843750e+03
-9.998983764648437500e+02
-9.999411010742187500e+02
-9.999938354492187500e+02
-1.000127136230468750e+03
-9.992948608398437500e+02
-1.000334533691406250e+03
-9.994214477539062500e+02
-9.998442382812500000e+02
-9.991904296875000000e+02
-1.000480590820312500e+03
-1.000246948242187500e+03
-9.998439331054687500e+02
-9.997929077148437500e+02
-9.992124633789062500e+02
-1.001377502441406250e+03
-9.991914672851562500e+02
-9.999665527343750000e+02
-9.994133911132812500e+02
-9.989245605468750000e+02
-9.997981567382812500e+02
-1.000303344726562500e+03
-9.993626708984375000e+02
-9.999313354492187500e+02
-9.993134155273437500e+02
-9.998933715820312500e+02
-9.999305419921875000e+02
-1.000215393066406250e+03
-1.000492065429687500e+03
-1.000293151855468750e+03
-1.000285400390625000e+03
-1.000684753417968750e+03
-1.000229797363281250e+03
-1.000076965332031250e+03
-9.994518432617187500e+02
-9.998898315429687500e+02
-1.000074340820312500e+03
-9.997429199218750000e+02
-9.995007324218750000e+02
-1.000245544433593750e+03
-1.000006652832031250e+03
-1.000296447753906250e+03
-1.000146118164062500e+03
-1.000295837402343750e+03
-1.000337646484375000e+03
-9.988772583007812500e+02
-9.999219970703125000e+02
-1.000176391601562500e+03
-9.999833984375000000e+02
-9.998927001953125000e+02
-1.000202453613281250e+03
-9.996970825195312500e+02
-1.000676086425781250e+03
-1.000604064941406250e+03
-1.000816650390625000e+03
-1.000216735839843750e+03
-1.001168273925781250e+03
-1.000065734863281250e+03
-9.998986816406250000e+02
-1.000272155761718750e+03
-9.999307250976562500e+02
-1.000178649902343750e+03
-9.993048095703125000e+02
-1.001040954589843750e+03
-9.997789916992187500e+02
-9.997205200195312500e+02
-1.000596374511718750e+03
-9.991405639648437500e+02
-9.999170532226562500e+02
-9.998651733398437500e+02
-1.000373657226562500e+03
-1.000321411132812500e+03
-1.000153015136718750e+03
-9.998547363281250000e+02
-9.999238281250000000e+02
-1.000771667480468750e+03
-9.999943237304687500e+02
-1.000311035156250000e+03
-9.997766723632812500e+02
-9.999999389648437500e+02
-1.000049804687500000e+03
-1.000710693359375000e+03
-1.000538391113281250e+03
-1.000521667480468750e+03
-1.000175170898437500e+03
-9.995735473632812500e+02
-9.996103515625000000e+02
-1.000821655273437500e+03
-1.000073303222656250e+03
-1.000432189941406250e+03
-1.000372131347656250e+03
-9.993293457031250000e+02
-1.000224182128906250e+03
-9.997835693359375000e+02
-1.000113281250000000e+03
-1.000639770507812500e+03
-9.993952026367187500e+02
-9.998632812500000000e+02
-9.997883300781250000e+02
-9.996257324218750000e+02
-1.000129699707031250e+03
-1.000445556640625000e+03
-1.000890502929687500e+03
-1.000423278808593750e+03
-1.000704650878906250e+03
-9.995969848632812500e+02
-1.000164611816406250e+03
-1.000532592773437500e+03
-9.997926635742187500e+02
-9.993755493164062500e+02
-9.996758422851562500e+02
-9.997808227539062500e+02
-1.000307067871093750e+03
-9.992357177734375000e+02
-1.000146179199218750e+03
-1.000353759765625000e+03
-9.999306640625000000e+02
-1.000241699218750000e+03
-1.000302307128906250e+03
-1.000481079101562500e+03
-1.000097534179687500e+03
-1.000235046386718750e+03
-9.983841552734375000e+02
-9.998160400390625000e+02
-1.000134948730468750e+03
-1.000115783691406250e+03
-9.998413696289062500e+02
-1.000539794921875000e+03
-1.000518493652343750e+03
-1.000144042968750000e+03
-9.992827148437500000e+02
-9.999569091796875000e+02
-9.992053833007812500e+02
-9.999835815429687500e+02
-9.997522583007812500e+02
-1.000759033203125000e+03
-1.000168884277343750e+03
-1.000128906250000000e+03
-9.999067382812500000e+02
-9.992680053710937500e+02
-1.000037170410156250e+03
-9.998858642578125000e+02
-9.994086914062500000e+02
-1.000070312500000000e+03
-9.997421875000000000e+02
-1.000448669433593750e+03
-1.000283569335937500e+03
-9.999987182617187500e+02
-1.000441345214843750e+03
-9.992656250000000000e+02
-1.000245361328125000e+03
-9.995402832031250000e+02
-1.000438354492187500e+03
-1.000756530761718750e+03
-1.000685913085937500e+03
-1.000977416992187500e+03
-9.994415893554687500e+02
-1.000932067871093750e+03
-9.999969482421875000e+02
-9.993826293945312500e+02
-9.999310302734375000e+02
-9.997977905273437500e+02
-9.997736816406250000e+02
-1.000306152343750000e+03
-1.000514282226562500e+03
-9.994448242187500000e+02
-1.000208312988281250e+03
-9.994054565429687500e+02
-9.999246215820312500e+02
-1.000485778808593750e+03
-1.000250244140625000e+03
-1.000203918457031250e+03
-9.991239013671875000e+02
-1.000084594726562500e+03
-1.000039123535156250e+03
-9.998759765625000000e+02
-1.000673522949218750e+03
-9.995612792968750000e+02
-9.992448730468750000e+02
-9.993927612304687500e+02
-1.000334106445312500e+03
-9.996889648437500000e+02
-9.999127197265625000e+02
-9.990626831054687500e+02
-9.998972778320312500e+02
-9.996500244140625000e+02
-9.998992309570312500e+02
-1.000183776855468750e+03
-9.998138427734375000e+02
-1.000516052246093750e+03
-1.000125610351562500e+03
-9.996876220703125000e+02
-9.998939208984375000e+02
-9.992448120117187500e+02
-9.998059082031250000e+02
-9.994570922851562500e+02
-9.999002685546875000e+02
-9.990722045898437500e+02
-9.999772949218750000e+02
-1.000704406738281250e+03
-1.000262329101562500e+03
-1.000116333007812500e+03
-9.999809570312500000e+02
-1.000106994628906250e+03
-9.998795166015625000e+02
-9.992742309570312500e+02
-9.994724121093750000e+02
-9.998195800781250000e+02
-1.000132019042968750e+03
-1.000107666015625000e+03
-9.996008300781250000e+02
-1.001177429199218750e+03
-9.993333740234375000e+02
-1.000488830566406250e+03
-1.000466552734375000e+03
-9.996416625976562500e+02
-9.993484497070312500e+02
-1.001817626953125000e+03
-9.990364379882812500e+02
-9.999019165039062500e+02
-9.998573608398437500e+02
-1.000059082031250000e+03
-9.999281616210937500e+02
-1.000507141113281250e+03
-1.000273071289062500e+03
-1.000024719238281250e+03
-1.000186767578125000e+03
-1.000217712402343750e+03
-9.998419189453125000e+02
-9.999235839843750000e+02
-9.993117675781250000e+02
-9.999668579101562500e+02
-1.000742736816406250e+03
-9.994744873046875000e+02
-1.000160400390625000e+03
-9.999909057617187500e+02
-1.001123413085937500e+03
-1.000628662109375000e+03
-9.997882080078125000e+02
-9.994478149414062500e+02
-1.000245971679687500e+03
-1.000154968261718750e+03
-1.000095825195312500e+03
-1.000011535644531250e+03
-1.000319396972656250e+03
-9.995726318359375000e+02
-9.997862548828125000e+02
-1.000521118164062500e+03
-9.997537231445312500e+02
-9.999754638671875000e+02
-1.000346435546875000e+03
-9.998710937500000000e+02
-9.997034912109375000e+02
-1.000057922363281250e+03
-9.993690795898437500e+02
-9.993828735351562500e+02
-1.000522216796875000e+03
-1.000244079589843750e+03
-1.000227172851562500e+03
-9.992032470703125000e+02
-9.990337524414062500e+02
-9.993592529296875000e+02
-9.999901123046875000e+02
-1.000103088378906250e+03
-9.999253540039062500e+02
-9.990271606445312500e+02
-9.998900756835937500e+02
-1.000548889160156250e+03
-9.993470458984375000e+02
-1.000116638183593750e+03
-9.999625244140625000e+02
-1.000113403320312500e+03
-9.994044189453125000e+02
-9.997708740234375000e+02
-9.990182495117187500e+02
-9.993928833007812500e+02
-9.997203979492187500e+02
-1.000160278320312500e+03
-9.996519775390625000e+02
-9.996582031250000000e+02
-9.997439575195312500e+02
-9.996718139648437500e+02
-1.000771301269531250e+03
-9.999177856445312500e+02
-9.992929687500000000e+02
-9.995974731445312500e+02
-9.990891723632812500e+02
-9.997467041015625000e+02
-1.000370727539062500e+03
-9.999558715820312500e+02
-1.000206359863281250e+03
-1.000505249023437500e+03
-1.000499389648437500e+03
-9.990080566406250000e+02
-9.997943115234375000e+02
-9.997701416015625000e+02
-1.000444885253906250e+03
-9.994725341796875000e+02
-9.995888671875000000e+02
-9.993834838867187500e+02
-1.000580932617187500e+03
-1.000255310058593750e+03
-1.000027526855468750e+03
-9.999413452148437500e+02
-1.000140136718750000e+03
-9.993764038085937500e+02
-9.999333496093750000e+02
-9.988963012695312500e+02
-1.000660400390625000e+03
-9.997001342773437500e+02
-9.997617797851562500e+02
-1.000005615234375000e+03
-1.001146789550781250e+03
-1.000001708984375000e+03
-9.996940917968750000e+02
-9.997547607421875000e+02
-1.000004394531250000e+03
-9.996126708984375000e+02
-9.997154541015625000e+02
-9.995507812500000000e+02
-1.000792541503906250e+03
-9.998612060546875000e+02
-1.000315490722656250e+03
-1.000257751464843750e+03
-1.000268554687500000e+03
-9.999755859375000000e+02
-9.997245483398437500e+02
-1.000317382812500000e+03
-1.000833801269531250e+03
-1.000184020996093750e+03
-9.992903442382812500e+02
-1.000692810058593750e+03
-1.000309570312500000e+03
-1.000245483398437500e+03
-9.997254028320312500e+02
-1.000820678710937500e+03
-9.990684814453125000e+02
-1.001219299316406250e+03
-9.999137573242187500e+02
-9.999940795898437500e+02
-9.998439331054687500e+02
-9.999960327148437500e+02
-9.991817016601562500e+02
-9.993779296875000000e+02
-9.999020385742187500e+02
-9.995012817382812500e+02
-9.997712402343750000e+02
-1.001089416503906250e+03
-9.997925415039062500e+02
-1.000470703125000000e+03
-1.001244934082031250e+03
-1.000513244628906250e+03
-1.000642456054687500e+03
-9.999653930664062500e+02
-1.000461242675781250e+03
-9.999927368164062500e+02
-9.996051635742187500e+02
-9.991516723632812500e+02
-9.999616088867187500e+02
-1.000287719726562500e+03
-1.000339416503906250e+03
-1.000588500976562500e+03
-1.000015808105468750e+03
-9.992129516601562500e+02
-9.997183227539062500e+02
-9.996932983398437500e+02
-1.000415649414062500e+03
-1.000859313964843750e+03
-1.000001037597656250e+03
-1.000200927734375000e+03
-1.000857910156250000e+03
-9.990652465820312500e+02
-1.000268981933593750e+03
-1.000648559570312500e+03
-1.000053588867187500e+03
-9.996775512695312500e+02
-9.998926391601562500e+02
-1.000090759277343750e+03
-1.000018371582031250e+03
-9.997641601562500000e+02
-9.996902465820312500e+02
-1.000194519042968750e+03
-9.991913452148437500e+02
-1.000039367675781250e+03
-9.984419555664062500e+02
-1.000320129394531250e+03
-1.000432556152343750e+03
-9.992208251953125000e+02
-9.995667724609375000e+02
-1.000103210449218750e+03
-9.998613281250000000e+02
-9.999964599609375000e+02
-1.000643127441406250e+03
-9.996765136718750000e+02
-1.000420776367187500e+03
-1.000664550781250000e+03
-1.000281616210937500e+03
-9.992131347656250000e+02
-9.999084472656250000e+02
-9.997262573242187500e+02
-1.001627685546875000e+03
-9.999171142578125000e+02
-1.000487976074218750e+03
-1.000778991699218750e+03
-9.996118774414062500e+02
-9.998425903320312500e+02
-9.999110717773437500e+02
-1.000094787597656250e+03
-1.000515441894531250e+03
-9.997002563476562500e+02
-9.994973754882812500e+02
-9.994822998046875000e+02
-9.995721435546875000e+02
-9.990850219726562500e+02
-1.000073852539062500e+03
-1.000180419921875000e+03
-9.999259643554687500e+02
-9.993883666992187500e+02
-1.000036987304687500e+03
-9.990504760742187500e+02
-9.992958984375000000e+02
-9.999960937500000000e+02
-1.000743286132812500e+03
-9.998288574218750000e+02
-1.000179870605468750e+03
-1.000380004882812500e+03
-1.000843994140625000e+03
-9.995802001953125000e+02
-9.992348022460937500e+02
-1.000651306152343750e+03
-9.997418212890625000e+02
-9.987436523437500000e+02
-9.990968627929687500e+02
-9.998336791992187500e+02
-9.994241943359375000e+02
-9.998152465820312500e+02
-9.995470581054687500e+02
-1.000145935058593750e+03
-9.996174926757812500e+02
-9.994400024414062500e+02
-1.000401306152343750e+03
-9.988337402343750000e+02
-1.000637451171875000e+03
-1.000163696289062500e+03
-9.997362670898437500e+02
-1.000260742187500000e+03
-9.999244995117187500e+02
-1.000202209472656250e+03
-1.001408691406250000e+03
-1.000476806640625000e+03
-9.994680175781250000e+02
-9.999100341796875000e+02
-1.000598327636718750e+03
-9.994158935546875000e+02
-9.995529174804687500e+02
-9.999054565429687500e+02
-1.000085144042968750e+03
-9.998571166992187500e+02
-9.998071899414062500e+02
-9.996485595703125000e+02
-9.994868164062500000e+02
-9.999788208007812500e+02
-9.999711914062500000e+02
-1.000151184082031250e+03
-1.000805725097656250e+03
-1.000078063964843750e+03
-1.000301574707031250e+03
-9.999097900390625000e+02
-9.996585693359375000e+02
-1.001415344238281250e+03
-9.999203491210937500e+02
-9.992297363281250000e+02
-9.995319213867187500e+02
-9.995252075195312500e+02
-1.000863769531250000e+03
-1.000073303222656250e+03
-9.993511962890625000e+02
-9.997761840820312500e+02
-9.996524658203125000e+02
-9.996032104492187500e+02
-9.994799804687500000e+02
-9.997880249023437500e+02
-1.000044738769531250e+03
-9.994022827148437500e+02
-1.000331237792968750e+03
-9.995058593750000000e+02
-9.989735107421875000e+02
-1.000888244628906250e+03
-1.001364379882812500e+03
-1.000407104492187500e+03
-1.000391723632812500e+03
-9.999729614257812500e+02
-9.999348754882812500e+02
-9.995186157226562500e+02
-9.992654418945312500e+02
-9.996091918945312500e+02
-1.000705200195312500e+03
-9.991537475585937500e+02
-1.000309692382812500e+03
-9.994734497070312500e+02
-9.990645141601562500e+02
-1.000015930175781250e+03
-1.000480468750000000e+03
-9.999555664062500000e+02
-9.998461303710937500e+02
-9.993574829101562500e+02
-9.997498779296875000e+02
-9.993427124023437500e+02
-1.000153015136718750e+03
-1.000923706054687500e+03
-1.000030334472656250e+03
-1.000489257812500000e+03
-9.998515625000000000e+02
-9.995817260742187500e+02
-1.000609375000000000e+03
-9.999569091796875000e+02
-1.000739807128906250e+03
-9.996047973632812500e+02
-9.997913208007812500e+02
-9.996447143554687500e+02
-9.991130371093750000e+02
-1.000340332031250000e+03
-9.999036254882812500e+02
-9.999138183593750000e+02
-1.000621948242187500e+03
-9.999029541015625000e+02
-9.998435058593750000e+02
-9.999085083007812500e+02
-1.000423767089843750e+03
-1.000221130371093750e+03
-1.000102478027343750e+03
-9.998369140625000000e+02
-1.000393737792968750e+03
-1.000065612792968750e+03
-9.997243652343750000e+02
-9.992011718750000000e+02
-1.000328918457031250e+03
-9.997144165039062500e+02
-1.000430847167968750e+03
-9.996480102539062500e+02
-9.995296020507812500e+02
-1.000046447753906250e+03
-9.993860473632812500e+02
-9.999683837890625000e+02
-9.997002563476562500e+02
-1.000088256835937500e+03
-9.997398071289062500e+02
-9.996939697265625000e+02
-1.000074096679687500e+03
-9.989677734375000000e+02
-1.000765747070312500e+03
-1.000775451660156250e+03
-9.995882568359375000e+02
-1.000392028808593750e+03
-1.000064270019531250e+03
-1.000176330566406250e+03
-1.000545715332031250e+03
-1.000070373535156250e+03
-9.994813232421875000e+02
-1.000458618164062500e+03
-9.989938964843750000e+02
-9.993355712890625000e+02
-9.999926757812500000e+02
-1.000135375976562500e+03
-1.000325317382812500e+03
-9.999078369140625000e+02
-1.000507507324218750e+03
-9.997694091796875000e+02
-1.000305175781250000e+03
-1.000367370605468750e+03
-1.000282958984375000e+03
-9.994927368164062500e+02
-9.986320190429687500e+02
-1.000089843750000000e+03
-9.993181152343750000e+02
-9.999312744140625000e+02
-1.000248901367187500e+03
-9.991505126953125000e+02
-1.000304748535156250e+03
-1.000676696777343750e+03
-9.991643676757812500e+02
-1.000879760742187500e+03
-9.995457153320312500e+02
-9.994025268554687500e+02
-9.998540649414062500e+02
-9.997457885742187500e+02
-9.998569946289062500e+02
-9.993154907226562500e+02
-1.001319763183593750e+03
-1.000744812011718750e+03
-9.999423828125000000e+02
-1.000013549804687500e+03
-9.999148559570312500e+02
-9.994562377929687500e+02
-1.001843688964843750e+03
-1.000531799316406250e+03
-1.000373046875000000e+03
-1.000015991210937500e+03
-9.995478515625000000e+02
-9.996963500976562500e+02
-9.999510498046875000e+02
-1.000465820312500000e+03
-1.000283203125000000e+03
-1.000986145019531250e+03
-1.000070800781250000e+03
-1.000818359375000000e+03
-9.991819458007812500e+02
-1.000194030761718750e+03
-9.994102172851562500e+02
-9.996947631835937500e+02
-9.993928833007812500e+02
-1.000387939453125000e+03
-1.000081604003906250e+03
-1.000138793945312500e+03
-1.000369201660156250e+03
-9.998073120117187500e+02
-1.000679138183593750e+03
-1.000860778808593750e+03
-9.996726074218750000e+02
-9.995698242187500000e+02
-9.997670288085937500e+02
-9.999247436523437500e+02
-9.996098022460937500e+02
-1.000171386718750000e+03
-9.990103149414062500e+02
-9.997335205078125000e+02
-1.000131042480468750e+03
-9.995056152343750000e+02
-1.000076477050781250e+03
-1.000525268554687500e+03
-9.995761108398437500e+02
-9.994242553710937500e+02
-1.000167785644531250e+03
-1.000663574218750000e+03
-9.995104980468750000e+02
-9.994301147460937500e+02
-9.997796020507812500e+02
-9.996055297851562500e+02
-9.991918945312500000e+02
-9.996935424804687500e+02
-9.989912719726562500e+02
-9.996271362304687500e+02
-9.999920043945312500e+02
-1.000666137695312500e+03
-1.000822631835937500e+03
-9.999412841796875000e+02
-1.000189575195312500e+03
-1.000292663574218750e+03
-1.000096191406250000e+03
-1.000221069335937500e+03
-1.000699951171875000e+03
-1.000852722167968750e+03
-1.000633972167968750e+03
-9.999484863281250000e+02
-1.000434753417968750e+03
-9.985548095703125000e+02
-9.989423217773437500e+02
-9.996873168945312500e+02
-9.994949340820312500e+02
-1.000507751464843750e+03
-9.993802490234375000e+02
-9.997827758789062500e+02
-9.997170410156250000e+02
-9.996001586914062500e+02
-9.999425048828125000e+02
-9.994152832031250000e+02
-9.999880371093750000e+02
-9.995112304687500000e+02
-9.999218750000000000e+02
-9.998738403320312500e+02
-9.996601562500000000e+02
-9.995809936523437500e+02
-1.000352783203125000e+03
-9.993520507812500000e+02
-9.996196899414062500e+02
-9.991967773437500000e+02
-1.000230163574218750e+03
-1.000493469238281250e+03
-1.000221191406250000e+03
-9.992959594726562500e+02
-1.000696716308593750e+03
-1.000360412597656250e+03
-1.000417358398437500e+03
-9.994084472656250000e+02
-9.999360961914062500e+02
-1.000046447753906250e+03
-9.997564697265625000e+02
-1.000466979980468750e+03
-1.000012878417968750e+03
-1.000645690917968750e+03
-1.000161010742187500e+03
-1.000765930175781250e+03
-9.998085937500000000e+02
-1.000757629394531250e+03
-1.001174926757812500e+03
-1.000594177246093750e+03
-1.000410644531250000e+03
-1.000049438476562500e+03
-1.000142761230468750e+03
-9.998782958984375000e+02
-9.991098022460937500e+02
-9.989757690429687500e+02
-1.000115295410156250e+03
-1.000531188964843750e+03
-1.000323730468750000e+03
-1.000792785644531250e+03
-1.000405090332031250e+03
-9.998428344726562500e+02
-9.999230957031250000e+02
-9.996309204101562500e+02
-1.000989624023437500e+03
-9.996864013671875000e+02
-1.000061035156250000e+03
-9.996372070312500000e+02
-9.997732543945312500e+02
-9.995643920898437500e+02
-9.991275634765625000e+02
-1.000568969726562500e+03
-9.997987670898437500e+02
-9.993803100585937500e+02
-9.998947143554687500e+02
-9.998703002929687500e+02
-9.997739868164062500e+02
-1.000030151367187500e+03
-9.985845336914062500e+02
-1.000759399414062500e+03
-9.998877563476562500e+02
-1.001104736328125000e+03
-9.987575073242187500e+02
-1.000155395507812500e+03
-1.000989746093750000e+03
-9.996204833984375000e+02
-1.000048706054687500e+03
-1.000086181640625000e+03
-1.000088989257812500e+03
-9.997410278320312500e+02
-1.000557922363281250e+03
-1.000113769531250000e+03
-9.995999755859375000e+02
-9.995672607421875000e+02
-9.997636718750000000e+02
-1.000508911132812500e+03
-9.996793212890625000e+02
-9.996445312500000000e+02
-9.998928222656250000e+02
-9.996914672851562500e+02
-9.995039062500000000e+02
-9.997781372070312500e+02
-1.000000183105468750e+03
-9.995225830078125000e+02
-9.998697509765625000e+02
-9.998956298828125000e+02
-9.995576782226562500e+02
-1.000456237792968750e+03
-9.992982788085937500e+02
-1.000589172363281250e+03
-9.999451904296875000e+02
-9.998662719726562500e+02
-1.000697082519531250e+03
-1.000299743652343750e+03
-1.000707092285156250e+03
-1.000253540039062500e+03
-9.991852416992187500e+02
-1.000678833007812500e+03
-1.000098693847656250e+03
-1.000022644042968750e+03
-9.996872558593750000e+02
-1.000128662109375000e+03
-9.999757690429687500e+02
-1.000015014648437500e+03
-1.000333557128906250e+03
-9.996249389648437500e+02
-1.000642883300781250e+03
-1.000477905273437500e+03
-1.000206420898437500e+03
-9.999467163085937500e+02
-9.995294799804687500e+02
-9.998933715820312500e+02
-9.999057617187500000e+02
-1.000228454589843750e+03
-1.000744018554687500e+03
-1.000015930175781250e+03
-9.998466796875000000e+02
-9.990818481445312500e+02
-9.995507812500000000e+02
-9.997652587890625000e+02
-9.996102294921875000e+02
-9.999954223632812500e+02
-9.991425781250000000e+02
-9.995593261718750000e+02
-9.997338867187500000e+02
-1.000605590820312500e+03
-9.996036987304687500e+02
-1.001250610351562500e+03
-9.998167114257812500e+02
-1.000413452148437500e+03
-9.997412719726562500e+02
-1.000220275878906250e+03
-9.994851074218750000e+02
-1.000037475585937500e+03
-1.000383300781250000e+03
-1.000075378417968750e+03
-1.000142395019531250e+03
-1.000315551757812500e+03
-9.996973876953125000e+02
-1.000425720214843750e+03
-1.001077636718750000e+03
-9.995932006835937500e+02
-1.000654052734375000e+03
-1.000453552246093750e+03
-1.000306884765625000e+03
-9.992613525390625000e+02
-9.997098999023437500e+02
-9.993696289062500000e+02
-9.997663574218750000e+02
-1.000475036621093750e+03
-9.989288330078125000e+02
-1.000229614257812500e+03
-9.994716186523437500e+02
-1.000465698242187500e+03
-9.999007568359375000e+02
-1.000393615722656250e+03
-9.989326782226562500e+02
-9.995215454101562500e+02
-9.998078613281250000e+02
-1.000457153320312500e+03
-9.998416137695312500e+02
-1.000237854003906250e+03
-1.000039550781250000e+03
-9.995466308593750000e+02
-1.000000549316406250e+03
-1.000042724609375000e+03
-1.000204956054687500e+03
-9.994074707031250000e+02
-9.997699584960937500e+02
-9.994968261718750000e+02
-9.995745239257812500e+02
-1.000026000976562500e+03
-9.997581176757812500e+02
-9.997876586914062500e+02
-9.993795776367187500e+02
-9.988352661132812500e+02
-1.000192199707031250e+03
-9.997478637695312500e+02
-9.994719848632812500e+02
-9.992969360351562500e+02
-9.994763793945312500e+02
-1.000553588867187500e+03
-9.995353393554687500e+02
-1.000798461914062500e+03
-1.000355102539062500e+03
-9.997401733398437500e+02
-9.992714843750000000e+02
-1.000035217285156250e+03
-9.995961914062500000e+02
-9.997216796875000000e+02
-9.997135009765625000e+02
-9.990698242187500000e+02
-1.000633850097656250e+03
-9.994870605468750000e+02
-9.996408081054687500e+02
-9.999957885742187500e+02
-9.999713745117187500e+02
-1.000842712402343750e+03
-1.000477294921875000e+03
-1.000196777343750000e+03
-1.000949096679687500e+03
-1.000485839843750000e+03
-9.990825195312500000e+02
-9.998273315429687500e+02
-1.000013000488281250e+03
-9.993704223632812500e+02
-9.996383056640625000e+02
-1.000196289062500000e+03
-9.993435058593750000e+02
-9.994042968750000000e+02
-9.998108520507812500e+02
-1.000332763671875000e+03
-9.996456298828125000e+02
-9.991879882812500000e+02
-1.000638854980468750e+03
-9.998494262695312500e+02
-9.999671020507812500e+02
-1.000144531250000000e+03
-1.000416625976562500e+03
-1.000033142089843750e+03
-1.000294982910156250e+03
-9.996784667968750000e+02
-1.000946777343750000e+03
-1.000413391113281250e+03
-1.000531555175781250e+03
-9.997053833007812500e+02
-9.997304687500000000e+02
-9.995546875000000000e+02
-1.000566467285156250e+03
-9.997790527343750000e+02
-1.000147705078125000e+03
-1.000927001953125000e+03
-1.000420471191406250e+03
-1.001315795898437500e+03
-9.999187622070312500e+02
-9.995731201171875000e+02
-9.995260009765625000e+02
-1.000467590332031250e+03
-1.000132751464843750e+03
-9.988977050781250000e+02
-9.999097290039062500e+02
-1.000275939941406250e+03
-1.000908874511718750e+03
-1.000055114746093750e+03
-1.000147521972656250e+03
-9.998736572265625000e+02
-1.000567199707031250e+03
-9.999966430664062500e+02
-1.000493713378906250e+03
-1.000352233886718750e+03
-1.000226745605468750e+03
-9.997943725585937500e+02
-1.000523498535156250e+03
-1.000626098632812500e+03
-9.993698730468750000e+02
-9.999256591796875000e+02
-1.000332336425781250e+03
-1.000950317382812500e+03
-1.000447570800781250e+03
-9.994782104492187500e+02
-9.997539672851562500e+02
-9.996424560546875000e+02
-9.997319335937500000e+02
-9.992207641601562500e+02
-9.998181152343750000e+02
-9.996739501953125000e+02
-9.997960815429687500e+02
-1.000078674316406250e+03
-9.998922729492187500e+02
-9.996906738281250000e+02
-9.997888793945312500e+02
-1.000422973632812500e+03
-1.000492675781250000e+03
-1.000547607421875000e+03
-9.999667358398437500e+02
-1.000521911621093750e+03
-1.000020751953125000e+03
-9.999165649414062500e+02
-9.999609985351562500e+02
-1.000442687988281250e+03
-9.996452026367187500e+02
-9.995608520507812500e+02
-9.998230590820312500e+02
-9.999064331054687500e+02
-9.998497924804687500e+02
-1.000129821777343750e+03
-9.997959594726562500e+02
-9.997057495117187500e+02
-9.999002075195312500e+02
-1.000198608398437500e+03
-1.000969055175781250e+03
-9.992362060546875000e+02
-9.997358398437500000e+02
-9.997827758789062500e+02
-9.998143920898437500e+02
-1.000868713378906250e+03
-1.000198730468750000e+03
-9.993071289062500000e+02
-1.000288696289062500e+03
-9.997633056640625000e+02
-1.000212524414062500e+03
-1.000342102050781250e+03
-9.996585083007812500e+02
-9.999099731445312500e+02
-9.993831787109375000e+02
-1.000974304199218750e+03
-9.997850952148437500e+02
-1.000383850097656250e+03
-1.000530456542968750e+03
-9.998143920898437500e+02
-1.000164794921875000e+03
-9.999124755859375000e+02
-1.000127014160156250e+03
-9.999182739257812500e+02
-9.992725830078125000e+02
-9.992725830078125000e+02
-9.996749877929687500e+02
-1.001468811035156250e+03
-1.000439514160156250e+03
-1.000554260253906250e+03
-1.000256896972656250e+03
-1.000668884277343750e+03
-9.986260986328125000e+02
-1.000205017089843750e+03
-9.999180908203125000e+02
-1.000150329589843750e+03
-1.000502502441406250e+03
-1.000098937988281250e+03
-9.992332763671875000e+02
-1.000126831054687500e+03
-9.989092407226562500e+02
-1.000584777832031250e+03
-1.000242736816406250e+03
-9.996625366210937500e+02
-9.998759155273437500e+02
-1.000145629882812500e+03
-1.000130310058593750e+03
-9.995945434570312500e+02
-9.997373657226562500e+02
-9.997593994140625000e+02
-9.988064575195312500e+02
-1.000515686035156250e+03
-9.997571411132812500e+02
-1.000113403320312500e+03
-1.000030822753906250e+03
-9.999328002929687500e+02
-1.000244323730468750e+03
-9.996934204101562500e+02
-1.000496643066406250e+03
-1.000231323242187500e+03
-1.000024780273437500e+03
-1.000375122070312500e+03
-9.997128295898437500e+02
-1.000291320800781250e+03
-9.997081298828125000e+02
-1.000780761718750000e+03
-1.000189025878906250e+03
-9.998031616210937500e+02
-9.998437500000000000e+02
-1.000404785156250000e+03
-9.994788818359375000e+02
-9.992986450195312500e+02
-1.000147888183593750e+03
-1.000090698242187500e+03
-1.000516967773437500e+03
-1.000465942382812500e+03
-1.000013671875000000e+03
-1.000089355468750000e+03
-1.000399780273437500e+03
-1.000016296386718750e+03
-9.997833251953125000e+02
-1.000274780273437500e+03
-9.993850708007812500e+02
-1.001358825683593750e+03
-1.000075561523437500e+03
-1.000174804687500000e+03
-9.998190917968750000e+02
-9.997134399414062500e+02
-9.996005859375000000e+02
-1.000313049316406250e+03
-9.993086547851562500e+02
-1.000354003906250000e+03
-1.000456481933593750e+03
-9.996387939453125000e+02
-1.000029663085937500e+03
-1.000436706542968750e+03
-1.000607360839843750e+03
-1.000203918457031250e+03
-9.993394775390625000e+02
-1.000177917480468750e+03
-9.997874145507812500e+02
