1.635848317104612112e+09
1.635848317108925104e+09
1.635848318110254049e+09
1.635848319110394001e+09
1.635848320110356092e+09
1.635848321110403061e+09
1.635848322110332966e+09
1.635848323110316992e+09
1.635848324110332966e+09
1.635848325110348940e+09
1.635848326110402107e+09
1.635848327110408068e+09
1.635848328110403061e+09
1.635848329110347986e+09
1.635848330110363960e+09
1.635848331110338926e+09
1.635848332110318899e+09
1.635848333110342026e+09
1.635848334110383034e+09
1.635848335110405922e+09
1.635848336110615969e+09
1.635848337110613108e+09
1.635848338110424042e+09
1.635848339110450029e+09
1.635848340110455036e+09
1.635848341110384941e+09
1.635848342110347986e+09
1.635848343110316038e+09
1.635848344109610081e+09
1.635848345110337973e+09
1.635848346110315084e+09
1.635848347110256910e+09
1.635848348110383034e+09
1.635848349110333920e+09
1.635848350110364914e+09
1.635848351110315084e+09
1.635848352110344887e+09
1.635848353110321999e+09
1.635848354110322952e+09
1.635848355110323906e+09
1.635848356110197067e+09
1.635848357110265970e+09
1.635848358110390902e+09
1.635848359110410929e+09
1.635848360110356092e+09
1.635848361110405922e+09
1.635848362110353947e+09
1.635848363110388994e+09
1.635848364110392094e+09
1.635848365110397100e+09
1.635848366110399961e+09
1.635848367110483885e+09
1.635848368110579014e+09
1.635848369110418081e+09
1.635848370110410929e+09
1.635848371110384941e+09
1.635848372110409975e+09
1.635848373110389948e+09
1.635848374110379934e+09
1.635848375110349894e+09
1.635848376110327959e+09
1.635848377110335112e+09
1.635848378110352993e+09
1.635848379110387087e+09
1.635848380110358953e+09
1.635848381110503912e+09
1.635848382110471010e+09
1.635848383110395908e+09
1.635848384110394001e+09
1.635848385110479116e+09
1.635848386110428095e+09
1.635848387110358000e+09
1.635848388110349894e+09
1.635848389110385895e+09
1.635848390110399008e+09
1.635848391110409021e+09
1.635848392110423088e+09
1.635848393110337019e+09
1.635848394109709024e+09
1.635848395110368013e+09
1.635848396110411882e+09
1.635848397110318899e+09
1.635848398109637022e+09
1.635848399110656023e+09
1.635848400110481024e+09
1.635848401109477997e+09
1.635848402110399961e+09
1.635848403110366106e+09
1.635848404110357046e+09
1.635848405110384941e+09
1.635848406110510111e+09
1.635848407110342026e+09
1.635848408110358000e+09
1.635848409110413074e+09
1.635848410110511065e+09
1.635848411110363007e+09
1.635848412110429049e+09
1.635848413110352993e+09
1.635848414110378981e+09
1.635848415110409021e+09
1.635848416110352039e+09
1.635848417110387087e+09
1.635848418110390902e+09
1.635848419110388994e+09
1.635848420110402107e+09
1.635848421110409021e+09
1.635848422110372066e+09
1.635848423110388994e+09
1.635848424110366106e+09
1.635848425110327005e+09
1.635848426110388994e+09
1.635848427110394001e+09
1.635848428110411882e+09
1.635848429110407114e+09
1.635848430110476971e+09
1.635848431110766888e+09
1.635848432110368013e+09
1.635848433110366106e+09
1.635848434110362053e+09
1.635848435110394001e+09
1.635848436109952927e+09
1.635848437110445023e+09
1.635848438110352039e+09
1.635848439110382080e+09
1.635848440110464096e+09
1.635848441110336065e+09
1.635848442110378981e+09
1.635848443110277891e+09
1.635848444110296011e+09
1.635848445110296011e+09
1.635848446110296011e+09
1.635848447110313892e+09
1.635848448110322952e+09
1.635848449110380888e+09
1.635848450110408068e+09
1.635848451110317945e+09
1.635848452110369921e+09
1.635848453110295057e+09
1.635848454110295057e+09
1.635848455110295057e+09
1.635848456110304117e+09
1.635848457110325098e+09
1.635848458110333920e+09
1.635848459110374928e+09
1.635848460110383034e+09
1.635848461110336065e+09
1.635848462110352993e+09
1.635848463110306025e+09
1.635848464110306978e+09
1.635848465110307932e+09
1.635848466110342026e+09
1.635848467110327959e+09
1.635848468110400915e+09
1.635848469110343933e+09
1.635848470110423088e+09
1.635848471110379934e+09
1.635848472110408068e+09
1.635848473110660076e+09
1.635848474110387087e+09
1.635848475110429049e+09
1.635848476110382080e+09
1.635848477110423088e+09
1.635848478110368967e+09
1.635848479110402107e+09
1.635848480110380888e+09
1.635848481110450029e+09
1.635848482110352039e+09
1.635848483110344887e+09
1.635848484110425949e+09
1.635848485110388041e+09
1.635848486110379934e+09
1.635848487110388994e+09
1.635848488110300064e+09
1.635848489110462904e+09
1.635848490110474110e+09
1.635848491110398054e+09
1.635848492110351086e+09
1.635848493110323906e+09
1.635848494110310078e+09
1.635848495110307932e+09
1.635848496110224962e+09
1.635848497109833002e+09
1.635848498110479116e+09
1.635848499110351086e+09
1.635848500110557079e+09
1.635848501110317945e+09
1.635848502110358953e+09
1.635848503110399008e+09
1.635848504110363960e+09
1.635848505110385895e+09
1.635848506110419989e+09
1.635848507110336065e+09
1.635848508110368013e+09
1.635848509110358000e+09
1.635848510110348940e+09
1.635848511110368013e+09
1.635848512110430956e+09
1.635848513110352039e+09
1.635848514110383034e+09
1.635848515110445976e+09
1.635848516110336065e+09
1.635848517110403061e+09
1.635848518110310078e+09
1.635848519110342026e+09
1.635848520110394001e+09
1.635848521110330105e+09
1.635848522110306978e+09
1.635848523110389948e+09
1.635848524110347033e+09
1.635848525110269070e+09
1.635848526110311031e+09
1.635848527110306978e+09
1.635848528110389948e+09
1.635848529110337973e+09
1.635848530110450029e+09
1.635848531110367060e+09
1.635848532110404015e+09
1.635848533110335112e+09
1.635848534110459089e+09
1.635848535110383987e+09
1.635848536110399961e+09
1.635848537110383034e+09
1.635848538110244989e+09
1.635848539110338926e+09
1.635848540110452890e+09
1.635848541110347033e+09
1.635848542110378027e+09
1.635848543110377073e+09
1.635848544110349894e+09
1.635848545110311985e+09
1.635848546110337973e+09
1.635848547110318899e+09
1.635848548110333920e+09
1.635848549110419989e+09
1.635848550110419035e+09
1.635848551110362053e+09
1.635848552110380888e+09
1.635848553110385895e+09
1.635848554110389948e+09
1.635848555110428095e+09
1.635848556110323906e+09
1.635848557110512972e+09
1.635848558110356092e+09
1.635848559110380888e+09
1.635848560110476017e+09
1.635848561110408068e+09
1.635848562110382080e+09
1.635848563110443115e+09
1.635848564110295057e+09
1.635848565110291004e+09
1.635848566110460997e+09
1.635848567110368013e+09
1.635848568110404015e+09
1.635848569110374928e+09
1.635848570110387087e+09
1.635848571110321045e+09
1.635848572110317945e+09
1.635848573110305071e+09
1.635848574110356092e+09
1.635848575110341072e+09
1.635848576110316992e+09
1.635848577110379934e+09
1.635848578110327959e+09
1.635848579110385895e+09
1.635848580110471964e+09
1.635848581110341072e+09
1.635848582110286951e+09
1.635848583110290051e+09
1.635848584110404968e+09
1.635848585110419035e+09
1.635848586110409975e+09
1.635848587110404015e+09
1.635848588110363960e+09
1.635848589110402107e+09
1.635848590110508919e+09
1.635848591110383987e+09
1.635848592110394001e+09
1.635848593110387087e+09
1.635848594110404968e+09
1.635848595110356092e+09
1.635848596110440969e+09
1.635848597110347033e+09
1.635848598110312939e+09
1.635848599110460043e+09
1.635848600110359907e+09
1.635848601110369921e+09
1.635848602110400915e+09
1.635848603109700918e+09
1.635848604110416889e+09
1.635848605110328913e+09
1.635848606110323906e+09
1.635848607110313892e+09
1.635848608110364914e+09
1.635848609110405922e+09
1.635848610110420942e+09
1.635848611110388994e+09
1.635848612110457897e+09
1.635848613110475063e+09
1.635848614110398054e+09
1.635848615110362053e+09
1.635848616110380888e+09
1.635848617110378027e+09
1.635848618110299110e+09
1.635848619110446930e+09
1.635848620110326052e+09
1.635848621110363007e+09
1.635848622110337973e+09
1.635848623109976053e+09
1.635848624110315084e+09
1.635848625110347033e+09
1.635848626110306025e+09
1.635848627109556913e+09
1.635848628110300064e+09
1.635848629110268116e+09
1.635848630110346079e+09
1.635848631110327005e+09
1.635848632110332966e+09
1.635848633110328913e+09
1.635848634110402107e+09
1.635848635110080957e+09
1.635848636110358000e+09
1.635848637110404968e+09
1.635848638110342026e+09
1.635848639110388041e+09
1.635848640110451937e+09
1.635848641110385895e+09
1.635848642110457897e+09
1.635848643110479116e+09
1.635848644110434055e+09
1.635848645110330105e+09
1.635848646110383034e+09
1.635848647110307932e+09
1.635848648110419989e+09
1.635848649110377073e+09
1.635848650110409975e+09
1.635848651110431910e+09
1.635848652110377073e+09
1.635848653110373974e+09
1.635848654110367060e+09
1.635848655110351086e+09
1.635848656110526085e+09
1.635848657110323906e+09
1.635848658110311031e+09
1.635848659110357046e+09
1.635848660110323906e+09
1.635848661110322952e+09
1.635848662110316038e+09
1.635848663110317945e+09
1.635848664110289097e+09
1.635848665110321999e+09
1.635848666110316038e+09
1.635848667110310078e+09
1.635848668110281944e+09
1.635848669110374928e+09
1.635848670110466957e+09
1.635848671110446930e+09
1.635848672110311985e+09
1.635848673110392094e+09
1.635848674110336065e+09
1.635848675110409021e+09
1.635848676110328913e+09
1.635848677110316038e+09
1.635848678110301971e+09
1.635848679110476017e+09
1.635848680110369921e+09
1.635848681110471010e+09
1.635848682110373974e+09
1.635848683110634089e+09
1.635848684110348940e+09
1.635848685110388994e+09
1.635848686110472918e+09
1.635848687110460997e+09
1.635848688110398054e+09
1.635848689110352993e+09
1.635848690110321045e+09
1.635848691110368013e+09
1.635848692110646963e+09
1.635848693110493898e+09
1.635848694110333920e+09
1.635848695110441923e+09
1.635848696110374928e+09
1.635848697110347033e+09
1.635848698110321999e+09
1.635848699110354900e+09
1.635848700110465050e+09
1.635848701110342026e+09
1.635848702110371113e+09
1.635848703110430956e+09
1.635848704110356092e+09
1.635848705110380888e+09
1.635848706110374928e+09
1.635848707110460997e+09
1.635848708110407114e+09
1.635848709110342026e+09
1.635848710110377073e+09
1.635848711110388994e+09
1.635848712110301971e+09
1.635848713110399008e+09
1.635848714110320091e+09
1.635848715110388994e+09
1.635848716110333920e+09
1.635848717110311985e+09
1.635848718110264063e+09
1.635848719110347986e+09
1.635848720110368013e+09
1.635848721110471010e+09
1.635848722110373020e+09
1.635848723110479116e+09
1.635848724110358953e+09
1.635848725110402107e+09
1.635848726110398054e+09
1.635848727110419035e+09
1.635848728110301971e+09
1.635848729110400915e+09
1.635848730110469103e+09
1.635848731110459089e+09
1.635848732110455036e+09
1.635848733110455036e+09
1.635848734110363007e+09
1.635848735110423088e+09
1.635848736110471964e+09
1.635848737110389948e+09
1.635848738110274076e+09
1.635848739110397100e+09
1.635848740110419035e+09
1.635848741110348940e+09
1.635848742110393047e+09
1.635848743110347986e+09
1.635848744110404968e+09
1.635848745110285044e+09
1.635848746110313892e+09
1.635848747110321999e+09
1.635848748110395908e+09
1.635848749110476017e+09
1.635848750110466957e+09
1.635848751110378981e+09
1.635848752110400915e+09
1.635848753110409021e+09
1.635848754110392094e+09
1.635848755110296965e+09
1.635848756110332966e+09
1.635848757110358953e+09
1.635848758110313892e+09
1.635848759110409975e+09
1.635848760110430002e+09
1.635848761110362053e+09
1.635848762110311985e+09
1.635848763110341072e+09
1.635848764110316038e+09
1.635848765110207081e+09
1.635848766110291004e+09
1.635848767110316038e+09
1.635848768110296965e+09
1.635848769110301018e+09
1.635848770110338926e+09
1.635848771110378027e+09
1.635848772110395908e+09
1.635848773110392094e+09
1.635848774110404015e+09
1.635848775110272884e+09
1.635848776110323906e+09
1.635848777110337019e+09
1.635848778110347986e+09
1.635848779110392094e+09
1.635848780110397100e+09
1.635848781110397100e+09
1.635848782110394955e+09
1.635848783110403061e+09
1.635848784110378981e+09
1.635848785110335112e+09
1.635848786109894037e+09
1.635848787110502005e+09
1.635848788110358953e+09
1.635848789110433102e+09
1.635848790110357046e+09
1.635848791110502958e+09
1.635848792110476017e+09
1.635848793110462904e+09
1.635848794110380888e+09
1.635848795110390902e+09
1.635848796110338926e+09
1.635848797110316992e+09
1.635848798110318899e+09
1.635848799110335112e+09
1.635848800110330105e+09
1.635848801110313892e+09
1.635848802110373020e+09
1.635848803110325098e+09
1.635848804110388994e+09
1.635848805110357046e+09
1.635848806110307932e+09
1.635848807110375881e+09
1.635848808110301971e+09
1.635848809110364914e+09
1.635848810110466003e+09
1.635848811110368967e+09
1.635848812110421896e+09
1.635848813110347033e+09
1.635848814110375881e+09
1.635848815110404015e+09
1.635848816110383987e+09
1.635848817110321999e+09
1.635848818110261917e+09
1.635848819110379934e+09
1.635848820110435009e+09
1.635848821110362053e+09
1.635848822110482931e+09
1.635848823110392094e+09
1.635848824110347986e+09
1.635848825110420942e+09
1.635848826110361099e+09
1.635848827110317945e+09
1.635848828110263109e+09
1.635848829110380888e+09
1.635848830110438108e+09
1.635848831110368967e+09
1.635848832110440969e+09
1.635848833110424995e+09
1.635848834110305071e+09
1.635848835110321045e+09
1.635848836110335112e+09
1.635848837110333920e+09
1.635848838110307932e+09
1.635848839110408068e+09
1.635848840110368967e+09
1.635848841110434055e+09
1.635848842110394001e+09
1.635848843110445976e+09
1.635848844110375881e+09
1.635848845110393047e+09
1.635848846110409021e+09
1.635848847110369921e+09
1.635848848110284090e+09
1.635848849110374928e+09
1.635848850110440016e+09
1.635848851110387087e+09
1.635848852110404015e+09
1.635848853110438108e+09
1.635848854110410929e+09
1.635848855110378027e+09
1.635848856110394955e+09
1.635848857110358953e+09
1.635848858110410929e+09
1.635848859110325098e+09
1.635848860110418081e+09
1.635848861110467911e+09
1.635848862110482931e+09
1.635848863110398054e+09
1.635848864110387087e+09
1.635848865110398054e+09
1.635848866110471010e+09
1.635848867110383034e+09
1.635848868110394955e+09
1.635848869110347033e+09
1.635848870110373974e+09
1.635848871110327959e+09
1.635848872110558033e+09
1.635848873110312939e+09
1.635848874110304117e+09
1.635848875110321999e+09
1.635848876109713078e+09
1.635848877110291004e+09
1.635848878110187054e+09
1.635848879110340118e+09
1.635848880110411882e+09
1.635848881110368967e+09
1.635848882110362053e+09
1.635848883110399008e+09
1.635848884110347986e+09
1.635848885110361099e+09
1.635848886110311031e+09
1.635848887110322952e+09
1.635848888110301018e+09
1.635848889110497952e+09
1.635848890110367060e+09
1.635848891110388041e+09
1.635848892110357046e+09
1.635848893110299110e+09
1.635848894110315084e+09
1.635848895110315084e+09
1.635848896110373974e+09
1.635848897110292912e+09
1.635848898110287905e+09
1.635848899110377073e+09
1.635848900110368967e+09
1.635848901110337019e+09
1.635848902110308886e+09
1.635848903110400915e+09
1.635848904110409021e+09
1.635848905110321999e+09
1.635848906110301018e+09
1.635848907110302925e+09
1.635848908110277891e+09
1.635848909110394001e+09
1.635848910110477924e+09
1.635848911110372066e+09
1.635848912110383987e+09
1.635848913110306025e+09
1.635848914110352039e+09
1.635848915109837055e+09
1.635848916110311985e+09
1.635848917110354900e+09
1.635849010110268116e+09
1.635849011110394955e+09
1.635849012110357046e+09
1.635849013110332012e+09
1.635849014110332966e+09
1.635849015110333920e+09
1.635849016110335112e+09
1.635849017110310078e+09
1.635849018110325098e+09
1.635849019110325098e+09
1.635849020110322952e+09
1.635849021110337019e+09
1.635849022110455036e+09
1.635849023110368967e+09
1.635849024110366106e+09
1.635849025110399961e+09
1.635849026110364914e+09
1.635849027110402107e+09
1.635849028110403061e+09
1.635849029110373020e+09
1.635849030110371113e+09
1.635849031110389948e+09
1.635849032110322952e+09
1.635849033110325098e+09
1.635849034110331059e+09
1.635849035110325098e+09
1.635849036110333920e+09
1.635849037110327959e+09
1.635849038110315084e+09
1.635849039110393047e+09
1.635849040110271931e+09
1.635849041110394001e+09
1.635849042110357046e+09
1.635849043110434055e+09
1.635849044110382080e+09
1.635849045110388041e+09
1.635849046110388994e+09
1.635849047110409975e+09
1.635849048110476017e+09
1.635849049110341072e+09
1.635849050110292912e+09
1.635849051110419035e+09
1.635849052110379934e+09
1.635849053110423088e+09
1.635849054110408068e+09
1.635849055110411882e+09
1.635849056110373020e+09
1.635849057110402107e+09
1.635849058110336065e+09
1.635849059110388994e+09
1.635849060110424995e+09
1.635849061110394001e+09
1.635849062110373974e+09
1.635849063110415936e+09
1.635849064110363960e+09
1.635849065110411882e+09
1.635849066110394001e+09
1.635849067110346079e+09
1.635849068110430002e+09
1.635849069110353947e+09
1.635849070110306025e+09
1.635849071110357046e+09
1.635849072110351086e+09
1.635849073110356092e+09
1.635849074110354900e+09
1.635849075110307932e+09
1.635849076110343933e+09
1.635849077110388994e+09
1.635849078110419035e+09
1.635849079110411882e+09
1.635849080110280991e+09
1.635849081110419035e+09
1.635849082110385895e+09
1.635849083110433102e+09
1.635849084110378981e+09
1.635849085110387087e+09
1.635849086110395908e+09
1.635849087110415936e+09
1.635849088110369921e+09
1.635849089110402107e+09
1.635849090110435963e+09
1.635849091110479116e+09
1.635849092110393047e+09
1.635849093110471964e+09
1.635849094110384941e+09
1.635849095110347986e+09
1.635849096110393047e+09
1.635849097110388994e+09
1.635849098110384941e+09
1.635849099110440969e+09
1.635849100110269070e+09
1.635849101110383034e+09
1.635849102110380888e+09
1.635849103110394955e+09
1.635849104110398054e+09
1.635849105110366106e+09
1.635849106110371113e+09
1.635849107110407114e+09
1.635849108110333920e+09
1.635849109110459089e+09
1.635849110110371113e+09
1.635849111110410929e+09
1.635849112110373020e+09
1.635849113110362053e+09
1.635849114110431910e+09
1.635849115110400915e+09
1.635849116110450029e+09
1.635849117110400915e+09
1.635849118110394001e+09
1.635849119110385895e+09
1.635849120110383034e+09
1.635849121110402107e+09
1.635849122110424995e+09
1.635849123110475063e+09
1.635849124110476017e+09
1.635849125110436916e+09
1.635849126110362053e+09
1.635849127110358000e+09
1.635849128110600948e+09
1.635849129110404015e+09
1.635849130110375881e+09
1.635849131110387087e+09
1.635849132110404968e+09
1.635849133110377073e+09
1.635849134110346079e+09
1.635849135110388041e+09
1.635849136110383034e+09
1.635849137110351086e+09
1.635849138110445023e+09
1.635849139110394955e+09
1.635849140110307932e+09
1.635849141110426903e+09
1.635849142110454082e+09
1.635849143110375881e+09
1.635849144110408068e+09
1.635849145110332966e+09
1.635849146110383987e+09
1.635849147110388041e+09
1.635849148110397100e+09
1.635849149110383034e+09
1.635849150110368967e+09
1.635849151110352993e+09
1.635849152110444069e+09
1.635849153110399008e+09
1.635849154110399961e+09
1.635849155110465050e+09
1.635849156110415936e+09
1.635849157110336065e+09
1.635849158110306978e+09
1.635849159110310078e+09
1.635849160110265970e+09
1.635849161110276937e+09
1.635849162110321999e+09
1.635849163110353947e+09
1.635849164110284090e+09
1.635849165110366106e+09
1.635849166110352993e+09
1.635849167110353947e+09
1.635849168110352993e+09
1.635849169110423088e+09
1.635849170110275030e+09
1.635849171110346079e+09
1.635849172110392094e+09
1.635849173110426903e+09
1.635849174110327959e+09
1.635849175110349894e+09
1.635849176110343933e+09
1.635849177110363960e+09
1.635849178110341072e+09
1.635849179110485077e+09
1.635849180110327005e+09
1.635849181110389948e+09
1.635849182110419035e+09
1.635849183110388994e+09
1.635849184110398054e+09
1.635849185110394955e+09
1.635849186110477924e+09
1.635849187110359907e+09
1.635849188110404015e+09
1.635849189110374928e+09
1.635849190110331059e+09
1.635849191110315084e+09
1.635849192110374928e+09
1.635849193110354900e+09
1.635849194110388041e+09
1.635849195110352993e+09
1.635849196110378981e+09
1.635849197110362053e+09
1.635849198110341072e+09
1.635849199110348940e+09
1.635849200110373974e+09
1.635849201110445023e+09
1.635849202110358000e+09
1.635849203110757113e+09
1.635849204110289097e+09
1.635849205110344887e+09
1.635849206110356092e+09
1.635849207110805988e+09
1.635849208110392094e+09
1.635849209110405922e+09
1.635849210110393047e+09
1.635849211110426903e+09
1.635849212110409021e+09
1.635849213110380888e+09
1.635849214110402107e+09
1.635849215110354900e+09
1.635849216110949039e+09
1.635849217110424995e+09
1.635849218110452890e+09
1.635849219110455036e+09
1.635849220110383987e+09
1.635849221110375881e+09
1.635849222110400915e+09
1.635849223110910892e+09
1.635849224110357046e+09
1.635849225110393047e+09
1.635849226110397100e+09
1.635849227110666990e+09
1.635849228110357046e+09
1.635849229110389948e+09
1.635849230110269070e+09
1.635849231110411882e+09
1.635849232110378027e+09
1.635849233110366106e+09
1.635849234110379934e+09
1.635849235110454082e+09
1.635849236110600948e+09
1.635849237110348940e+09
1.635849238110338926e+09
1.635849239110352993e+09
1.635849240110431910e+09
1.635849241110425949e+09
1.635849242110443115e+09
1.635849243110364914e+09
1.635849244110414028e+09
1.635849245110449076e+09
1.635849246110475063e+09
1.635849247110462904e+09
1.635849248110455990e+09
1.635849249110466003e+09
1.635849250110356092e+09
1.635849251110428095e+09
1.635849252110650063e+09
1.635849253110358953e+09
1.635849254110397100e+09
1.635849255110372066e+09
1.635849256110378027e+09
1.635849257110364914e+09
1.635849258111901999e+09
1.635849259110333920e+09
1.635849260110379934e+09
1.635849261110346079e+09
1.635849262110351086e+09
1.635849263110332966e+09
1.635849264110394001e+09
1.635849265110354900e+09
1.635849266110336065e+09
1.635849267110312939e+09
1.635849268110301971e+09
1.635849269110372066e+09
1.635849270110326052e+09
1.635849271110363960e+09
1.635849272110392094e+09
1.635849273110451937e+09
1.635849274110500097e+09
1.635849275110375881e+09
1.635849276110343933e+09
1.635849277110470057e+09
1.635849278110461950e+09
1.635849279110380888e+09
1.635849280110271931e+09
1.635849281110394001e+09
1.635849282110409021e+09
1.635849283110361099e+09
1.635849284110399008e+09
1.635849285110353947e+09
1.635849286111088991e+09
1.635849287110373020e+09
1.635849288110418081e+09
1.635849289110380888e+09
1.635849290110369921e+09
1.635849291110424995e+09
1.635849292110352993e+09
1.635849293110394955e+09
1.635849294110280991e+09
1.635849295110654116e+09
1.635849296110397100e+09
1.635849297110332012e+09
1.635849298110332012e+09
1.635849299110384941e+09
1.635849300110371113e+09
1.635849301110431910e+09
1.635849302110440969e+09
1.635849303110404015e+09
1.635849304110369921e+09
1.635849305110407114e+09
1.635849306110327959e+09
1.635849307110404015e+09
1.635849308110340118e+09
1.635849309110353947e+09
1.635849310110316992e+09
1.635849311110409975e+09
1.635849312110279083e+09
1.635849313110346079e+09
1.635849314110388041e+09
1.635849315110385895e+09
1.635849316110464096e+09
1.635849317110487938e+09
1.635849318110495090e+09
1.635849319110418081e+09
1.635849320110434055e+09
1.635849321110483885e+09
1.635849322110315084e+09
1.635849323110675097e+09
1.635849324110389948e+09
1.635849325110356092e+09
1.635849326110433102e+09
1.635849327110423088e+09
1.635849328110392094e+09
1.635849329110373974e+09
1.635849330110369921e+09
1.635849331110377073e+09
1.635849332110419035e+09
1.635849333110434055e+09
1.635849334110362053e+09
1.635849335110321045e+09
1.635849336110337019e+09
1.635849337110332012e+09
1.635849338110332012e+09
1.635849339110414028e+09
1.635849340110430002e+09
1.635849341110552073e+09
1.635849342110475063e+09
1.635849343110479116e+09
1.635849344110403061e+09
1.635849345110366106e+09
1.635849346110388041e+09
1.635849347110352993e+09
1.635849348110399008e+09
1.635849349110624075e+09
1.635849350110301971e+09
1.635849351110359907e+09
1.635849352110353947e+09
1.635849353110315084e+09
1.635849354110414982e+09
1.635849355110384941e+09
1.635849356110263109e+09
1.635849357110323906e+09
1.635849358110335112e+09
1.635849359110346079e+09
1.635849360110441923e+09
1.635849361110388041e+09
1.635849362110399008e+09
1.635849363110413074e+09
1.635849364110332966e+09
1.635849365110338926e+09
1.635849366110332012e+09
1.635849367110320091e+09
1.635849368110389948e+09
1.635849369110397100e+09
1.635849370110279083e+09
1.635849371110389948e+09
1.635849372110327005e+09
1.635849373110424042e+09
1.635849374110379934e+09
1.635849375110416889e+09
1.635849376110321045e+09
1.635849377110301018e+09
1.635849378110321999e+09
1.635849379110374928e+09
1.635849380110373020e+09
1.635849381110395908e+09
1.635849382110481977e+09
1.635849383110407114e+09
1.635849384110404015e+09
1.635849385110451937e+09
1.635849386110424995e+09
1.635849387110394001e+09
1.635849388110340118e+09
1.635849389110328913e+09
1.635849390111037016e+09
1.635849391110356092e+09
1.635849392110351086e+09
1.635849393110347033e+09
1.635849394110352039e+09
1.635849395110352993e+09
1.635849396110337973e+09
1.635849397110403061e+09
1.635849398110378027e+09
1.635849399110372066e+09
1.635849400110280037e+09
1.635849401110413074e+09
1.635849402110380888e+09
1.635849403110425949e+09
1.635849404110372066e+09
1.635849405110414982e+09
1.635849406110373974e+09
1.635849407110424995e+09
1.635849408110383034e+09
1.635849409110407114e+09
1.635849410110361099e+09
1.635849411110409975e+09
1.635849412110456944e+09
1.635849413110383987e+09
1.635849414110498905e+09
1.635849415110508919e+09
1.635849416110403061e+09
1.635849417110419989e+09
1.635849418110357046e+09
1.635849419110325098e+09
1.635849420110430956e+09
1.635849421110410929e+09
1.635849422110433102e+09
1.635849423110462904e+09
1.635849424110369921e+09
1.635849425110328913e+09
1.635849426110337973e+09
1.635849427110311031e+09
1.635849428110358000e+09
1.635849429110356092e+09
1.635849430110457897e+09
1.635849431110361099e+09
1.635849432110457897e+09
1.635849433110443115e+09
1.635849434110438108e+09
1.635849435110361099e+09
1.635849436110373974e+09
1.635849437110384941e+09
1.635849438110388041e+09
1.635849439110398054e+09
1.635849440110371113e+09
1.635849441110423088e+09
1.635849442110366106e+09
1.635849443110410929e+09
1.635849444110366106e+09
1.635849445110425949e+09
1.635849446110611916e+09
1.635849447110372066e+09
1.635849448110420942e+09
1.635849449110362053e+09
1.635849450110434055e+09
1.635849451110378027e+09
1.635849452110434055e+09
1.635849453110363007e+09
1.635849454110409021e+09
1.635849455110343933e+09
1.635849456110364914e+09
1.635849457110414982e+09
1.635849458110358000e+09
1.635849459110413074e+09
1.635849460110377073e+09
1.635849461110491991e+09
1.635849462110389948e+09
1.635849463110440969e+09
1.635849464110450983e+09
1.635849465110392094e+09
1.635849466110423088e+09
1.635849467110378981e+09
1.635849468110418081e+09
1.635849469110363007e+09
1.635849470110378027e+09
1.635849471110402107e+09
1.635849472110358953e+09
1.635849473110394001e+09
1.635849474110402107e+09
1.635849475110382080e+09
1.635849476110373020e+09
1.635849477110420942e+09
1.635849478110383987e+09
1.635849479110435963e+09
1.635849480110272884e+09
1.635849481110508919e+09
1.635849482110548973e+09
1.635849483110336065e+09
1.635849484110404015e+09
1.635849485110461950e+09
1.635849486110440969e+09
1.635849487110440969e+09
1.635849488110441923e+09
1.635849489110446930e+09
1.635849490110438108e+09
1.635849491110393047e+09
1.635849492110450983e+09
1.635849493110483885e+09
1.635849494110440016e+09
1.635849495110431910e+09
1.635849496110451937e+09
1.635849497110461950e+09
1.635849498110445023e+09
1.635849499110372066e+09
1.635849500110378027e+09
1.635849501110378981e+09
1.635849502110411882e+09
1.635849503110318899e+09
1.635849504110363960e+09
1.635849505110426903e+09
1.635849506110366106e+09
1.635849507110421896e+09
1.635849508110377073e+09
1.635849509110426903e+09
1.635849510110340118e+09
1.635849511110496044e+09
1.635849512110402107e+09
1.635849513110369921e+09
1.635849514110347986e+09
1.635849515110423088e+09
1.635849516110447884e+09
1.635849517110373020e+09
1.635849518110336065e+09
1.635849519110344887e+09
1.635849520110368967e+09
1.635849521110349894e+09
1.635849522110394001e+09
1.635849523110399961e+09
1.635849524110393047e+09
1.635849525110378981e+09
1.635849526110388994e+09
1.635849527110495090e+09
1.635849528110403061e+09
1.635849529110408068e+09
1.635849530110369921e+09
1.635849531110416889e+09
1.635849532110378027e+09
1.635849533110443115e+09
1.635849534110470057e+09
1.635849535110399961e+09
1.635849536110367060e+09
1.635849537110395908e+09
1.635849538110496044e+09
1.635849539110399008e+09
1.635849540110340118e+09
1.635849541110402107e+09
1.635849542110373020e+09
1.635849543110414028e+09
1.635849544110297918e+09
1.635849545110368967e+09
1.635849546110363007e+09
1.635849547110430956e+09
1.635849548110389948e+09
1.635849549110481024e+09
1.635849550110531092e+09
1.635849551110507965e+09
1.635849552110474110e+09
1.635849553110492945e+09
1.635849554110409021e+09
1.635849555110388041e+09
1.635849556110409021e+09
1.635849557110388041e+09
1.635849558110347033e+09
1.635849559110349894e+09
1.635849560110375881e+09
1.635849561110342026e+09
1.635849562110420942e+09
1.635849563110380888e+09
1.635849564110382080e+09
1.635849565110415936e+09
1.635849566110374928e+09
1.635849567110407114e+09
1.635849568110373020e+09
1.635849569110415936e+09
1.635849570110431910e+09
1.635849571110393047e+09
1.635849572110457897e+09
1.635849573110327959e+09
1.635849574110413074e+09
1.635849575110447884e+09
1.635849576110374928e+09
1.635849577110502005e+09
1.635849578110394955e+09
1.635849579110330105e+09
1.635849580110382080e+09
1.635849581110379934e+09
1.635849582110511065e+09
1.635849583110402107e+09
1.635849584110465050e+09
1.635849585110397100e+09
1.635849586110358953e+09
1.635849587110340118e+09
1.635849588110605001e+09
1.635849589110407114e+09
1.635849590110379934e+09
1.635849591110501051e+09
1.635849592110389948e+09
1.635849593110409975e+09
1.635849594110388994e+09
1.635849595110300064e+09
1.635849596110385895e+09
1.635849597110414982e+09
1.635849598110366106e+09
1.635849599110423088e+09
1.635849600110436916e+09
1.635849601110512972e+09
1.635849602110415936e+09
1.635849603110393047e+09
1.635849604110313892e+09
1.635849605110393047e+09
1.635849606110367060e+09
1.635849607110352039e+09
1.635849608110342979e+09
1.635849609110354900e+09
1.635849702110349894e+09
1.635849703110362053e+09
1.635849704110348940e+09
1.635849705110455990e+09
1.635849706110455990e+09
1.635849707110348940e+09
1.635849708110445976e+09
1.635849709110459089e+09
1.635849710110374928e+09
1.635849711110451937e+09
1.635849712110455036e+09
1.635849713110425949e+09
1.635849714110452890e+09
1.635849715110371113e+09
1.635849716110263109e+09
1.635849717110476017e+09
1.635849718110454082e+09
1.635849719110449076e+09
1.635849720110462904e+09
1.635849721110348940e+09
1.635849722110445023e+09
1.635849723110354900e+09
1.635849724110378027e+09
1.635849725110485077e+09
1.635849726110426903e+09
1.635849727110344887e+09
1.635849728110722065e+09
1.635849729110457897e+09
1.635849730110375881e+09
1.635849731110392094e+09
1.635849732110518932e+09
1.635849733110481977e+09
1.635849734110439062e+09
1.635849735110385895e+09
1.635849736110409021e+09
1.635849737110465050e+09
1.635849738110414982e+09
1.635849739110477924e+09
1.635849740110340118e+09
1.635849741110460997e+09
1.635849742110436916e+09
1.635849743110357046e+09
1.635849744110366106e+09
1.635849745110354900e+09
1.635849746110352039e+09
1.635849747110445023e+09
1.635849748110379934e+09
1.635849749110420942e+09
1.635849750110359907e+09
1.635849751110539913e+09
1.635849752110456944e+09
1.635849753110393047e+09
1.635849754110392094e+09
1.635849755110465050e+09
1.635849756110413074e+09
1.635849757110424042e+09
1.635849758110405922e+09
1.635849759110465050e+09
1.635849760110492945e+09
1.635849761110491991e+09
1.635849762110516071e+09
1.635849763110413074e+09
1.635849764110392094e+09
1.635849765110404968e+09
1.635849766110507965e+09
1.635849767110398054e+09
1.635849768110392094e+09
1.635849769110390902e+09
1.635849770110467911e+09
1.635849771110423088e+09
1.635849772110452890e+09
1.635849773110392094e+09
1.635849774110563040e+09
1.635849775110399961e+09
1.635849776110368967e+09
1.635849777110454082e+09
1.635849778110451937e+09
1.635849779110429049e+09
1.635849780110414982e+09
1.635849781110358000e+09
1.635849782110457897e+09
1.635849783110522032e+09
1.635849784110398054e+09
1.635849785110455036e+09
1.635849786110388994e+09
1.635849787110364914e+09
1.635849788110392094e+09
1.635849789110352993e+09
1.635849790110423088e+09
1.635849791110353947e+09
1.635849792110451937e+09
1.635849793110435963e+09
1.635849794110368967e+09
1.635849795110409975e+09
1.635849796110367060e+09
1.635849797110454082e+09
1.635849798110404015e+09
1.635849799110425949e+09
1.635849800110400915e+09
1.635849801110351086e+09
1.635849802110455990e+09
1.635849803110451937e+09
1.635849804110455036e+09
1.635849805110451937e+09
1.635849806110450983e+09
1.635849807110404968e+09
1.635849808110443115e+09
1.635849809110440016e+09
1.635849810110414982e+09
1.635849811110430002e+09
1.635849812110450983e+09
1.635849813110373974e+09
1.635849814110392094e+09
1.635849815110361099e+09
1.635849816110404015e+09
1.635849817110390902e+09
1.635849818110460043e+09
1.635849819110361099e+09
1.635849820110321999e+09
1.635849821110465050e+09
1.635849822110511065e+09
1.635849823110382080e+09
1.635849824110408068e+09
1.635849825110459089e+09
1.635849826110383987e+09
1.635849827110482931e+09
1.635849828110399008e+09
1.635849829110338926e+09
1.635849830110374928e+09
1.635849831110380888e+09
1.635849832110455990e+09
1.635849833110450983e+09
1.635849834110471010e+09
1.635849835110476017e+09
1.635849836110475063e+09
1.635849837110471010e+09
1.635849838110475063e+09
1.635849839110413074e+09
1.635849840110490084e+09
1.635849841110476971e+09
1.635849842110517025e+09
1.635849843110512018e+09
1.635849844110419989e+09
1.635849845110358000e+09
1.635849846110362053e+09
1.635849847110361099e+09
1.635849848110414982e+09
1.635849849110538006e+09
1.635849850110507011e+09
1.635849851110431910e+09
1.635849852110423088e+09
1.635849853110424995e+09
1.635849854110407114e+09
1.635849855110369921e+09
1.635849856110408068e+09
1.635849857110374928e+09
1.635849858110420942e+09
1.635849859110464096e+09
1.635849860110522032e+09
1.635849861110553026e+09
1.635849862110452890e+09
1.635849863110472918e+09
1.635849864110488892e+09
1.635849865110490084e+09
1.635849866110495090e+09
1.635849867110399008e+09
1.635849868110385895e+09
1.635849869110606909e+09
1.635849870110555887e+09
1.635849871110465050e+09
1.635849872110455036e+09
1.635849873110469103e+09
1.635849874110474110e+09
1.635849875110383034e+09
1.635849876110476971e+09
1.635849877110424042e+09
1.635849878110462904e+09
1.635849879110366106e+09
1.635849880110361099e+09
1.635849881110363007e+09
1.635849882110460043e+09
1.635849883110358000e+09
1.635849884110367060e+09
1.635849885110441923e+09
1.635849886110368013e+09
1.635849887110472918e+09
1.635849888110455036e+09
1.635849889110457897e+09
1.635849890110466003e+09
1.635849891110515118e+09
1.635849892110454082e+09
1.635849893110352039e+09
1.635849894110353947e+09
1.635849895110353947e+09
1.635849896110419035e+09
1.635849897110394955e+09
1.635849898110404015e+09
1.635849899110455036e+09
1.635849900110517025e+09
1.635849901110394955e+09
1.635849902110461950e+09
1.635849903110389948e+09
1.635849904110421896e+09
1.635849905110347033e+09
1.635849906110430956e+09
1.635849907110383987e+09
1.635849908110460043e+09
1.635849909110343933e+09
1.635849910110348940e+09
1.635849911110471010e+09
1.635849912110450029e+09
1.635849913110369921e+09
1.635849914110433102e+09
1.635849915110373020e+09
1.635849916110352039e+09
1.635849917110429049e+09
1.635849918110481024e+09
1.635849919110395908e+09
1.635849920110447884e+09
1.635849921110450983e+09
1.635849922110515118e+09
1.635849923110486031e+09
1.635849924110440016e+09
1.635849925110418081e+09
1.635849926110353947e+09
1.635849927110369921e+09
1.635849928110359907e+09
1.635849929110362053e+09
1.635849930110439062e+09
1.635849931110373020e+09
1.635849932110477924e+09
1.635849933110435009e+09
1.635849934110457897e+09
1.635849935110466957e+09
1.635849936110466957e+09
1.635849937110495090e+09
1.635849938110503912e+09
1.635849939110506058e+09
1.635849940110430002e+09
1.635849941110364914e+09
1.635849942110451937e+09
1.635849943110344887e+09
1.635849944110479116e+09
1.635849945110387087e+09
1.635849946110384941e+09
1.635849947110374928e+09
1.635849948110469103e+09
1.635849949110402107e+09
1.635849950110438108e+09
1.635849951110387087e+09
1.635849952110447884e+09
1.635849953110480070e+09
1.635849954110421896e+09
1.635849955110368967e+09
1.635849956110419035e+09
1.635849957110348940e+09
1.635849958110349894e+09
1.635849959110455990e+09
1.635849960110430002e+09
1.635849961110450029e+09
1.635849962110546112e+09
1.635849963110378027e+09
1.635849964260865927e+09
1.635849966229065895e+09
1.635849966229763985e+09
1.635849967110460997e+09
1.635849968110397100e+09
1.635849969110371113e+09
1.635849970110413074e+09
1.635849971110317945e+09
1.635849972110457897e+09
1.635849973110377073e+09
1.635849974110424042e+09
1.635849975110398054e+09
1.635849976110373974e+09
1.635849977110426903e+09
1.635849978110328913e+09
1.635849979110398054e+09
1.635849980110369921e+09
1.635849981110379934e+09
1.635849982110459089e+09
1.635849983110493898e+09
1.635849984110476971e+09
1.635849985110491991e+09
1.635849986110508919e+09
1.635849987110496044e+09
1.635849988110409021e+09
1.635849989110404015e+09
1.635849990110450029e+09
1.635849991110481024e+09
1.635849992110466003e+09
1.635849993110452890e+09
1.635849994110414982e+09
1.635849995110372066e+09
1.635849996110435009e+09
1.635849997110500097e+09
1.635849998110404968e+09
1.635849999110347986e+09
1.635850000110440016e+09
1.635850001110379934e+09
1.635850002110461950e+09
1.635850003110394001e+09
1.635850004110423088e+09
1.635850005110507011e+09
1.635850006110404015e+09
1.635850007110404015e+09
1.635850008110450029e+09
1.635850009110414982e+09
1.635850010110373020e+09
1.635850011110500097e+09
1.635850012110456944e+09
1.635850013110444069e+09
1.635850014110476971e+09
1.635850015110390902e+09
1.635850016110454082e+09
1.635850017110366106e+09
1.635850018110347033e+09
1.635850019110347986e+09
1.635850020110407114e+09
1.635850021110378981e+09
1.635850022110413074e+09
1.635850023110512018e+09
1.635850024110400915e+09
1.635850025110479116e+09
1.635850026110415936e+09
1.635850027110496998e+09
1.635850028110476017e+09
1.635850029110733032e+09
1.635850030110399008e+09
1.635850031110332966e+09
1.635850032110457897e+09
1.635850033110510111e+09
1.635850034110444069e+09
1.635850035110444069e+09
1.635850036110467911e+09
1.635850037110512018e+09
1.635850038110439062e+09
1.635850039110436916e+09
1.635850040110464096e+09
1.635850041110462904e+09
