-1.000350952148437500e+03
-1.000350952148437500e+03
-9.993264160156250000e+02
-9.990820922851562500e+02
-1.000528625488281250e+03
-1.000015380859375000e+03
-9.997161254882812500e+02
-1.000555603027343750e+03
-1.000252746582031250e+03
-9.999469604492187500e+02
-9.997612304687500000e+02
-1.000836181640625000e+03
-1.001364257812500000e+03
-1.001021057128906250e+03
-1.000465942382812500e+03
-9.998392944335937500e+02
-1.000222045898437500e+03
-1.000014343261718750e+03
-1.000371582031250000e+03
-9.987926025390625000e+02
-1.000255004882812500e+03
-9.992477416992187500e+02
-9.989737548828125000e+02
-1.000252014160156250e+03
-1.000477478027343750e+03
-9.999216308593750000e+02
-9.990730590820312500e+02
-9.998623046875000000e+02
-1.000326049804687500e+03
-1.000535034179687500e+03
-9.997791137695312500e+02
-9.996097412109375000e+02
-9.996300048828125000e+02
-1.000148315429687500e+03
-1.000099548339843750e+03
-1.000811462402343750e+03
-9.997874755859375000e+02
-1.000487487792968750e+03
-9.999627075195312500e+02
-1.000582458496093750e+03
-1.000043518066406250e+03
-1.000356018066406250e+03
-1.000011779785156250e+03
-9.998168945312500000e+02
-9.998955078125000000e+02
-9.998089599609375000e+02
-1.000439270019531250e+03
-9.997216796875000000e+02
-1.000540954589843750e+03
-1.000115722656250000e+03
-1.000295837402343750e+03
-1.000385681152343750e+03
-9.996535644531250000e+02
-1.000148498535156250e+03
-9.987998657226562500e+02
-1.000373596191406250e+03
-9.995438232421875000e+02
-9.990319213867187500e+02
-1.000627807617187500e+03
-1.000164733886718750e+03
-1.000273742675781250e+03
-9.998853759765625000e+02
-9.990841674804687500e+02
-1.000793151855468750e+03
-1.000035522460937500e+03
-9.993811645507812500e+02
-1.000304504394531250e+03
-1.000003845214843750e+03
-1.000131164550781250e+03
-1.000477783203125000e+03
-1.000312744140625000e+03
-1.000444702148437500e+03
-9.992146606445312500e+02
-1.000120117187500000e+03
-1.000937500000000000e+03
-9.995792236328125000e+02
-9.999865722656250000e+02
-9.994784545898437500e+02
-9.999047241210937500e+02
-1.001214660644531250e+03
-9.996219482421875000e+02
-9.996832275390625000e+02
-1.000359313964843750e+03
-1.001409851074218750e+03
-1.000394531250000000e+03
-9.996052856445312500e+02
-9.997504272460937500e+02
-9.998170166015625000e+02
-1.000630249023437500e+03
-9.997534179687500000e+02
-1.000394958496093750e+03
-1.000813781738281250e+03
-9.999410400390625000e+02
-9.995971069335937500e+02
-1.000036071777343750e+03
-9.995285644531250000e+02
-1.000516845703125000e+03
-1.000550415039062500e+03
-9.992796630859375000e+02
-9.994426879882812500e+02
-9.997195434570312500e+02
-9.999719238281250000e+02
-1.000413940429687500e+03
-1.001319274902343750e+03
-1.000631530761718750e+03
-1.000873657226562500e+03
-9.996580200195312500e+02
-9.994329223632812500e+02
-9.995765991210937500e+02
-1.000020446777343750e+03
-1.000391845703125000e+03
-1.000485595703125000e+03
-1.000078369140625000e+03
-1.000324035644531250e+03
-1.001074218750000000e+03
-1.000537048339843750e+03
-9.997027587890625000e+02
-9.998927001953125000e+02
-9.994389648437500000e+02
-1.000550964355468750e+03
-1.000022216796875000e+03
-9.994252929687500000e+02
-1.000329467773437500e+03
-9.991748657226562500e+02
-1.000202819824218750e+03
-1.000515808105468750e+03
-9.995396728515625000e+02
-9.999944458007812500e+02
-9.999052124023437500e+02
-9.994143676757812500e+02
-1.000150817871093750e+03
-1.000266235351562500e+03
-9.998572998046875000e+02
-9.998916015625000000e+02
-9.997223510742187500e+02
-9.999573364257812500e+02
-1.000001220703125000e+03
-9.997681274414062500e+02
-9.997122192382812500e+02
-9.994865112304687500e+02
-1.000507934570312500e+03
-9.998705444335937500e+02
-1.000284484863281250e+03
-9.995592651367187500e+02
-9.994756469726562500e+02
-1.000392028808593750e+03
-1.000200927734375000e+03
-9.996914062500000000e+02
-1.000757934570312500e+03
-1.000428588867187500e+03
-1.000147705078125000e+03
-9.996949462890625000e+02
-9.994506225585937500e+02
-1.000158508300781250e+03
-9.999614868164062500e+02
-1.000450073242187500e+03
-1.000292114257812500e+03
-9.999937744140625000e+02
-9.996231689453125000e+02
-1.000744812011718750e+03
-9.998715209960937500e+02
-1.000119689941406250e+03
-1.000420349121093750e+03
-9.997872314453125000e+02
-9.995308227539062500e+02
-1.000254089355468750e+03
-9.999398193359375000e+02
-1.000950805664062500e+03
-1.001287353515625000e+03
-1.000353149414062500e+03
-9.992976074218750000e+02
-1.000626159667968750e+03
-9.993634643554687500e+02
-9.992123413085937500e+02
-9.998529052734375000e+02
-9.993864135742187500e+02
-9.995715942382812500e+02
-1.000357238769531250e+03
-9.999042358398437500e+02
-1.000542114257812500e+03
-1.001222412109375000e+03
-9.996532592773437500e+02
-9.994689331054687500e+02
-9.997636718750000000e+02
-1.000002075195312500e+03
-1.000178039550781250e+03
-9.994840087890625000e+02
-9.997761230468750000e+02
-1.000330139160156250e+03
-9.994621582031250000e+02
-1.000373657226562500e+03
-1.000344055175781250e+03
