1.635180834160378933e+09
1.635180834177299023e+09
1.635180835177990913e+09
1.635180836180316925e+09
1.635180837177855968e+09
1.635180838178040981e+09
1.635180839180519104e+09
1.635180840179217100e+09
1.635180841177890062e+09
1.635180842177787066e+09
1.635180843177963018e+09
1.635180844177727938e+09
1.635180845178571939e+09
1.635180846177846909e+09
1.635180847177779913e+09
1.635180848178570032e+09
1.635180849178476095e+09
1.635180850178076029e+09
1.635180851177767038e+09
1.635180852178369999e+09
1.635180853177958012e+09
1.635180854178813934e+09
1.635180855178127050e+09
1.635180856178046942e+09
1.635180857177860975e+09
1.635180858177858114e+09
1.635180859178370953e+09
1.635180860177783012e+09
1.635180861177861929e+09
1.635180862178154945e+09
1.635180863177907944e+09
1.635180864178685904e+09
1.635180865179088116e+09
1.635180866177973032e+09
1.635180867178402901e+09
1.635180868177823067e+09
1.635180869178148985e+09
1.635180870177798033e+09
1.635180871177755117e+09
1.635180872178462029e+09
1.635180873177956104e+09
1.635180874177792072e+09
1.635180875178461075e+09
1.635180876180022955e+09
1.635180877178797960e+09
1.635180878178085089e+09
1.635180879177968979e+09
1.635180880178193092e+09
1.635180881178004026e+09
1.635180882184524059e+09
1.635180883177793980e+09
1.635180884178097010e+09
1.635180885178378105e+09
1.635180886178250074e+09
1.635180887178046942e+09
1.635180888177916050e+09
1.635180889178117990e+09
1.635180890182224989e+09
1.635180891178144932e+09
1.635180892177786112e+09
1.635180893177988052e+09
1.635180894178306103e+09
1.635180895178034067e+09
1.635180896178451061e+09
1.635180897177925110e+09
1.635180898178286076e+09
1.635180899177949905e+09
1.635180900178088903e+09
1.635180901177928925e+09
1.635180902177859068e+09
1.635180903178314924e+09
1.635180904178217888e+09
1.635180905177810907e+09
1.635180906177881956e+09
1.635180907178190947e+09
1.635180908177998066e+09
1.635180909177906990e+09
1.635180910178076982e+09
1.635180911177705050e+09
1.635180912177769899e+09
1.635180913178247929e+09
1.635180914178571939e+09
1.635180915178906918e+09
1.635180916178052902e+09
1.635180917178653002e+09
1.635180918179085970e+09
1.635180919177928925e+09
1.635180920179150105e+09
1.635180921178872108e+09
1.635180922178491116e+09
1.635180923177779913e+09
1.635180924178746939e+09
1.635180925177725077e+09
1.635180926177944899e+09
1.635180927178122997e+09
1.635180928178169966e+09
1.635180929178240061e+09
1.635180930177763939e+09
1.635180931177942991e+09
1.635180932177717924e+09
1.635180933178054094e+09
1.635180934178028107e+09
1.635180935178034067e+09
1.635180936178081989e+09
1.635180937177726984e+09
1.635180938178770065e+09
1.635180939181001902e+09
1.635180940178035975e+09
1.635180941177747011e+09
1.635180942177838087e+09
1.635180943178129911e+09
1.635180944178148985e+09
1.635180945177747011e+09
1.635180946178206921e+09
1.635180947178386927e+09
1.635180948177814960e+09
1.635180949177792072e+09
1.635180950178026915e+09
1.635180951178416014e+09
1.635180952177727938e+09
1.635180953178240061e+09
1.635180954178992987e+09
1.635180955177969933e+09
1.635180956178145885e+09
1.635180957178333044e+09
1.635180958178317070e+09
1.635180959179054976e+09
1.635180960178030968e+09
1.635180961177932978e+09
1.635180962178108931e+09
1.635180963178004980e+09
1.635180964177875042e+09
1.635180965178381920e+09
1.635180966178982019e+09
1.635180967177799940e+09
1.635180968178437948e+09
1.635180969178177118e+09
1.635180970180701971e+09
1.635180971177802086e+09
1.635180972178343058e+09
1.635180973177777052e+09
1.635180974178025961e+09
1.635180975178018093e+09
1.635180976177742958e+09
1.635180977177784920e+09
1.635180978178397894e+09
1.635180979187458992e+09
1.635180980178168058e+09
1.635180981178347111e+09
1.635180982178946018e+09
1.635180983177846909e+09
1.635180984179734945e+09
1.635180985178179979e+09
1.635180986178214073e+09
1.635180987178178072e+09
1.635180988178244114e+09
1.635180989177815914e+09
1.635180990178533077e+09
1.635180991177803040e+09
1.635180992177943945e+09
1.635180993177731037e+09
1.635180994178705931e+09
1.635180995178931952e+09
1.635180996177998066e+09
1.635180997177822113e+09
1.635180998178605080e+09
1.635180999181062937e+09
1.635181000178070068e+09
1.635181001177896976e+09
1.635181002177737951e+09
1.635181003178483009e+09
1.635181004177896976e+09
1.635181005178534985e+09
1.635181006182457924e+09
1.635181007178472042e+09
1.635181008178517103e+09
1.635181009178386927e+09
1.635181010177702904e+09
1.635181011177869081e+09
1.635181012178088903e+09
1.635181013178189993e+09
1.635181014177894115e+09
1.635181015177957058e+09
1.635181016177931070e+09
1.635181017178164005e+09
1.635181018178522110e+09
1.635181019177985907e+09
1.635181020178700924e+09
1.635181021177854061e+09
1.635181022177742004e+09
1.635181023178354025e+09
1.635181024178174019e+09
