0.000000000000000000e+00
3.524826049804687500e+01
3.585426712036132812e+01
3.550132369995117188e+01
3.535760116577148438e+01
3.633148193359375000e+01
3.510511779785156250e+01
3.534193801879882812e+01
3.446509170532226562e+01
3.570575332641601562e+01
3.505117034912109375e+01
3.603229904174804688e+01
3.569204711914062500e+01
3.544341278076171875e+01
3.573081588745117188e+01
3.489444732666015625e+01
3.429195785522460938e+01
3.474451065063476562e+01
3.576179504394531250e+01
3.518797683715820312e+01
3.480637359619140625e+01
3.611722183227539062e+01
3.497900390625000000e+01
3.520794296264648438e+01
3.536937713623046875e+01
3.567130279541015625e+01
3.558663940429687500e+01
3.540142822265625000e+01
3.609151458740234375e+01
3.602272796630859375e+01
3.507915115356445312e+01
3.588506317138671875e+01
3.504439926147460938e+01
3.510758209228515625e+01
3.574034118652343750e+01
3.585572052001953125e+01
3.444102478027343750e+01
3.516844558715820312e+01
3.582239532470703125e+01
3.516807937622070312e+01
3.535511398315429688e+01
3.603025054931640625e+01
3.548638534545898438e+01
3.539944458007812500e+01
3.566514587402343750e+01
3.500520706176757812e+01
3.597229385375976562e+01
3.437856292724609375e+01
3.559105682373046875e+01
3.603561782836914062e+01
3.515646362304687500e+01
3.539969253540039062e+01
3.606837081909179688e+01
3.467307662963867188e+01
3.566636276245117188e+01
3.605176925659179688e+01
3.567770385742187500e+01
3.537817382812500000e+01
3.653435516357421875e+01
3.592837524414062500e+01
3.596935653686523438e+01
3.511231994628906250e+01
3.506719207763671875e+01
3.498221588134765625e+01
3.511656188964843750e+01
3.595411300659179688e+01
3.549496459960937500e+01
3.531468963623046875e+01
3.529337310791015625e+01
3.546818923950195312e+01
3.568701934814453125e+01
3.570557403564453125e+01
3.555704879760742188e+01
3.613156509399414062e+01
3.542377471923828125e+01
3.534836959838867188e+01
3.599623870849609375e+01
3.596456146240234375e+01
3.467422485351562500e+01
3.457246780395507812e+01
3.611731338500976562e+01
3.598449707031250000e+01
3.566966247558593750e+01
3.553576278686523438e+01
3.520929336547851562e+01
3.512711334228515625e+01
3.517964935302734375e+01
3.503943634033203125e+01
3.550995635986328125e+01
3.573353958129882812e+01
3.596295547485351562e+01
3.599124908447265625e+01
3.636443710327148438e+01
3.617478942871093750e+01
3.550303268432617188e+01
3.564992523193359375e+01
3.505433654785156250e+01
3.530457305908203125e+01
3.587469482421875000e+01
3.601590347290039062e+01
3.588434600830078125e+01
3.449830627441406250e+01
3.571321487426757812e+01
3.580029678344726562e+01
3.465522766113281250e+01
3.555231857299804688e+01
3.516448974609375000e+01
3.603102493286132812e+01
3.594171524047851562e+01
3.543977737426757812e+01
3.515417480468750000e+01
3.613386917114257812e+01
3.473588943481445312e+01
3.451175689697265625e+01
3.520786666870117188e+01
3.562407302856445312e+01
3.553126907348632812e+01
3.576866912841796875e+01
3.472066879272460938e+01
3.512568283081054688e+01
3.492115402221679688e+01
3.556021118164062500e+01
3.539590835571289062e+01
3.610318756103515625e+01
3.555548477172851562e+01
3.438773345947265625e+01
3.536240005493164062e+01
3.485137557983398438e+01
3.672826004028320312e+01
3.545553588867187500e+01
3.535927581787109375e+01
3.479804611206054688e+01
3.558975982666015625e+01
3.603179168701171875e+01
3.554807662963867188e+01
3.612610626220703125e+01
3.532708358764648438e+01
3.484763717651367188e+01
3.541175842285156250e+01
3.515396499633789062e+01
3.488761901855468750e+01
3.559786224365234375e+01
3.540671920776367188e+01
3.514661788940429688e+01
3.560757064819335938e+01
3.479704666137695312e+01
3.656194686889648438e+01
3.515882492065429688e+01
3.494671249389648438e+01
3.522952270507812500e+01
3.590310668945312500e+01
3.546694946289062500e+01
3.618103790283203125e+01
3.555566787719726562e+01
3.640166091918945312e+01
3.511461257934570312e+01
3.458189010620117188e+01
3.515063476562500000e+01
3.539752960205078125e+01
3.514182281494140625e+01
3.527294921875000000e+01
3.569725418090820312e+01
3.495234298706054688e+01
3.638929748535156250e+01
3.550180053710937500e+01
3.588197708129882812e+01
3.555142974853515625e+01
3.565351867675781250e+01
3.644361114501953125e+01
3.532374954223632812e+01
3.580442428588867188e+01
3.589311599731445312e+01
3.561980056762695312e+01
3.528308105468750000e+01
3.478066635131835938e+01
3.582990646362304688e+01
3.598381042480468750e+01
3.484997940063476562e+01
3.532242202758789062e+01
3.583839797973632812e+01
3.658163452148437500e+01
3.464828491210937500e+01
3.612139511108398438e+01
3.496492385864257812e+01
3.566825866699218750e+01
3.529779815673828125e+01
3.566907501220703125e+01
3.526931762695312500e+01
3.572579193115234375e+01
3.606532287597656250e+01
3.566041946411132812e+01
3.497393035888671875e+01
3.490797042846679688e+01
3.542083358764648438e+01
3.536504745483398438e+01
3.549751281738281250e+01
3.554186248779296875e+01
3.560842895507812500e+01
3.596096420288085938e+01
3.477427291870117188e+01
3.613708877563476562e+01
3.559940719604492188e+01
3.516762924194335938e+01
3.487232208251953125e+01
3.489068603515625000e+01
3.502937316894531250e+01
3.620069122314453125e+01
3.591441345214843750e+01
3.539139938354492188e+01
3.603655624389648438e+01
3.595253753662109375e+01
3.555015945434570312e+01
3.493208694458007812e+01
3.564375305175781250e+01
3.542078018188476562e+01
3.477701950073242188e+01
3.477562332153320312e+01
3.497901916503906250e+01
3.492318725585937500e+01
3.505548095703125000e+01
3.405397415161132812e+01
3.480336761474609375e+01
3.524595260620117188e+01
3.571640396118164062e+01
3.563427352905273438e+01
3.543938446044921875e+01
3.432078170776367188e+01
3.514595031738281250e+01
3.570064926147460938e+01
3.496754837036132812e+01
3.529515838623046875e+01
3.588108062744140625e+01
3.543528747558593750e+01
3.534228134155273438e+01
3.446427917480468750e+01
3.580360031127929688e+01
3.600513458251953125e+01
3.539796066284179688e+01
3.548657608032226562e+01
3.606077194213867188e+01
3.538950347900390625e+01
3.604497146606445312e+01
3.419527435302734375e+01
3.626758956909179688e+01
3.553902816772460938e+01
3.528914642333984375e+01
3.611476898193359375e+01
3.511307525634765625e+01
3.543082427978515625e+01
3.512596511840820312e+01
3.530632400512695312e+01
3.541012191772460938e+01
3.491747665405273438e+01
3.566669464111328125e+01
3.558340072631835938e+01
3.542983627319335938e+01
3.575537109375000000e+01
3.587041473388671875e+01
3.533090972900390625e+01
3.494233703613281250e+01
3.482462310791015625e+01
3.612357711791992188e+01
3.539722442626953125e+01
3.547746276855468750e+01
3.639325332641601562e+01
3.483895492553710938e+01
3.471920013427734375e+01
3.497350692749023438e+01
3.595796585083007812e+01
3.620069122314453125e+01
3.590963745117187500e+01
3.611288833618164062e+01
3.578806304931640625e+01
3.549820709228515625e+01
3.615742111206054688e+01
3.490298080444335938e+01
3.531684112548828125e+01
3.594293212890625000e+01
3.461632537841796875e+01
3.504784774780273438e+01
3.550215530395507812e+01
3.521147918701171875e+01
3.515594100952148438e+01
3.570772552490234375e+01
3.586507034301757812e+01
3.509397506713867188e+01
3.492622756958007812e+01
3.544362640380859375e+01
3.551409530639648438e+01
3.566048812866210938e+01
3.451084136962890625e+01
3.581048583984375000e+01
3.537757492065429688e+01
3.467922210693359375e+01
3.483783340454101562e+01
3.502688598632812500e+01
3.489165878295898438e+01
3.387010192871093750e+01
3.546178436279296875e+01
3.551169204711914062e+01
3.529687118530273438e+01
3.519094848632812500e+01
3.552108764648437500e+01
3.519585418701171875e+01
3.624647140502929688e+01
3.555865478515625000e+01
3.566746139526367188e+01
3.527098846435546875e+01
3.486474990844726562e+01
3.533536148071289062e+01
3.565229797363281250e+01
3.462687683105468750e+01
3.514934539794921875e+01
3.623768615722656250e+01
3.579679107666015625e+01
3.491472244262695312e+01
3.543253707885742188e+01
3.539476013183593750e+01
3.455304718017578125e+01
3.538702774047851562e+01
3.558073806762695312e+01
3.490202713012695312e+01
3.599702835083007812e+01
3.533353042602539062e+01
3.597775268554687500e+01
3.530998229980468750e+01
3.551860809326171875e+01
3.677934646606445312e+01
3.588246154785156250e+01
3.569752883911132812e+01
3.516475677490234375e+01
3.573046112060546875e+01
3.484521865844726562e+01
3.526795959472656250e+01
3.564513015747070312e+01
3.607534790039062500e+01
3.529376220703125000e+01
3.624350357055664062e+01
3.502677154541015625e+01
3.515571975708007812e+01
3.534623718261718750e+01
3.549656677246093750e+01
3.472332382202148438e+01
3.542790985107421875e+01
3.505114746093750000e+01
3.571921157836914062e+01
3.485729980468750000e+01
3.505030822753906250e+01
3.546726226806640625e+01
3.533798980712890625e+01
3.578195190429687500e+01
3.501889038085937500e+01
3.579737472534179688e+01
3.418109893798828125e+01
3.501436614990234375e+01
3.479251098632812500e+01
3.573913192749023438e+01
3.529145431518554688e+01
3.566847991943359375e+01
3.549435424804687500e+01
3.487204360961914062e+01
3.453319549560546875e+01
3.503691864013671875e+01
3.578759002685546875e+01
3.658812713623046875e+01
3.559191513061523438e+01
3.523442840576171875e+01
3.421361923217773438e+01
3.562144088745117188e+01
3.535473632812500000e+01
3.490519332885742188e+01
3.476532745361328125e+01
3.512258529663085938e+01
3.633956146240234375e+01
3.501324844360351562e+01
3.486096191406250000e+01
3.579179000854492188e+01
3.509059906005859375e+01
3.476473617553710938e+01
3.530922698974609375e+01
3.487485122680664062e+01
3.558270263671875000e+01
3.504890441894531250e+01
3.533591842651367188e+01
3.585316467285156250e+01
3.556780624389648438e+01
3.524111557006835938e+01
3.516228485107421875e+01
3.512577819824218750e+01
3.504418182373046875e+01
3.628028488159179688e+01
3.436361312866210938e+01
3.670588302612304688e+01
3.609630584716796875e+01
3.559171295166015625e+01
3.523802185058593750e+01
3.538016891479492188e+01
3.520223617553710938e+01
3.451520156860351562e+01
3.527812194824218750e+01
3.651287078857421875e+01
3.515725326538085938e+01
3.518119812011718750e+01
3.585052490234375000e+01
3.504278182983398438e+01
3.509079742431640625e+01
3.561243438720703125e+01
3.540174484252929688e+01
3.558601379394531250e+01
3.501326751708984375e+01
3.658361816406250000e+01
3.551717376708984375e+01
3.506834030151367188e+01
3.557044601440429688e+01
3.554716491699218750e+01
3.559642028808593750e+01
3.534625625610351562e+01
3.428878402709960938e+01
3.571599578857421875e+01
3.513904953002929688e+01
3.575542831420898438e+01
3.652260589599609375e+01
3.465742492675781250e+01
3.496843719482421875e+01
3.500225830078125000e+01
3.513039016723632812e+01
3.587968063354492188e+01
3.538821792602539062e+01
3.541262817382812500e+01
3.534492492675781250e+01
3.564554595947265625e+01
3.526258468627929688e+01
3.563494873046875000e+01
3.534248733520507812e+01
3.546751022338867188e+01
3.559976196289062500e+01
3.553627395629882812e+01
3.598482894897460938e+01
3.518761062622070312e+01
3.565633010864257812e+01
3.635253524780273438e+01
3.584310913085937500e+01
3.502182006835937500e+01
3.450011444091796875e+01
3.474646759033203125e+01
3.622010421752929688e+01
3.517182540893554688e+01
3.534340667724609375e+01
3.520444488525390625e+01
3.539660644531250000e+01
3.617218399047851562e+01
3.695449447631835938e+01
3.677581024169921875e+01
3.512878799438476562e+01
3.578676986694335938e+01
3.597614288330078125e+01
3.499745178222656250e+01
3.569393157958984375e+01
3.549123764038085938e+01
3.545993423461914062e+01
3.421576309204101562e+01
3.523284912109375000e+01
3.530222702026367188e+01
3.563705444335937500e+01
3.472640991210937500e+01
3.571093368530273438e+01
3.549717330932617188e+01
3.483124542236328125e+01
3.495430374145507812e+01
3.570943450927734375e+01
3.483852767944335938e+01
3.556165695190429688e+01
3.460307312011718750e+01
3.537660217285156250e+01
3.591481781005859375e+01
3.555968093872070312e+01
3.493422317504882812e+01
3.447093582153320312e+01
3.498953628540039062e+01
3.502336120605468750e+01
3.523385620117187500e+01
3.603504562377929688e+01
3.483163833618164062e+01
3.509843063354492188e+01
3.531781005859375000e+01
3.432814788818359375e+01
3.460708618164062500e+01
3.605823135375976562e+01
3.528070068359375000e+01
3.510091018676757812e+01
3.623725891113281250e+01
3.532917785644531250e+01
3.537091827392578125e+01
3.576454544067382812e+01
3.617513275146484375e+01
3.483315277099609375e+01
3.503841781616210938e+01
3.575703430175781250e+01
3.560173797607421875e+01
3.561408996582031250e+01
3.520220947265625000e+01
3.531391906738281250e+01
3.544859313964843750e+01
3.569977188110351562e+01
3.533269882202148438e+01
3.577347183227539062e+01
3.542739868164062500e+01
3.494046401977539062e+01
3.467603683471679688e+01
3.608416366577148438e+01
3.491603469848632812e+01
3.552244186401367188e+01
3.519592666625976562e+01
3.533705520629882812e+01
3.577057647705078125e+01
3.580070495605468750e+01
3.511844253540039062e+01
3.530746841430664062e+01
3.562658691406250000e+01
3.495009231567382812e+01
3.545418548583984375e+01
3.598825836181640625e+01
3.559865188598632812e+01
3.534033203125000000e+01
3.578813934326171875e+01
3.580476379394531250e+01
3.482112884521484375e+01
3.511714553833007812e+01
3.529416656494140625e+01
3.524058914184570312e+01
3.527056121826171875e+01
3.493064117431640625e+01
3.494758987426757812e+01
3.559462738037109375e+01
3.564461898803710938e+01
3.614228057861328125e+01
3.447856903076171875e+01
3.459201049804687500e+01
3.552342605590820312e+01
3.528678512573242188e+01
3.541666793823242188e+01
3.564321517944335938e+01
3.492707061767578125e+01
3.528544998168945312e+01
3.496421813964843750e+01
3.426350784301757812e+01
3.507163238525390625e+01
3.534313964843750000e+01
3.466391754150390625e+01
3.466163253784179688e+01
3.527368927001953125e+01
3.588870620727539062e+01
3.588042831420898438e+01
3.457428741455078125e+01
3.516738891601562500e+01
3.539865493774414062e+01
3.431267929077148438e+01
3.562404632568359375e+01
3.552204132080078125e+01
3.551584625244140625e+01
3.558444976806640625e+01
3.513881683349609375e+01
3.563149642944335938e+01
3.494314956665039062e+01
3.563813018798828125e+01
3.495556259155273438e+01
3.552107620239257812e+01
3.480027008056640625e+01
3.587213897705078125e+01
3.567988967895507812e+01
3.531523132324218750e+01
3.592465591430664062e+01
3.498853302001953125e+01
3.492486953735351562e+01
3.538268661499023438e+01
3.560921478271484375e+01
3.558977127075195312e+01
3.572202682495117188e+01
3.477106094360351562e+01
3.534612274169921875e+01
3.489805984497070312e+01
3.532601165771484375e+01
3.509672927856445312e+01
3.591824340820312500e+01
3.571002960205078125e+01
3.447156524658203125e+01
3.650746917724609375e+01
3.484224319458007812e+01
3.525904083251953125e+01
3.583496856689453125e+01
3.438997268676757812e+01
3.519105529785156250e+01
3.543592834472656250e+01
3.568799972534179688e+01
3.521870040893554688e+01
3.514179229736328125e+01
3.572779083251953125e+01
3.542835998535156250e+01
3.517043685913085938e+01
3.478101730346679688e+01
3.521843338012695312e+01
3.627772521972656250e+01
3.545154953002929688e+01
3.525704193115234375e+01
3.529065322875976562e+01
3.516643905639648438e+01
3.684652328491210938e+01
3.551796340942382812e+01
3.594977951049804688e+01
3.502659988403320312e+01
3.574399948120117188e+01
3.562368392944335938e+01
3.516017532348632812e+01
3.505299377441406250e+01
3.531396865844726562e+01
3.550446319580078125e+01
3.536023330688476562e+01
3.516008758544921875e+01
3.517909240722656250e+01
3.526909255981445312e+01
3.545821380615234375e+01
3.577380752563476562e+01
3.553534317016601562e+01
3.494527435302734375e+01
3.554009246826171875e+01
3.585322570800781250e+01
3.563584136962890625e+01
3.562573623657226562e+01
3.600446701049804688e+01
3.536557388305664062e+01
3.529394912719726562e+01
3.434510421752929688e+01
3.482048797607421875e+01
3.564691925048828125e+01
3.517116546630859375e+01
3.509903717041015625e+01
3.516344833374023438e+01
3.535261917114257812e+01
3.558339309692382812e+01
3.694677352905273438e+01
3.576170349121093750e+01
3.543795013427734375e+01
3.524432754516601562e+01
3.521103286743164062e+01
3.489347457885742188e+01
3.452907180786132812e+01
3.553832244873046875e+01
3.534600067138671875e+01
3.540786743164062500e+01
3.453810119628906250e+01
3.490707015991210938e+01
3.463429260253906250e+01
3.511359786987304688e+01
3.625441741943359375e+01
3.514763641357421875e+01
3.553828811645507812e+01
3.519459152221679688e+01
3.561919021606445312e+01
3.529778671264648438e+01
3.535772705078125000e+01
3.595751953125000000e+01
3.608307647705078125e+01
3.526047134399414062e+01
3.371933364868164062e+01
3.523248291015625000e+01
3.456736755371093750e+01
3.599440765380859375e+01
3.496762466430664062e+01
3.507493209838867188e+01
3.615425872802734375e+01
3.463690185546875000e+01
3.560908126831054688e+01
3.503509140014648438e+01
3.552093505859375000e+01
3.553398895263671875e+01
3.570448684692382812e+01
3.488018417358398438e+01
3.525058364868164062e+01
3.546787261962890625e+01
3.498871612548828125e+01
3.465914154052734375e+01
3.469747161865234375e+01
3.538199615478515625e+01
3.495976257324218750e+01
3.576592254638671875e+01
3.621127319335937500e+01
3.444445037841796875e+01
3.410901641845703125e+01
3.599997329711914062e+01
3.538150024414062500e+01
3.556561660766601562e+01
3.516745376586914062e+01
3.476040649414062500e+01
3.549119949340820312e+01
3.479245376586914062e+01
3.508360290527343750e+01
3.468642044067382812e+01
3.617922210693359375e+01
3.507970046997070312e+01
3.611686706542968750e+01
3.566238784790039062e+01
3.583607482910156250e+01
3.669204330444335938e+01
3.483385086059570312e+01
3.643799591064453125e+01
3.472198867797851562e+01
3.568818664550781250e+01
3.621006011962890625e+01
3.528807449340820312e+01
3.390122604370117188e+01
3.603392028808593750e+01
3.476388931274414062e+01
3.540571212768554688e+01
3.488487625122070312e+01
3.568343734741210938e+01
3.536291885375976562e+01
3.591549682617187500e+01
3.542628479003906250e+01
3.583462905883789062e+01
3.558364486694335938e+01
3.548472595214843750e+01
3.564528274536132812e+01
3.543234252929687500e+01
3.506962966918945312e+01
3.551325988769531250e+01
3.506951522827148438e+01
3.506037902832031250e+01
3.571006011962890625e+01
3.551239395141601562e+01
3.575369644165039062e+01
3.567198562622070312e+01
3.556319808959960938e+01
3.483918380737304688e+01
3.471891021728515625e+01
3.574635696411132812e+01
3.588372802734375000e+01
3.447208023071289062e+01
3.575391387939453125e+01
3.559774780273437500e+01
3.612326431274414062e+01
3.555785369873046875e+01
3.550911712646484375e+01
3.514810943603515625e+01
3.592814636230468750e+01
3.444509506225585938e+01
3.505635070800781250e+01
3.614021682739257812e+01
3.547460556030273438e+01
3.547960662841796875e+01
3.512017440795898438e+01
3.577477645874023438e+01
3.638615036010742188e+01
3.476692962646484375e+01
3.636738586425781250e+01
3.580020141601562500e+01
3.562266159057617188e+01
3.606003570556640625e+01
3.519623947143554688e+01
3.496623229980468750e+01
3.479881668090820312e+01
3.532052612304687500e+01
3.483673095703125000e+01
3.502331161499023438e+01
3.585673141479492188e+01
3.471687316894531250e+01
3.494327163696289062e+01
3.494151687622070312e+01
3.596377944946289062e+01
3.562957000732421875e+01
3.487423706054687500e+01
3.481045532226562500e+01
3.595414733886718750e+01
3.543712234497070312e+01
3.528961944580078125e+01
3.643323135375976562e+01
3.559323120117187500e+01
3.576392364501953125e+01
3.526807403564453125e+01
3.627959823608398438e+01
3.599086761474609375e+01
3.611652374267578125e+01
3.507722854614257812e+01
3.561086273193359375e+01
3.623406600952148438e+01
3.600200653076171875e+01
3.557350540161132812e+01
3.510739898681640625e+01
3.506094741821289062e+01
3.583857727050781250e+01
3.443603897094726562e+01
3.596739196777343750e+01
3.592729568481445312e+01
3.498888397216796875e+01
3.507290267944335938e+01
3.493110275268554688e+01
3.533093261718750000e+01
3.526239776611328125e+01
3.575248336791992188e+01
3.496683502197265625e+01
3.642718124389648438e+01
3.504093933105468750e+01
3.591401290893554688e+01
3.581369018554687500e+01
3.496225357055664062e+01
3.566666793823242188e+01
3.498284530639648438e+01
3.510208892822265625e+01
3.557979583740234375e+01
3.575281143188476562e+01
3.541675186157226562e+01
3.556228637695312500e+01
3.553962707519531250e+01
3.570644378662109375e+01
3.526267242431640625e+01
3.626697921752929688e+01
3.544828414916992188e+01
3.577545166015625000e+01
3.466110610961914062e+01
3.485354232788085938e+01
3.412477874755859375e+01
3.520200347900390625e+01
3.524374389648437500e+01
3.580961608886718750e+01
3.567760086059570312e+01
3.584510040283203125e+01
3.619833755493164062e+01
3.566315078735351562e+01
3.537361145019531250e+01
3.543138885498046875e+01
3.482793426513671875e+01
3.525862503051757812e+01
3.532779312133789062e+01
3.609898376464843750e+01
3.577024078369140625e+01
3.640957641601562500e+01
3.506570053100585938e+01
3.609562301635742188e+01
3.550125122070312500e+01
3.540862274169921875e+01
3.531137847900390625e+01
3.546889877319335938e+01
3.544489288330078125e+01
3.504220199584960938e+01
3.526900863647460938e+01
3.495368957519531250e+01
3.640813827514648438e+01
3.511622238159179688e+01
3.593074035644531250e+01
3.572854614257812500e+01
3.620956420898437500e+01
3.555386352539062500e+01
3.549394989013671875e+01
3.633979797363281250e+01
3.525540161132812500e+01
3.528333663940429688e+01
3.543792343139648438e+01
3.527714538574218750e+01
3.586005783081054688e+01
3.568730545043945312e+01
3.514631271362304688e+01
3.552852630615234375e+01
3.566388320922851562e+01
3.556402969360351562e+01
3.524731826782226562e+01
3.524818420410156250e+01
3.562898635864257812e+01
3.528407287597656250e+01
3.594995880126953125e+01
3.613591766357421875e+01
3.564105987548828125e+01
3.484412002563476562e+01
3.559514236450195312e+01
3.539495468139648438e+01
3.553880691528320312e+01
3.514529418945312500e+01
3.586946487426757812e+01
3.600418472290039062e+01
3.589682769775390625e+01
3.607327270507812500e+01
3.477627563476562500e+01
3.505123138427734375e+01
3.531724929809570312e+01
3.411942291259765625e+01
3.658903884887695312e+01
3.561110305786132812e+01
3.555356979370117188e+01
3.499266433715820312e+01
3.552112579345703125e+01
3.505674362182617188e+01
3.594601058959960938e+01
3.593353652954101562e+01
3.595570373535156250e+01
3.535479354858398438e+01
3.570833969116210938e+01
3.488823318481445312e+01
3.479086685180664062e+01
3.533191680908203125e+01
3.587957763671875000e+01
3.488735198974609375e+01
3.514861297607421875e+01
3.530200195312500000e+01
3.629098129272460938e+01
3.586488342285156250e+01
3.607187271118164062e+01
3.520208740234375000e+01
3.508637237548828125e+01
3.516630172729492188e+01
3.584695434570312500e+01
3.539793014526367188e+01
3.568454742431640625e+01
3.560770034790039062e+01
3.623143768310546875e+01
3.553955841064453125e+01
3.512156295776367188e+01
3.508243560791015625e+01
3.521932983398437500e+01
3.577046203613281250e+01
3.619205093383789062e+01
3.633020019531250000e+01
3.550459289550781250e+01
3.641020965576171875e+01
3.565667343139648438e+01
3.626726150512695312e+01
3.462867736816406250e+01
3.551277542114257812e+01
3.486782455444335938e+01
3.563635253906250000e+01
3.527495574951171875e+01
3.485309600830078125e+01
3.546223068237304688e+01
3.622877502441406250e+01
3.540090179443359375e+01
3.524179458618164062e+01
3.548999786376953125e+01
3.596107482910156250e+01
3.589379119873046875e+01
3.581873703002929688e+01
3.508447647094726562e+01
3.531793975830078125e+01
3.414874649047851562e+01
3.575115585327148438e+01
3.513138580322265625e+01
3.590697479248046875e+01
3.531400680541992188e+01
3.572623825073242188e+01
3.538529205322265625e+01
3.573353576660156250e+01
3.496288299560546875e+01
3.585305404663085938e+01
3.447484970092773438e+01
3.530085754394531250e+01
3.516112136840820312e+01
3.549098205566406250e+01
3.661056518554687500e+01
3.488145828247070312e+01
3.529096603393554688e+01
3.594942092895507812e+01
3.501612854003906250e+01
3.548058700561523438e+01
3.559918594360351562e+01
3.527513122558593750e+01
3.474889755249023438e+01
3.539393615722656250e+01
3.549339294433593750e+01
3.591756820678710938e+01
3.552236557006835938e+01
3.598296737670898438e+01
3.454433822631835938e+01
3.595609283447265625e+01
3.465788269042968750e+01
3.540732955932617188e+01
3.547051620483398438e+01
3.493151092529296875e+01
3.561100006103515625e+01
3.538887786865234375e+01
3.520503997802734375e+01
3.459405899047851562e+01
3.585728836059570312e+01
3.523995971679687500e+01
3.571360015869140625e+01
3.511954879760742188e+01
3.542137527465820312e+01
3.557543563842773438e+01
3.381592941284179688e+01
3.516566467285156250e+01
3.585715103149414062e+01
3.484159851074218750e+01
3.591281127929687500e+01
3.507426834106445312e+01
3.512145996093750000e+01
3.573055648803710938e+01
3.506026458740234375e+01
3.526743316650390625e+01
3.427472686767578125e+01
3.544813919067382812e+01
3.560456848144531250e+01
3.580082321166992188e+01
3.562963104248046875e+01
3.460483551025390625e+01
3.554333496093750000e+01
3.574255371093750000e+01
3.449045562744140625e+01
3.542185592651367188e+01
3.487736511230468750e+01
3.558448028564453125e+01
3.540298080444335938e+01
3.476829528808593750e+01
3.492226409912109375e+01
3.625981521606445312e+01
3.471311187744140625e+01
3.519103622436523438e+01
3.511102676391601562e+01
3.582345962524414062e+01
3.599522018432617188e+01
3.650846862792968750e+01
3.541262435913085938e+01
3.578773880004882812e+01
3.562809371948242188e+01
3.573678207397460938e+01
3.572648620605468750e+01
3.523095321655273438e+01
3.527361679077148438e+01
3.544815063476562500e+01
3.611251068115234375e+01
3.552191162109375000e+01
3.521162414550781250e+01
3.555265426635742188e+01
3.547745895385742188e+01
3.522521591186523438e+01
3.584087371826171875e+01
3.512181472778320312e+01
3.516357803344726562e+01
3.556057739257812500e+01
3.535540771484375000e+01
3.506385040283203125e+01
3.531648254394531250e+01
3.602409744262695312e+01
3.500375366210937500e+01
3.548408889770507812e+01
3.558306121826171875e+01
3.510663604736328125e+01
3.551719284057617188e+01
3.509315490722656250e+01
3.587412643432617188e+01
3.542955398559570312e+01
3.523132324218750000e+01
3.535569000244140625e+01
3.492300796508789062e+01
3.512501525878906250e+01
3.507016372680664062e+01
3.494696807861328125e+01
3.512665939331054688e+01
3.478616333007812500e+01
3.570611572265625000e+01
3.597889709472656250e+01
3.583229827880859375e+01
3.538841247558593750e+01
3.443555068969726562e+01
3.555122756958007812e+01
3.497164154052734375e+01
3.576980972290039062e+01
3.514117813110351562e+01
3.503511810302734375e+01
3.574867630004882812e+01
3.609402465820312500e+01
3.622814178466796875e+01
3.535264205932617188e+01
3.538098907470703125e+01
3.616132354736328125e+01
3.523726654052734375e+01
3.558280944824218750e+01
3.418664169311523438e+01
3.498274612426757812e+01
3.549953460693359375e+01
3.666107559204101562e+01
3.581739807128906250e+01
3.499927902221679688e+01
3.602307891845703125e+01
3.388360595703125000e+01
3.593375015258789062e+01
3.488330078125000000e+01
3.544682693481445312e+01
3.537628173828125000e+01
3.574882507324218750e+01
3.546088027954101562e+01
3.580387878417968750e+01
3.529047012329101562e+01
3.552775192260742188e+01
3.492482757568359375e+01
3.442908859252929688e+01
3.485383605957031250e+01
3.529607391357421875e+01
3.620155715942382812e+01
3.613340759277343750e+01
3.550408554077148438e+01
3.593988037109375000e+01
3.556956481933593750e+01
3.549830245971679688e+01
3.491357421875000000e+01
3.505111694335937500e+01
3.604476165771484375e+01
3.526695632934570312e+01
3.537090682983398438e+01
3.461549758911132812e+01
3.524766540527343750e+01
3.524542617797851562e+01
3.432730865478515625e+01
3.508096694946289062e+01
3.586482238769531250e+01
3.500967407226562500e+01
3.578030014038085938e+01
3.567921829223632812e+01
3.550497055053710938e+01
3.518172454833984375e+01
3.559631729125976562e+01
3.497056579589843750e+01
3.542595291137695312e+01
3.498884201049804688e+01
3.507687759399414062e+01
3.520118713378906250e+01
3.559495925903320312e+01
3.491059875488281250e+01
3.597193145751953125e+01
3.531814575195312500e+01
3.531161117553710938e+01
3.512746810913085938e+01
3.492654418945312500e+01
3.600585556030273438e+01
3.510011291503906250e+01
3.518972396850585938e+01
3.556378555297851562e+01
3.581976318359375000e+01
3.573418807983398438e+01
3.589102172851562500e+01
3.510002136230468750e+01
3.625057220458984375e+01
3.493217849731445312e+01
3.575350570678710938e+01
3.497351074218750000e+01
3.594824981689453125e+01
3.477186965942382812e+01
3.558816909790039062e+01
3.520634841918945312e+01
3.564482498168945312e+01
3.422079849243164062e+01
3.521799468994140625e+01
3.562742233276367188e+01
3.600212097167968750e+01
3.549847412109375000e+01
3.525461959838867188e+01
3.571665954589843750e+01
3.544080352783203125e+01
3.516045761108398438e+01
3.509177017211914062e+01
3.437708663940429688e+01
3.525726699829101562e+01
3.460340499877929688e+01
3.465770339965820312e+01
3.562884521484375000e+01
3.489155197143554688e+01
3.421308135986328125e+01
3.589004135131835938e+01
3.603820037841796875e+01
3.510382461547851562e+01
3.553450775146484375e+01
3.543128967285156250e+01
3.508227539062500000e+01
3.508871078491210938e+01
3.522470474243164062e+01
3.531820678710937500e+01
3.564660263061523438e+01
3.631836318969726562e+01
3.534321975708007812e+01
3.481053543090820312e+01
3.482900619506835938e+01
3.550516510009765625e+01
3.490814971923828125e+01
3.500824356079101562e+01
3.481468200683593750e+01
3.494458389282226562e+01
3.545670318603515625e+01
3.572262191772460938e+01
3.469029235839843750e+01
3.547738647460937500e+01
3.555045700073242188e+01
3.517388153076171875e+01
3.535942077636718750e+01
3.601020431518554688e+01
3.624917602539062500e+01
3.496752929687500000e+01
3.557829666137695312e+01
3.484827804565429688e+01
3.569591903686523438e+01
3.579673767089843750e+01
3.590173339843750000e+01
3.564670181274414062e+01
3.480377578735351562e+01
3.500123596191406250e+01
3.583321380615234375e+01
3.560054779052734375e+01
3.571530914306640625e+01
3.459207916259765625e+01
3.509856033325195312e+01
3.517048263549804688e+01
3.526484298706054688e+01
3.480407333374023438e+01
3.519977951049804688e+01
3.530950927734375000e+01
3.526524353027343750e+01
3.537841415405273438e+01
3.569352340698242188e+01
3.521389007568359375e+01
3.469343948364257812e+01
3.539838027954101562e+01
3.545206451416015625e+01
3.545130538940429688e+01
3.496614456176757812e+01
3.587207794189453125e+01
3.631356430053710938e+01
3.558760833740234375e+01
3.427238082885742188e+01
3.513742446899414062e+01
3.513151550292968750e+01
3.595046234130859375e+01
3.549912261962890625e+01
3.568436431884765625e+01
3.524182891845703125e+01
3.523051071166992188e+01
3.497646713256835938e+01
3.536337280273437500e+01
3.483915710449218750e+01
3.574420928955078125e+01
3.545078659057617188e+01
3.534375381469726562e+01
3.520221328735351562e+01
3.571052932739257812e+01
3.516568374633789062e+01
3.436719131469726562e+01
3.449972152709960938e+01
3.512166213989257812e+01
3.526926422119140625e+01
3.541733551025390625e+01
3.588644409179687500e+01
3.440979766845703125e+01
3.521515274047851562e+01
3.550893020629882812e+01
3.506308364868164062e+01
3.575130844116210938e+01
3.562797927856445312e+01
3.532009887695312500e+01
3.579942703247070312e+01
3.538358306884765625e+01
3.665772247314453125e+01
3.569513320922851562e+01
3.541859817504882812e+01
3.595664215087890625e+01
3.509248352050781250e+01
3.550800323486328125e+01
3.601481246948242188e+01
3.513413238525390625e+01
3.547887039184570312e+01
3.566930007934570312e+01
3.526491165161132812e+01
3.557031250000000000e+01
3.526395797729492188e+01
3.648201370239257812e+01
3.604513931274414062e+01
3.482340621948242188e+01
3.512104797363281250e+01
3.462927627563476562e+01
3.612029647827148438e+01
3.479883575439453125e+01
3.569001770019531250e+01
3.568395996093750000e+01
3.535033035278320312e+01
3.501514816284179688e+01
3.529035568237304688e+01
3.611820983886718750e+01
3.623992538452148438e+01
3.523544692993164062e+01
3.474739456176757812e+01
3.533152770996093750e+01
3.451568222045898438e+01
3.504882431030273438e+01
3.647032165527343750e+01
3.546030044555664062e+01
3.481238174438476562e+01
3.511889648437500000e+01
3.519001770019531250e+01
3.483590698242187500e+01
3.591727447509765625e+01
3.568170547485351562e+01
3.378479385375976562e+01
3.495646667480468750e+01
3.556838607788085938e+01
3.580077362060546875e+01
3.523728942871093750e+01
3.509995269775390625e+01
3.532392501831054688e+01
3.608593368530273438e+01
3.456166839599609375e+01
3.579266738891601562e+01
3.438038253784179688e+01
3.494379043579101562e+01
3.435460662841796875e+01
3.503300094604492188e+01
3.508443450927734375e+01
3.520973205566406250e+01
3.548791122436523438e+01
3.504254531860351562e+01
3.477759552001953125e+01
3.511419296264648438e+01
3.542570114135742188e+01
3.522704696655273438e+01
3.537050247192382812e+01
3.540991592407226562e+01
3.522899627685546875e+01
3.515795516967773438e+01
3.446698760986328125e+01
3.616929244995117188e+01
3.546093368530273438e+01
3.549691009521484375e+01
3.485514068603515625e+01
3.602444839477539062e+01
3.564546585083007812e+01
3.611890792846679688e+01
3.607124328613281250e+01
3.536003112792968750e+01
3.509439468383789062e+01
3.554645919799804688e+01
3.377065658569335938e+01
3.549031829833984375e+01
3.494916534423828125e+01
3.501095962524414062e+01
3.573297500610351562e+01
3.575687408447265625e+01
3.570580673217773438e+01
3.536616134643554688e+01
3.451728439331054688e+01
3.620592117309570312e+01
3.490109252929687500e+01
3.500241851806640625e+01
3.551745986938476562e+01
3.501608657836914062e+01
3.513098144531250000e+01
3.517155838012695312e+01
3.503895187377929688e+01
3.589532470703125000e+01
3.508322143554687500e+01
3.464979553222656250e+01
3.584904479980468750e+01
3.489741134643554688e+01
3.561664199829101562e+01
3.468750762939453125e+01
3.554190826416015625e+01
3.551826477050781250e+01
3.462270355224609375e+01
3.593297195434570312e+01
3.547426223754882812e+01
3.520823287963867188e+01
3.529698181152343750e+01
3.533533477783203125e+01
3.460652923583984375e+01
3.549176406860351562e+01
3.532633590698242188e+01
3.535309219360351562e+01
3.583584594726562500e+01
3.587450790405273438e+01
3.510382080078125000e+01
3.538492965698242188e+01
3.555871200561523438e+01
3.551416778564453125e+01
3.546241378784179688e+01
3.518318939208984375e+01
3.513486099243164062e+01
3.587036895751953125e+01
3.538982009887695312e+01
3.528067398071289062e+01
3.495934295654296875e+01
3.643962097167968750e+01
3.553782272338867188e+01
3.535840606689453125e+01
3.481332778930664062e+01
3.517055511474609375e+01
3.574615859985351562e+01
3.589064407348632812e+01
3.562312698364257812e+01
3.542102813720703125e+01
3.462963867187500000e+01
3.590061569213867188e+01
3.558930206298828125e+01
3.519719696044921875e+01
3.528797149658203125e+01
3.544975280761718750e+01
3.489471817016601562e+01
3.634693908691406250e+01
3.623084259033203125e+01
3.579288101196289062e+01
3.516230010986328125e+01
3.428622055053710938e+01
3.476611328125000000e+01
3.556888961791992188e+01
3.577053833007812500e+01
3.562207031250000000e+01
3.659630966186523438e+01
3.530298614501953125e+01
3.596037673950195312e+01
3.538994216918945312e+01
3.485272598266601562e+01
3.408293914794921875e+01
3.526972579956054688e+01
3.647434616088867188e+01
3.541830062866210938e+01
3.485855484008789062e+01
3.552243041992187500e+01
3.506211471557617188e+01
3.510390853881835938e+01
3.495320892333984375e+01
3.459976196289062500e+01
3.577428436279296875e+01
3.535375595092773438e+01
3.448233413696289062e+01
3.530852508544921875e+01
3.535121154785156250e+01
3.475687789916992188e+01
3.482723617553710938e+01
3.464866638183593750e+01
3.516274261474609375e+01
3.585557937622070312e+01
3.457191467285156250e+01
3.512861251831054688e+01
3.572529983520507812e+01
3.516056060791015625e+01
3.533628082275390625e+01
3.496684265136718750e+01
3.478106307983398438e+01
3.559206390380859375e+01
3.548159027099609375e+01
3.534632873535156250e+01
3.564723587036132812e+01
3.514270401000976562e+01
3.547758102416992188e+01
3.448664474487304688e+01
3.472138977050781250e+01
3.537382125854492188e+01
3.546516799926757812e+01
3.523176193237304688e+01
3.543125915527343750e+01
3.534170150756835938e+01
3.451494216918945312e+01
3.606837463378906250e+01
3.613608932495117188e+01
3.529938125610351562e+01
3.630448150634765625e+01
3.592927169799804688e+01
3.462906265258789062e+01
3.505359268188476562e+01
3.517933273315429688e+01
3.430580902099609375e+01
3.528252410888671875e+01
3.512143325805664062e+01
3.512883377075195312e+01
3.590695953369140625e+01
3.491293716430664062e+01
3.600511932373046875e+01
3.602639389038085938e+01
3.474985122680664062e+01
3.414935302734375000e+01
3.550094604492187500e+01
3.548112869262695312e+01
3.617897796630859375e+01
3.566766357421875000e+01
3.539093399047851562e+01
3.499835205078125000e+01
3.510193634033203125e+01
3.513428115844726562e+01
3.452901840209960938e+01
3.548728942871093750e+01
3.622627258300781250e+01
3.530069732666015625e+01
3.587321090698242188e+01
3.582632446289062500e+01
3.512764739990234375e+01
3.568453598022460938e+01
3.527407836914062500e+01
3.551017379760742188e+01
3.527833557128906250e+01
3.443127059936523438e+01
3.598137664794921875e+01
3.512907791137695312e+01
3.520378112792968750e+01
3.520149612426757812e+01
3.562769317626953125e+01
3.562443542480468750e+01
3.563583755493164062e+01
3.506238555908203125e+01
3.554059219360351562e+01
3.500612258911132812e+01
3.574272537231445312e+01
3.524769973754882812e+01
3.571855926513671875e+01
3.526451873779296875e+01
3.547915649414062500e+01
3.564578628540039062e+01
3.539963912963867188e+01
3.607925415039062500e+01
3.550097656250000000e+01
3.574479675292968750e+01
3.523278808593750000e+01
3.587693786621093750e+01
3.541953277587890625e+01
3.556587982177734375e+01
3.573297882080078125e+01
3.488780975341796875e+01
3.519462966918945312e+01
3.555153656005859375e+01
3.561620712280273438e+01
3.486154937744140625e+01
3.725794219970703125e+01
3.523074722290039062e+01
3.601166915893554688e+01
3.572450256347656250e+01
3.581661224365234375e+01
3.496569442749023438e+01
3.500606918334960938e+01
3.541283416748046875e+01
3.485057830810546875e+01
3.572703933715820312e+01
3.530372619628906250e+01
3.515190505981445312e+01
3.686458969116210938e+01
3.515169525146484375e+01
3.522684860229492188e+01
3.630157852172851562e+01
3.544264984130859375e+01
3.579063796997070312e+01
3.518721008300781250e+01
3.597991180419921875e+01
3.466612625122070312e+01
3.487232208251953125e+01
3.566217803955078125e+01
3.512150192260742188e+01
3.485779190063476562e+01
3.509157943725585938e+01
3.572031402587890625e+01
3.571758651733398438e+01
3.562973022460937500e+01
3.575167083740234375e+01
3.533753204345703125e+01
3.609159851074218750e+01
3.504415512084960938e+01
3.509523391723632812e+01
3.561702346801757812e+01
3.580226135253906250e+01
3.602078628540039062e+01
3.526376724243164062e+01
3.500036239624023438e+01
3.522273635864257812e+01
3.533760833740234375e+01
3.547956085205078125e+01
3.520302581787109375e+01
3.595607757568359375e+01
3.597915649414062500e+01
3.474479675292968750e+01
3.501614379882812500e+01
3.528708267211914062e+01
3.512633514404296875e+01
3.546628189086914062e+01
3.521665954589843750e+01
3.533300781250000000e+01
3.468158721923828125e+01
3.440848922729492188e+01
3.545438385009765625e+01
3.591579437255859375e+01
3.535009384155273438e+01
3.540715026855468750e+01
3.518684768676757812e+01
3.543413543701171875e+01
3.523029327392578125e+01
3.527740097045898438e+01
3.587319564819335938e+01
3.601124572753906250e+01
3.594500732421875000e+01
3.423686218261718750e+01
3.551650238037109375e+01
3.497803115844726562e+01
3.561955642700195312e+01
3.583329772949218750e+01
3.584396743774414062e+01
3.502614212036132812e+01
3.589296722412109375e+01
3.550513458251953125e+01
3.533703231811523438e+01
3.559254837036132812e+01
3.496121215820312500e+01
3.453206253051757812e+01
3.560672760009765625e+01
3.548713302612304688e+01
3.526805114746093750e+01
3.566780471801757812e+01
3.519986724853515625e+01
3.587360382080078125e+01
3.485543060302734375e+01
3.583337020874023438e+01
3.634377288818359375e+01
3.584843063354492188e+01
3.538895416259765625e+01
3.601329421997070312e+01
3.484078979492187500e+01
3.553002166748046875e+01
3.541296768188476562e+01
3.571481323242187500e+01
3.616683197021484375e+01
3.474868011474609375e+01
3.441880035400390625e+01
3.570267868041992188e+01
3.503986358642578125e+01
3.523820877075195312e+01
3.607013702392578125e+01
3.513999557495117188e+01
3.506191635131835938e+01
3.532723617553710938e+01
3.568986511230468750e+01
3.516817474365234375e+01
3.569333648681640625e+01
3.541688156127929688e+01
3.667892837524414062e+01
3.468590927124023438e+01
3.490155029296875000e+01
3.443164062500000000e+01
3.521263122558593750e+01
3.483005905151367188e+01
3.460529327392578125e+01
3.557895660400390625e+01
3.580984497070312500e+01
3.547138214111328125e+01
3.482677459716796875e+01
3.424838638305664062e+01
3.562042999267578125e+01
3.585369491577148438e+01
3.542919158935546875e+01
3.564736938476562500e+01
3.541504669189453125e+01
3.459094238281250000e+01
3.614528274536132812e+01
3.539241027832031250e+01
3.500840377807617188e+01
3.518663787841796875e+01
3.513401794433593750e+01
3.525278854370117188e+01
3.575878143310546875e+01
3.439416503906250000e+01
3.538456344604492188e+01
3.481428527832031250e+01
3.474779510498046875e+01
3.599817276000976562e+01
3.624030685424804688e+01
3.505312347412109375e+01
3.519874191284179688e+01
3.593790054321289062e+01
3.609631347656250000e+01
3.586930847167968750e+01
3.562444305419921875e+01
3.639920425415039062e+01
3.485269927978515625e+01
3.513321304321289062e+01
3.577330017089843750e+01
3.523271560668945312e+01
3.543632507324218750e+01
3.518981933593750000e+01
3.517631149291992188e+01
3.527993392944335938e+01
3.596816635131835938e+01
3.496003723144531250e+01
3.576144409179687500e+01
3.593590164184570312e+01
3.509330368041992188e+01
3.449247741699218750e+01
3.512946319580078125e+01
3.529752731323242188e+01
3.574264907836914062e+01
3.509680557250976562e+01
3.465936660766601562e+01
3.566868972778320312e+01
3.426943206787109375e+01
3.441393280029296875e+01
3.544373321533203125e+01
3.584773254394531250e+01
3.534833145141601562e+01
3.517856216430664062e+01
3.510817337036132812e+01
3.529150772094726562e+01
3.476976013183593750e+01
3.502141189575195312e+01
3.549091720581054688e+01
3.531576156616210938e+01
3.579245758056640625e+01
3.517478179931640625e+01
3.494795608520507812e+01
3.586339187622070312e+01
3.610562133789062500e+01
3.558865356445312500e+01
3.538519287109375000e+01
3.564784622192382812e+01
3.535900497436523438e+01
3.517362976074218750e+01
3.570221710205078125e+01
3.527896881103515625e+01
3.555550003051757812e+01
3.533969497680664062e+01
3.604875946044921875e+01
3.635116958618164062e+01
3.630610275268554688e+01
3.532610321044921875e+01
3.492548370361328125e+01
3.534486389160156250e+01
3.558988571166992188e+01
3.522233200073242188e+01
3.594140243530273438e+01
3.552551269531250000e+01
3.545011901855468750e+01
3.616207122802734375e+01
3.528844451904296875e+01
3.472293853759765625e+01
3.576434326171875000e+01
3.504551696777343750e+01
3.570546722412109375e+01
3.574555969238281250e+01
3.556548690795898438e+01
3.699065017700195312e+01
3.535482406616210938e+01
3.499763107299804688e+01
3.589849853515625000e+01
3.556145477294921875e+01
3.553665161132812500e+01
3.524429321289062500e+01
3.580146026611328125e+01
3.660443878173828125e+01
3.574499893188476562e+01
3.504964828491210938e+01
3.509083938598632812e+01
3.570020294189453125e+01
3.494630050659179688e+01
3.510110855102539062e+01
3.572080230712890625e+01
3.593496704101562500e+01
3.486403656005859375e+01
3.476278305053710938e+01
3.464865112304687500e+01
3.591201782226562500e+01
3.530356597900390625e+01
3.617070007324218750e+01
3.546774291992187500e+01
3.559244537353515625e+01
3.551358032226562500e+01
3.598206329345703125e+01
3.597229385375976562e+01
3.662933349609375000e+01
3.568600082397460938e+01
3.543958663940429688e+01
3.530617523193359375e+01
3.541347122192382812e+01
3.537939834594726562e+01
3.545002746582031250e+01
3.460742568969726562e+01
3.565751647949218750e+01
3.460417175292968750e+01
3.472592163085937500e+01
3.494130706787109375e+01
3.540123748779296875e+01
3.531912994384765625e+01
3.493595123291015625e+01
3.558098983764648438e+01
3.523723983764648438e+01
3.606693649291992188e+01
3.491738510131835938e+01
3.479747772216796875e+01
3.524471664428710938e+01
3.496257781982421875e+01
3.484286117553710938e+01
3.622800445556640625e+01
3.502121734619140625e+01
3.481592941284179688e+01
3.560174560546875000e+01
3.527721023559570312e+01
3.475811386108398438e+01
3.497976684570312500e+01
3.554431152343750000e+01
3.501837921142578125e+01
3.556209945678710938e+01
3.602556610107421875e+01
3.553314590454101562e+01
3.544026565551757812e+01
3.587832641601562500e+01
3.459262466430664062e+01
3.550518035888671875e+01
3.493494033813476562e+01
3.544557952880859375e+01
3.578519821166992188e+01
3.559785461425781250e+01
3.505690002441406250e+01
3.518045806884765625e+01
3.616221618652343750e+01
3.598849105834960938e+01
3.511337280273437500e+01
3.529830169677734375e+01
3.600111007690429688e+01
3.534405899047851562e+01
3.626822662353515625e+01
3.521501922607421875e+01
3.531275939941406250e+01
3.496278762817382812e+01
3.638280487060546875e+01
3.488672637939453125e+01
3.494985580444335938e+01
3.561100769042968750e+01
3.494192123413085938e+01
3.514623641967773438e+01
3.537540817260742188e+01
3.515281295776367188e+01
3.528429794311523438e+01
3.413373184204101562e+01
3.543790817260742188e+01
3.470890045166015625e+01
3.636465454101562500e+01
3.509248733520507812e+01
3.469226074218750000e+01
3.423749160766601562e+01
3.534212112426757812e+01
3.689213180541992188e+01
3.486252593994140625e+01
3.495153808593750000e+01
3.576862335205078125e+01
3.580496215820312500e+01
3.473460769653320312e+01
3.573504257202148438e+01
3.595085144042968750e+01
3.497369766235351562e+01
3.482732772827148438e+01
3.590275573730468750e+01
3.548356628417968750e+01
3.601393508911132812e+01
3.490918731689453125e+01
3.597666168212890625e+01
3.586441802978515625e+01
3.435452651977539062e+01
3.546507263183593750e+01
3.594791412353515625e+01
3.496752929687500000e+01
3.558135223388671875e+01
3.487030410766601562e+01
3.584504318237304688e+01
3.539397048950195312e+01
3.521288299560546875e+01
3.520660018920898438e+01
3.517728042602539062e+01
3.588042449951171875e+01
3.491745758056640625e+01
3.609873580932617188e+01
3.511830139160156250e+01
3.561438751220703125e+01
3.471844100952148438e+01
3.530189514160156250e+01
3.473782348632812500e+01
3.538310623168945312e+01
3.551659393310546875e+01
3.592907714843750000e+01
3.588660049438476562e+01
3.578016662597656250e+01
3.573223495483398438e+01
3.561945343017578125e+01
3.610680770874023438e+01
3.462387847900390625e+01
3.539067459106445312e+01
3.498590087890625000e+01
3.562812042236328125e+01
3.620750427246093750e+01
3.515402221679687500e+01
3.478136825561523438e+01
3.512268447875976562e+01
3.419365692138671875e+01
3.440594100952148438e+01
3.556317138671875000e+01
3.655395889282226562e+01
3.561912918090820312e+01
3.498853683471679688e+01
3.494983673095703125e+01
3.591257095336914062e+01
3.479865646362304688e+01
3.624176788330078125e+01
3.634355926513671875e+01
3.526893615722656250e+01
3.443339538574218750e+01
3.533513259887695312e+01
3.563013458251953125e+01
3.478434371948242188e+01
3.576572418212890625e+01
3.506689071655273438e+01
3.582151412963867188e+01
3.540347671508789062e+01
3.519580841064453125e+01
3.527495193481445312e+01
3.625368118286132812e+01
3.534547424316406250e+01
3.529609680175781250e+01
3.535414123535156250e+01
3.556888961791992188e+01
3.550212478637695312e+01
3.480230331420898438e+01
3.519256591796875000e+01
3.480517578125000000e+01
3.648657989501953125e+01
3.543437957763671875e+01
3.641079330444335938e+01
3.511624145507812500e+01
3.498670959472656250e+01
3.516380691528320312e+01
3.578434371948242188e+01
3.557471847534179688e+01
3.604069519042968750e+01
3.534875488281250000e+01
3.513964080810546875e+01
3.517040252685546875e+01
3.585832214355468750e+01
3.454631423950195312e+01
3.485149002075195312e+01
3.588590621948242188e+01
3.392708587646484375e+01
3.588529586791992188e+01
3.495701217651367188e+01
3.610272216796875000e+01
3.526925659179687500e+01
3.565003967285156250e+01
3.534067535400390625e+01
3.552857971191406250e+01
3.602125930786132812e+01
3.486144638061523438e+01
3.506041336059570312e+01
3.562375259399414062e+01
3.486971664428710938e+01
3.600323486328125000e+01
3.553038787841796875e+01
3.541340255737304688e+01
3.504604721069335938e+01
3.547839736938476562e+01
3.549585723876953125e+01
3.582440948486328125e+01
3.580993270874023438e+01
3.542247390747070312e+01
3.493975830078125000e+01
3.562403869628906250e+01
3.577961730957031250e+01
3.475869369506835938e+01
3.615586090087890625e+01
3.557611846923828125e+01
3.536071777343750000e+01
3.525870895385742188e+01
3.489741516113281250e+01
3.515243911743164062e+01
3.503370666503906250e+01
3.497294616699218750e+01
3.598815155029296875e+01
3.543629455566406250e+01
3.608842468261718750e+01
3.577810668945312500e+01
3.519641113281250000e+01
3.501629257202148438e+01
3.586771392822265625e+01
3.510254287719726562e+01
3.527607345581054688e+01
3.574816894531250000e+01
3.586630630493164062e+01
3.523198318481445312e+01
3.546523284912109375e+01
3.430174255371093750e+01
3.468276596069335938e+01
3.564907455444335938e+01
3.624884033203125000e+01
3.533272552490234375e+01
3.553010559082031250e+01
3.556179046630859375e+01
3.573317718505859375e+01
3.536838531494140625e+01
3.485225296020507812e+01
3.518596649169921875e+01
3.518484115600585938e+01
3.608224868774414062e+01
3.540587615966796875e+01
3.557493591308593750e+01
3.509492492675781250e+01
3.506262969970703125e+01
3.548949813842773438e+01
3.519540405273437500e+01
3.526733016967773438e+01
3.611633300781250000e+01
3.567255401611328125e+01
3.531686401367187500e+01
3.495455932617187500e+01
3.463011550903320312e+01
3.476347732543945312e+01
3.554550933837890625e+01
3.490489959716796875e+01
3.583618545532226562e+01
3.570869445800781250e+01
3.528892135620117188e+01
3.516247177124023438e+01
3.495920944213867188e+01
3.560025405883789062e+01
3.505131530761718750e+01
3.485826873779296875e+01
3.575681686401367188e+01
3.520757675170898438e+01
3.525256347656250000e+01
3.458124923706054688e+01
3.596667861938476562e+01
3.501295852661132812e+01
3.500561141967773438e+01
3.621026611328125000e+01
3.606724548339843750e+01
3.463034057617187500e+01
3.582461547851562500e+01
3.550265121459960938e+01
3.600679397583007812e+01
3.583684539794921875e+01
3.600773620605468750e+01
3.479700851440429688e+01
3.554778671264648438e+01
3.604171371459960938e+01
3.512058258056640625e+01
3.573003387451171875e+01
3.500445938110351562e+01
3.554975128173828125e+01
3.548996734619140625e+01
3.551349639892578125e+01
3.431120300292968750e+01
3.508910369873046875e+01
3.528241348266601562e+01
3.504481887817382812e+01
3.545508193969726562e+01
3.562448120117187500e+01
3.480069351196289062e+01
3.542060089111328125e+01
3.592381668090820312e+01
3.581798553466796875e+01
3.562140655517578125e+01
3.556150054931640625e+01
3.556686782836914062e+01
3.554412460327148438e+01
3.534709930419921875e+01
3.577965545654296875e+01
3.542763519287109375e+01
3.449502563476562500e+01
3.454182815551757812e+01
3.446259689331054688e+01
3.591607666015625000e+01
3.461788558959960938e+01
3.538149642944335938e+01
3.550453948974609375e+01
3.606647872924804688e+01
3.544018554687500000e+01
3.564345169067382812e+01
3.611920547485351562e+01
3.605553436279296875e+01
3.589373779296875000e+01
3.604013442993164062e+01
3.540600967407226562e+01
3.545124816894531250e+01
3.534482574462890625e+01
3.516601943969726562e+01
3.515659332275390625e+01
3.514459609985351562e+01
3.558236312866210938e+01
3.554311752319335938e+01
3.578112792968750000e+01
3.580910110473632812e+01
3.486833190917968750e+01
3.471374511718750000e+01
3.600943756103515625e+01
3.541110610961914062e+01
3.611223983764648438e+01
3.476635360717773438e+01
3.583312988281250000e+01
3.514429473876953125e+01
3.488013458251953125e+01
3.539616775512695312e+01
3.476047897338867188e+01
3.588077163696289062e+01
3.479638290405273438e+01
3.446520996093750000e+01
3.626552200317382812e+01
3.552780151367187500e+01
3.474937057495117188e+01
3.489349365234375000e+01
3.610383224487304688e+01
3.531954193115234375e+01
3.557621383666992188e+01
3.464144134521484375e+01
3.582168197631835938e+01
3.529988479614257812e+01
3.544195556640625000e+01
3.499729537963867188e+01
3.509087371826171875e+01
3.481866836547851562e+01
3.508204650878906250e+01
3.575355148315429688e+01
3.643087768554687500e+01
3.563411712646484375e+01
3.560116577148437500e+01
3.541215133666992188e+01
3.515306472778320312e+01
3.545245361328125000e+01
3.581110763549804688e+01
3.669883728027343750e+01
3.529590988159179688e+01
3.467492675781250000e+01
3.577777862548828125e+01
3.524007415771484375e+01
3.532109451293945312e+01
3.495608901977539062e+01
3.509490585327148438e+01
3.531716537475585938e+01
3.565394210815429688e+01
3.549570083618164062e+01
3.570643234252929688e+01
3.501955795288085938e+01
3.521176528930664062e+01
3.494496536254882812e+01
3.488169860839843750e+01
3.466213226318359375e+01
3.542750930786132812e+01
3.616215515136718750e+01
3.638557815551757812e+01
3.528291702270507812e+01
3.535271453857421875e+01
3.517038345336914062e+01
3.505643463134765625e+01
3.571851730346679688e+01
3.500149154663085938e+01
3.486550140380859375e+01
3.484369659423828125e+01
3.599327087402343750e+01
3.485296249389648438e+01
3.555186462402343750e+01
3.452883911132812500e+01
3.484695434570312500e+01
3.505052947998046875e+01
3.549545669555664062e+01
3.468532180786132812e+01
3.499087142944335938e+01
3.530939102172851562e+01
3.573595428466796875e+01
3.561959075927734375e+01
3.511203384399414062e+01
3.477743148803710938e+01
3.568919754028320312e+01
3.460670852661132812e+01
3.546720504760742188e+01
3.627531814575195312e+01
3.510856628417968750e+01
3.528792572021484375e+01
3.506223678588867188e+01
3.529191207885742188e+01
3.510091781616210938e+01
3.666604232788085938e+01
3.582762527465820312e+01
3.471679687500000000e+01
3.505735015869140625e+01
3.553921127319335938e+01
3.600179672241210938e+01
3.621234130859375000e+01
3.587106323242187500e+01
3.482987213134765625e+01
3.549482727050781250e+01
3.476263809204101562e+01
3.586507415771484375e+01
3.499179458618164062e+01
3.580543136596679688e+01
3.541108322143554688e+01
3.522622680664062500e+01
3.481974411010742188e+01
3.601506805419921875e+01
3.546793365478515625e+01
3.494801330566406250e+01
3.563752746582031250e+01
3.523196792602539062e+01
3.509672927856445312e+01
3.505376052856445312e+01
3.589908599853515625e+01
3.467052459716796875e+01
3.619609832763671875e+01
3.528921890258789062e+01
3.573674011230468750e+01
3.520580291748046875e+01
3.495767974853515625e+01
3.497440719604492188e+01
3.493919372558593750e+01
3.508716201782226562e+01
3.461822128295898438e+01
3.609777450561523438e+01
3.572685241699218750e+01
3.563523864746093750e+01
3.517155838012695312e+01
3.517845535278320312e+01
3.502858352661132812e+01
3.462197113037109375e+01
3.580411148071289062e+01
3.597657012939453125e+01
3.552410888671875000e+01
3.626802062988281250e+01
3.495932769775390625e+01
3.624827575683593750e+01
3.457614135742187500e+01
3.551345062255859375e+01
3.613037872314453125e+01
3.562792587280273438e+01
3.597097015380859375e+01
3.499999618530273438e+01
3.606387329101562500e+01
3.593415832519531250e+01
3.565334701538085938e+01
3.552223205566406250e+01
3.627428436279296875e+01
3.552756118774414062e+01
3.554770660400390625e+01
3.512397766113281250e+01
3.461011123657226562e+01
3.490882492065429688e+01
3.623040771484375000e+01
3.559260177612304688e+01
3.540126037597656250e+01
3.545526885986328125e+01
3.556963729858398438e+01
3.547634124755859375e+01
3.523274612426757812e+01
3.537480163574218750e+01
3.577723693847656250e+01
3.545442962646484375e+01
3.600313568115234375e+01
3.571248245239257812e+01
3.510202789306640625e+01
3.611880874633789062e+01
3.548636627197265625e+01
3.507035064697265625e+01
3.490917205810546875e+01
3.544609069824218750e+01
3.536472320556640625e+01
3.524937438964843750e+01
3.524506378173828125e+01
3.572308349609375000e+01
3.550073623657226562e+01
3.614656066894531250e+01
3.530710983276367188e+01
3.571066665649414062e+01
3.552491378784179688e+01
3.559684753417968750e+01
3.453307723999023438e+01
3.645272827148437500e+01
3.534239196777343750e+01
3.517208480834960938e+01
3.543010711669921875e+01
3.544223022460937500e+01
3.569650268554687500e+01
3.468152618408203125e+01
3.619393157958984375e+01
3.519033813476562500e+01
3.513615417480468750e+01
3.490714263916015625e+01
3.542448425292968750e+01
3.601065063476562500e+01
3.533958435058593750e+01
3.515528106689453125e+01
3.613376617431640625e+01
3.544369506835937500e+01
3.542015838623046875e+01
3.514768981933593750e+01
3.598597717285156250e+01
3.462895965576171875e+01
3.483296203613281250e+01
3.572068023681640625e+01
3.571323776245117188e+01
3.565331649780273438e+01
3.456104278564453125e+01
3.566191864013671875e+01
3.470024108886718750e+01
3.592681121826171875e+01
3.612475204467773438e+01
3.518870162963867188e+01
3.437863159179687500e+01
3.470380401611328125e+01
3.524669647216796875e+01
3.478463363647460938e+01
3.528375625610351562e+01
3.545664596557617188e+01
3.533894729614257812e+01
3.567587280273437500e+01
3.530376815795898438e+01
3.433837509155273438e+01
3.531749343872070312e+01
3.516220855712890625e+01
3.534732818603515625e+01
3.564500427246093750e+01
3.576773071289062500e+01
3.566798019409179688e+01
3.545307159423828125e+01
3.488008117675781250e+01
3.533331298828125000e+01
3.483819580078125000e+01
3.530199432373046875e+01
3.525688552856445312e+01
3.474836349487304688e+01
3.518759536743164062e+01
3.534458160400390625e+01
3.520365905761718750e+01
3.542107772827148438e+01
3.517123794555664062e+01
3.509941482543945312e+01
3.569824218750000000e+01
3.616645431518554688e+01
3.509946060180664062e+01
3.571730422973632812e+01
3.578835678100585938e+01
3.482594680786132812e+01
3.476867294311523438e+01
3.537366104125976562e+01
3.560578536987304688e+01
3.513267898559570312e+01
3.600548934936523438e+01
3.486911773681640625e+01
3.519854354858398438e+01
3.530517196655273438e+01
3.544352340698242188e+01
3.537636184692382812e+01
3.562492752075195312e+01
3.556571960449218750e+01
3.589185714721679688e+01
3.564902496337890625e+01
3.512490463256835938e+01
3.526853179931640625e+01
3.496155166625976562e+01
3.590095520019531250e+01
3.504885482788085938e+01
3.581256103515625000e+01
3.533340072631835938e+01
3.469936752319335938e+01
3.508774185180664062e+01
3.628271102905273438e+01
3.520479202270507812e+01
3.504305267333984375e+01
3.593135070800781250e+01
3.501850891113281250e+01
3.622889709472656250e+01
3.571850585937500000e+01
3.563859558105468750e+01
3.575555801391601562e+01
3.574311447143554688e+01
3.498271179199218750e+01
3.557777786254882812e+01
3.501864242553710938e+01
3.518296432495117188e+01
3.527047348022460938e+01
3.593114471435546875e+01
3.546767425537109375e+01
3.579961013793945312e+01
3.496643447875976562e+01
3.590511322021484375e+01
3.527788543701171875e+01
3.594200134277343750e+01
3.566194915771484375e+01
3.608294296264648438e+01
3.507482147216796875e+01
3.514196395874023438e+01
3.476445388793945312e+01
3.487191390991210938e+01
3.442081832885742188e+01
3.595775604248046875e+01
3.481246185302734375e+01
3.615798950195312500e+01
3.451075744628906250e+01
3.556854629516601562e+01
3.570296096801757812e+01
3.470536041259765625e+01
3.491361999511718750e+01
3.509035110473632812e+01
3.546152877807617188e+01
3.599443817138671875e+01
3.429672622680664062e+01
3.592629241943359375e+01
3.574980926513671875e+01
3.546433258056640625e+01
3.560758590698242188e+01
3.496525192260742188e+01
3.547458648681640625e+01
3.577767562866210938e+01
3.518078613281250000e+01
3.391933822631835938e+01
3.559027099609375000e+01
3.619771957397460938e+01
3.547414398193359375e+01
3.520685577392578125e+01
3.486271286010742188e+01
3.567054367065429688e+01
3.580376052856445312e+01
3.483647537231445312e+01
3.551887130737304688e+01
3.558201599121093750e+01
3.566770172119140625e+01
3.487598419189453125e+01
3.446606826782226562e+01
3.567620468139648438e+01
3.542998504638671875e+01
3.520648193359375000e+01
3.557282257080078125e+01
3.578667068481445312e+01
3.480611038208007812e+01
3.536114120483398438e+01
3.571951293945312500e+01
3.555941772460937500e+01
3.566177749633789062e+01
3.511660385131835938e+01
3.562654876708984375e+01
3.458960723876953125e+01
3.477494430541992188e+01
3.534474182128906250e+01
3.572488403320312500e+01
3.582101058959960938e+01
3.554391479492187500e+01
3.539153671264648438e+01
3.529767608642578125e+01
3.515231704711914062e+01
3.517548751831054688e+01
3.535577774047851562e+01
3.587902450561523438e+01
3.597089767456054688e+01
3.602501678466796875e+01
3.536053848266601562e+01
3.596869659423828125e+01
3.538107681274414062e+01
3.537032318115234375e+01
3.532567214965820312e+01
3.609161376953125000e+01
3.549223709106445312e+01
3.488018035888671875e+01
3.513719558715820312e+01
3.534167098999023438e+01
3.549414825439453125e+01
3.540057373046875000e+01
3.497487640380859375e+01
3.582487106323242188e+01
3.622143173217773438e+01
3.508715057373046875e+01
3.541971969604492188e+01
3.558820343017578125e+01
3.495259094238281250e+01
3.559758377075195312e+01
3.570309448242187500e+01
3.481875991821289062e+01
3.511782073974609375e+01
3.463575744628906250e+01
3.487009811401367188e+01
3.481669235229492188e+01
3.529347610473632812e+01
3.549512100219726562e+01
3.534989547729492188e+01
3.545267105102539062e+01
3.556212997436523438e+01
3.583036804199218750e+01
3.528634262084960938e+01
3.555470657348632812e+01
3.453624343872070312e+01
3.504906463623046875e+01
3.478308868408203125e+01
3.446159362792968750e+01
3.588498306274414062e+01
3.528574752807617188e+01
3.575370025634765625e+01
3.540785217285156250e+01
3.520370864868164062e+01
3.538998413085937500e+01
3.563322830200195312e+01
3.595395278930664062e+01
3.528868865966796875e+01
3.493504333496093750e+01
3.475869369506835938e+01
3.580319595336914062e+01
3.574943923950195312e+01
3.552082443237304688e+01
3.443648910522460938e+01
3.593819427490234375e+01
3.481116867065429688e+01
3.404406356811523438e+01
3.574971389770507812e+01
3.497686767578125000e+01
3.501809310913085938e+01
3.482009506225585938e+01
3.606880187988281250e+01
3.571039199829101562e+01
3.521747207641601562e+01
3.633471679687500000e+01
3.437896347045898438e+01
3.450833892822265625e+01
3.504753494262695312e+01
3.549207305908203125e+01
3.564957427978515625e+01
3.539423751831054688e+01
3.567836380004882812e+01
3.461838150024414062e+01
3.550153350830078125e+01
3.527079391479492188e+01
3.568902206420898438e+01
3.580839920043945312e+01
3.500288772583007812e+01
3.486043930053710938e+01
3.560065841674804688e+01
3.550700378417968750e+01
3.490627670288085938e+01
3.550769424438476562e+01
3.558334350585937500e+01
3.554592132568359375e+01
3.424591827392578125e+01
3.601121520996093750e+01
3.441862487792968750e+01
3.558809280395507812e+01
3.565599441528320312e+01
3.507957839965820312e+01
3.592408752441406250e+01
3.555611419677734375e+01
3.599263381958007812e+01
3.553917312622070312e+01
3.582669830322265625e+01
3.521283721923828125e+01
3.489607238769531250e+01
3.584035110473632812e+01
3.537747573852539062e+01
3.501370620727539062e+01
3.504177093505859375e+01
3.449105834960937500e+01
3.559228515625000000e+01
3.560874176025390625e+01
3.588351821899414062e+01
3.571794891357421875e+01
3.548907089233398438e+01
3.567467498779296875e+01
3.599871444702148438e+01
3.571770477294921875e+01
3.489424514770507812e+01
3.483485412597656250e+01
3.607572937011718750e+01
3.581132507324218750e+01
3.579614257812500000e+01
3.569613265991210938e+01
3.554946136474609375e+01
3.559898757934570312e+01
3.593957901000976562e+01
3.553525924682617188e+01
3.569458770751953125e+01
3.513206100463867188e+01
3.564929199218750000e+01
3.561549377441406250e+01
3.600189208984375000e+01
3.498140335083007812e+01
3.526216888427734375e+01
3.472895050048828125e+01
3.527164459228515625e+01
3.609951019287109375e+01
3.448336029052734375e+01
3.640203857421875000e+01
3.553009033203125000e+01
3.542137145996093750e+01
3.455319595336914062e+01
3.484334564208984375e+01
3.575258255004882812e+01
3.498552322387695312e+01
3.570531463623046875e+01
3.571712493896484375e+01
3.613609695434570312e+01
3.537993621826171875e+01
3.508376312255859375e+01
3.472258377075195312e+01
3.412977218627929688e+01
3.490217590332031250e+01
3.504714965820312500e+01
3.526482009887695312e+01
3.472647476196289062e+01
3.595841217041015625e+01
3.520347213745117188e+01
3.540433883666992188e+01
3.620127868652343750e+01
3.595121383666992188e+01
3.602987289428710938e+01
3.471788787841796875e+01
3.596017456054687500e+01
3.586305618286132812e+01
3.496727371215820312e+01
3.523375320434570312e+01
3.667903137207031250e+01
3.497887039184570312e+01
3.442110824584960938e+01
3.443361282348632812e+01
3.487869262695312500e+01
3.565544128417968750e+01
3.470919036865234375e+01
3.446202087402343750e+01
3.475033950805664062e+01
3.598625946044921875e+01
3.532476806640625000e+01
3.506661605834960938e+01
3.510802459716796875e+01
3.564998626708984375e+01
3.510395050048828125e+01
3.540667343139648438e+01
3.543252563476562500e+01
3.597571182250976562e+01
3.585181427001953125e+01
3.542898941040039062e+01
3.518381118774414062e+01
3.588952636718750000e+01
3.515490722656250000e+01
3.543023300170898438e+01
3.503627014160156250e+01
3.603997039794921875e+01
3.636827850341796875e+01
3.518914413452148438e+01
3.471296691894531250e+01
3.653965377807617188e+01
3.552294921875000000e+01
3.435880661010742188e+01
3.548164367675781250e+01
3.514329910278320312e+01
3.555092620849609375e+01
3.400960159301757812e+01
3.477958679199218750e+01
3.572386932373046875e+01
