1.635272416185657978e+09
1.635272417165534019e+09
1.635272418165544987e+09
1.635272419165580988e+09
1.635272420165406942e+09
1.635272421165541887e+09
1.635272422165597916e+09
1.635272423165359974e+09
1.635272424165544033e+09
1.635272425165555000e+09
1.635272426165607929e+09
1.635272427166107893e+09
1.635272428165520906e+09
1.635272429165570021e+09
1.635272430165615082e+09
1.635272431165592909e+09
1.635272432165601969e+09
1.635272433165589094e+09
1.635272434165591955e+09
1.635272435165483952e+09
1.635272436165538073e+09
1.635272437165601015e+09
1.635272438165462971e+09
1.635272439165545940e+09
1.635272440165348053e+09
1.635272441165486097e+09
1.635272442165566921e+09
1.635272443165383101e+09
1.635272444165509939e+09
1.635272445165554047e+09
1.635272446166373968e+09
1.635272447165740013e+09
1.635272448165376902e+09
1.635272449165508032e+09
1.635272450165558100e+09
1.635272451165599108e+09
1.635272452165600061e+09
1.635272453165564060e+09
1.635272454164799929e+09
1.635272455165605068e+09
1.635272456165621996e+09
1.635272457165549040e+09
1.635272458165548086e+09
1.635272459165591002e+09
1.635272460165394068e+09
1.635272461165580034e+09
1.635272462164804935e+09
1.635272463165482044e+09
1.635272464165537119e+09
1.635272465165610075e+09
1.635272466165606022e+09
1.635272467165592909e+09
1.635272468165658951e+09
1.635272469165613890e+09
1.635272470165570021e+09
1.635272471165600061e+09
1.635272472165556908e+09
1.635272473165555954e+09
1.635272474165563107e+09
1.635272475165378094e+09
1.635272476165559053e+09
1.635272477165779114e+09
1.635272478165555000e+09
1.635272479165601969e+09
1.635272480165571928e+09
1.635272481165597916e+09
1.635272482165597916e+09
1.635272483165446043e+09
1.635272484165544987e+09
1.635272485165473938e+09
1.635272486165364981e+09
1.635272487165704966e+09
1.635272488165597916e+09
1.635272489165621996e+09
1.635272490165607929e+09
1.635272491165488005e+09
1.635272492165540934e+09
1.635272493165556908e+09
1.635272494165561914e+09
1.635272495165602922e+09
1.635272496165623903e+09
1.635272497165618896e+09
1.635272498165615082e+09
1.635272499165596008e+09
1.635272500165581942e+09
1.635272501165676117e+09
1.635272502165612936e+09
1.635272503165816069e+09
1.635272504165612936e+09
1.635272505165520906e+09
1.635272506165365934e+09
1.635272507165579081e+09
1.635272508164988995e+09
1.635272509165626049e+09
1.635272510165625095e+09
1.635272511165546894e+09
1.635272512165569067e+09
1.635272513165529966e+09
1.635272514165534019e+09
1.635272515165528059e+09
1.635272516165503979e+09
1.635272517165529013e+09
1.635272518165596008e+09
1.635272519165577888e+09
1.635272520165585995e+09
1.635272521165589094e+09
1.635272522165570974e+09
1.635272523165545940e+09
1.635272524165558100e+09
1.635272525165544987e+09
1.635272526165359020e+09
1.635272527165553093e+09
1.635272528165599108e+09
1.635272529165637970e+09
1.635272530165528059e+09
1.635272531165741920e+09
1.635272532165611982e+09
1.635272533165492058e+09
1.635272534165463924e+09
1.635272535165431023e+09
1.635272536165551901e+09
1.635272537165601015e+09
1.635272538165615082e+09
1.635272539165590048e+09
1.635272540165528059e+09
1.635272541165541887e+09
1.635272542165580988e+09
1.635272543165575981e+09
1.635272544165560961e+09
1.635272545165487051e+09
1.635272546165397882e+09
1.635272547165548086e+09
1.635272548165594101e+09
1.635272549165436983e+09
1.635272550165517092e+09
1.635272551165786982e+09
1.635272552165596008e+09
1.635272553165554047e+09
1.635272554165599108e+09
1.635272555165589094e+09
1.635272556165572882e+09
1.635272557165606976e+09
1.635272558165600061e+09
1.635272559165590048e+09
1.635272560165596962e+09
1.635272561165570021e+09
1.635272562165582895e+09
1.635272563165363073e+09
1.635272564165518045e+09
1.635272565165563107e+09
1.635272566165422916e+09
1.635272567165549040e+09
1.635272568165234089e+09
1.635272569165585041e+09
1.635272570165559053e+09
1.635272571165554047e+09
1.635272572165447950e+09
1.635272573165568113e+09
1.635272574165571928e+09
1.635272575165591955e+09
1.635272576165659904e+09
1.635272577164928913e+09
1.635272578165632963e+09
1.635272579165550947e+09
1.635272580165584087e+09
1.635272581165566921e+09
1.635272582165591955e+09
1.635272583165402889e+09
1.635272584165549994e+09
1.635272585165591002e+09
1.635272586165427923e+09
1.635272587165414095e+09
1.635272588165407896e+09
1.635272589167421103e+09
1.635272590165765047e+09
1.635272591165515900e+09
1.635272592165564060e+09
1.635272593165548086e+09
1.635272594165550947e+09
1.635272595165550947e+09
1.635272596165486097e+09
1.635272597165564060e+09
1.635272598165595055e+09
1.635272599165600061e+09
1.635272600165608883e+09
1.635272601165601969e+09
1.635272602165584087e+09
1.635272603165589094e+09
1.635272604165553093e+09
1.635272605165559053e+09
1.635272606165323973e+09
1.635272607165529966e+09
1.635272608165594101e+09
1.635272609165541887e+09
1.635272610165488958e+09
1.635272611165585995e+09
1.635272612165597916e+09
1.635272613165604115e+09
1.635272614165621042e+09
1.635272615165491104e+09
1.635272616165539026e+09
1.635272617165468931e+09
1.635272618165467024e+09
1.635272619165550947e+09
1.635272620165587902e+09
1.635272621165574074e+09
1.635272622165554047e+09
1.635272623165582895e+09
1.635272624165555954e+09
1.635272625165453911e+09
1.635272626165545940e+09
1.635272627165529013e+09
1.635272628165551901e+09
1.635272629165487051e+09
1.635272630165402889e+09
1.635272631165514946e+09
1.635272632165601969e+09
1.635272633165575027e+09
1.635272634165584087e+09
1.635272635165574074e+09
1.635272636165537119e+09
1.635272637165620089e+09
1.635272638165565014e+09
1.635272639165534973e+09
1.635272640165410995e+09
1.635272641165518045e+09
1.635272642165564060e+09
1.635272643165565968e+09
1.635272644165571928e+09
1.635272645165496111e+09
1.635272646165565014e+09
1.635272647165586948e+09
1.635272648165585995e+09
1.635272649165397882e+09
1.635272650165390015e+09
1.635272651165396929e+09
1.635272652165479898e+09
1.635272653165524006e+09
1.635272654165570021e+09
1.635272655165493011e+09
1.635272656165560961e+09
1.635272657165647030e+09
1.635272658165532112e+09
1.635272659165575027e+09
1.635272660165422916e+09
1.635272661165507078e+09
1.635272662165572882e+09
1.635272663165527105e+09
1.635272664165517092e+09
1.635272665165467024e+09
1.635272666165447950e+09
1.635272667165462017e+09
1.635272668165493011e+09
1.635272669165421963e+09
1.635272670165569067e+09
1.635272671165442944e+09
1.635272672165914059e+09
1.635272673165579081e+09
1.635272674165523052e+09
1.635272675165529966e+09
1.635272676165529013e+09
1.635272677165488958e+09
1.635272678165564060e+09
1.635272679165559053e+09
1.635272680165504932e+09
1.635272681165549040e+09
1.635272682165576935e+09
1.635272683165564060e+09
1.635272684165569067e+09
1.635272685165586948e+09
1.635272686165554047e+09
1.635272687165484905e+09
1.635272688165525913e+09
1.635272689165344954e+09
1.635272690165501118e+09
1.635272691165548086e+09
1.635272692165553093e+09
1.635272693165527105e+09
1.635272694165457010e+09
1.635272695165433884e+09
1.635272696165512085e+09
1.635272697165546894e+09
1.635272698165582895e+09
1.635272699165596962e+09
1.635272700166035891e+09
1.635272701165580988e+09
1.635272702165489912e+09
1.635272703165553093e+09
1.635272704165544987e+09
1.635272705165453911e+09
1.635272706165493965e+09
1.635272707165559053e+09
1.635272708165587902e+09
1.635272709165574074e+09
1.635272710165631056e+09
1.635272711165627003e+09
1.635272712165621042e+09
1.635272713165585041e+09
1.635272714165605068e+09
1.635272715165546894e+09
1.635272716165544033e+09
1.635272717165533066e+09
1.635272718165585995e+09
1.635272719165586948e+09
1.635272720165653944e+09
1.635272721165596008e+09
1.635272722165582895e+09
1.635272723165581942e+09
1.635272724164761066e+09
1.635272725165591002e+09
1.635272726165587902e+09
1.635272727165502071e+09
1.635272728165592909e+09
1.635272729165261984e+09
1.635272730165688038e+09
1.635272731165599108e+09
1.635272732165457964e+09
1.635272733165565014e+09
1.635272734165585995e+09
1.635272735165592909e+09
1.635272736165563107e+09
1.635272737165474892e+09
1.635272738165508032e+09
1.635272739165527105e+09
1.635272740165231943e+09
1.635272741165472031e+09
1.635272742165565014e+09
1.635272743165574074e+09
1.635272744165559053e+09
1.635272745165546894e+09
1.635272746165563107e+09
1.635272747165555000e+09
1.635272748165482044e+09
1.635272749165574074e+09
1.635272750165613890e+09
1.635272751165600061e+09
1.635272752165591002e+09
1.635272753165628910e+09
1.635272754165621042e+09
1.635272755165580988e+09
1.635272756165548086e+09
1.635272757165541887e+09
1.635272758165636063e+09
1.635272759165627956e+09
1.635272760165608883e+09
1.635272761165612936e+09
1.635272762165594101e+09
1.635272763165571928e+09
1.635272764165580034e+09
1.635272765165555954e+09
1.635272766165581942e+09
1.635272767165163994e+09
1.635272768165673971e+09
1.635272769165410042e+09
1.635272770165535927e+09
1.635272771165575981e+09
1.635272772165393114e+09
1.635272773165539980e+09
1.635272774165558100e+09
1.635272775165606022e+09
1.635272776165571928e+09
1.635272777165503025e+09
1.635272778165482998e+09
1.635272779165544987e+09
1.635272780165592909e+09
1.635272781165577888e+09
1.635272782165576935e+09
1.635272783165569067e+09
1.635272784165514946e+09
1.635272785165527105e+09
1.635272786165572882e+09
1.635272787165585995e+09
1.635272788165580988e+09
1.635272789165597916e+09
1.635272790165575981e+09
1.635272791165585995e+09
1.635272792165369987e+09
1.635272793165519953e+09
1.635272794165625095e+09
1.635272795165637016e+09
1.635272796165602922e+09
1.635272797165522099e+09
1.635272798165596962e+09
1.635272799165520906e+09
1.635272800165541887e+09
1.635272801165570021e+09
1.635272802165589094e+09
1.635272803165589094e+09
1.635272804165565014e+09
1.635272805165565968e+09
1.635272806165555954e+09
1.635272807165565968e+09
1.635272808165596962e+09
1.635272809165585041e+09
1.635272810165575027e+09
1.635272811165590048e+09
1.635272812165496111e+09
1.635272813165560961e+09
1.635272814165545940e+09
1.635272815165587902e+09
1.635272816165568113e+09
1.635272817165504932e+09
1.635272818165585995e+09
1.635272819165612936e+09
1.635272820165529966e+09
1.635272821165563107e+09
1.635272822165565014e+09
1.635272823165534019e+09
1.635272824165563107e+09
1.635272825165560007e+09
1.635272826165563107e+09
1.635272827165509939e+09
1.635272828165575981e+09
1.635272829165587902e+09
1.635272830165610075e+09
1.635272831165605068e+09
1.635272832165504932e+09
1.635272833165558100e+09
1.635272834165519953e+09
1.635272835165316105e+09
1.635272836165503979e+09
1.635272837165438890e+09
1.635272838165667057e+09
1.635272839165594101e+09
1.635272840165561914e+09
1.635272841165476084e+09
1.635272842165473938e+09
1.635272843165584087e+09
1.635272844165520906e+09
1.635272845165594101e+09
1.635272846165575027e+09
1.635272847165570021e+09
1.635272848165596008e+09
1.635272849165596008e+09
1.635272850165575027e+09
1.635272851165564060e+09
1.635272852165572882e+09
1.635272853165579081e+09
1.635272854165616989e+09
1.635272855165530920e+09
1.635272856165559053e+09
1.635272857165570974e+09
1.635272858165549994e+09
1.635272859165564060e+09
1.635272860165604115e+09
1.635272861165647984e+09
1.635272862165149927e+09
1.635272863165692091e+09
1.635272864166311979e+09
1.635272865165611029e+09
1.635272866165592909e+09
1.635272867165489912e+09
1.635272868165472984e+09
1.635272869165458918e+09
1.635272870165553093e+09
1.635272871165586948e+09
1.635272872165596008e+09
1.635272873165584087e+09
1.635272874165587902e+09
1.635272875165349007e+09
1.635272876165489912e+09
1.635272877165529966e+09
1.635272878165376902e+09
1.635272879165509939e+09
1.635272880165553093e+09
1.635272881166570902e+09
1.635272882165671110e+09
1.635272883165606022e+09
1.635272884165590048e+09
1.635272885165616035e+09
1.635272886165592909e+09
1.635272887165489912e+09
1.635272888165596962e+09
1.635272889165613890e+09
1.635272890165471077e+09
1.635272891165532112e+09
1.635272892165584087e+09
1.635272893165565968e+09
1.635272894165577888e+09
1.635272895165591002e+09
1.635272896165498972e+09
1.635272897165705919e+09
1.635272898165338039e+09
1.635272899165034056e+09
1.635272900165565014e+09
1.635272901165442944e+09
1.635272902165514946e+09
1.635272903165555000e+09
1.635272904165569067e+09
1.635272905165469885e+09
1.635272906165492058e+09
1.635272907165559053e+09
1.635272908165584087e+09
1.635272909165625095e+09
1.635272910165555954e+09
1.635272911165576935e+09
1.635272912165540934e+09
1.635272913165544033e+09
1.635272914165539026e+09
1.635272915165574074e+09
1.635272916165534019e+09
1.635272917165462971e+09
1.635272918165360928e+09
1.635272919165523052e+09
1.635272920165565014e+09
1.635272921165435076e+09
1.635272922165539026e+09
1.635272923165585041e+09
1.635272924165541887e+09
1.635272925165657043e+09
1.635272926165569067e+09
1.635272927165431976e+09
1.635272928164990902e+09
1.635272929165553093e+09
1.635272930165558100e+09
1.635272931165565968e+09
1.635272932165576935e+09
1.635272933165585041e+09
1.635272934165581942e+09
1.635272935165427923e+09
1.635272936165545940e+09
1.635272937165481091e+09
1.635272938165306091e+09
1.635272939165498018e+09
1.635272940165555000e+09
1.635272941165627956e+09
1.635272942165572882e+09
1.635272943165569067e+09
1.635272944165556908e+09
1.635272945165539980e+09
1.635272946165575027e+09
1.635272947165476084e+09
1.635272948165610075e+09
1.635272949165600061e+09
1.635272950165596008e+09
1.635272951165604115e+09
1.635272952165594101e+09
1.635272953165484905e+09
1.635272954164978981e+09
1.635272955165638924e+09
1.635272956165560007e+09
1.635272957165580988e+09
1.635272958165349007e+09
1.635272959165503979e+09
1.635272960165576935e+09
1.635272961165671110e+09
1.635272962165563107e+09
1.635272963165555000e+09
1.635272964165539980e+09
1.635272965165560961e+09
1.635272966165549040e+09
1.635272967165515900e+09
1.635272968165584087e+09
1.635272969165569067e+09
1.635272970165555954e+09
1.635272971165577888e+09
1.635272972165545940e+09
1.635272973165558100e+09
1.635272974165453911e+09
1.635272975165441990e+09
1.635272976165538073e+09
1.635272977165430069e+09
1.635272978165366888e+09
1.635272979165518999e+09
1.635272980165699959e+09
1.635272981165465117e+09
1.635272982165539026e+09
1.635272983165523052e+09
1.635272984165558100e+09
1.635272985165570974e+09
1.635272986165545940e+09
1.635272987165523052e+09
1.635272988165482044e+09
1.635272989165451050e+09
1.635272990165519953e+09
1.635272991165544033e+09
1.635272992165596008e+09
1.635272993165534019e+09
1.635272994165545940e+09
1.635272995165544033e+09
1.635272996165537119e+09
1.635272997165496111e+09
1.635272998165359020e+09
1.635272999165519953e+09
1.635273000165592909e+09
1.635273001165412903e+09
1.635273002165507078e+09
1.635273003165556908e+09
1.635273004165577888e+09
1.635273005165548086e+09
1.635273006165554047e+09
1.635273007165487051e+09
1.635273008165596008e+09
1.635273009165493011e+09
1.635273010165566921e+09
1.635273011165546894e+09
1.635273012165551901e+09
1.635273013165549994e+09
1.635273014165590048e+09
1.635273015165874004e+09
1.635273016165556908e+09
1.635273017165433884e+09
1.635273110165607929e+09
1.635273111165714979e+09
1.635273112165714979e+09
1.635273113165714025e+09
1.635273114165601015e+09
1.635273115165647984e+09
1.635273116165709972e+09
1.635273117165702105e+09
1.635273118165607929e+09
1.635273119166234970e+09
1.635273120165715933e+09
1.635273121165646076e+09
1.635273122165709972e+09
1.635273123165630102e+09
1.635273124165718079e+09
1.635273125165703058e+09
1.635273126165698051e+09
1.635273127165625095e+09
1.635273128165715933e+09
1.635273129165712118e+09
1.635273130165565968e+09
1.635273131165713072e+09
1.635273132165713072e+09
1.635273133165615082e+09
1.635273134165704966e+09
1.635273135165690899e+09
1.635273136165695906e+09
1.635273137165716887e+09
1.635273138165714025e+09
1.635273139165715933e+09
1.635273140165716887e+09
1.635273141165744066e+09
1.635273142165643930e+09
1.635273143165712118e+09
1.635273144165707111e+09
1.635273145165716887e+09
1.635273146165713072e+09
1.635273147165715933e+09
1.635273148165709019e+09
1.635273149165709972e+09
1.635273150165657043e+09
1.635273151165707111e+09
1.635273152165699005e+09
1.635273153165558100e+09
1.635273154165704966e+09
1.635273155165812969e+09
1.635273156165726900e+09
1.635273157165708065e+09
1.635273158165705919e+09
1.635273159165709019e+09
1.635273160165708065e+09
1.635273161165591002e+09
1.635273162165708065e+09
1.635273163165646076e+09
1.635273164165728092e+09
1.635273165165719032e+09
1.635273166165713072e+09
1.635273167165719986e+09
1.635273168165713072e+09
1.635273169165693998e+09
1.635273170165728092e+09
1.635273171165622950e+09
1.635273172165646076e+09
1.635273173165560961e+09
1.635273174165712118e+09
1.635273175165596962e+09
1.635273176165667057e+09
1.635273177165709972e+09
1.635273178165718079e+09
1.635273179165652037e+09
1.635273180165699005e+09
1.635273181165718079e+09
1.635273182165709019e+09
1.635273183165720940e+09
1.635273184165653944e+09
1.635273185165718079e+09
1.635273186165599108e+09
1.635273187165716887e+09
1.635273188165709972e+09
1.635273189165713072e+09
1.635273190165692091e+09
1.635273191165951014e+09
1.635273192165715933e+09
1.635273193165585995e+09
1.635273194165705919e+09
1.635273195165695906e+09
1.635273196165611029e+09
1.635273197165704012e+09
1.635273198165709972e+09
1.635273199165704012e+09
1.635273200165713072e+09
1.635273201165702105e+09
1.635273202165704966e+09
1.635273203165705919e+09
1.635273204165709972e+09
1.635273205165703058e+09
1.635273206165712118e+09
1.635273207165710926e+09
1.635273208165708065e+09
1.635273209165703058e+09
1.635273210165709972e+09
1.635273211165704966e+09
1.635273212165689945e+09
1.635273213165560961e+09
1.635273214165703058e+09
1.635273215165699005e+09
1.635273216165563107e+09
1.635273217165709972e+09
1.635273218165708065e+09
1.635273219165606976e+09
1.635273220165709972e+09
1.635273221165710926e+09
1.635273222165704012e+09
1.635273223165709019e+09
1.635273224165709972e+09
1.635273225165644884e+09
1.635273226165709972e+09
1.635273227165712118e+09
1.635273228165712118e+09
1.635273229165719986e+09
1.635273230165716887e+09
1.635273231165697098e+09
1.635273232165712118e+09
1.635273233165714025e+09
1.635273234165712118e+09
1.635273235165592909e+09
1.635273236165621042e+09
1.635273237165710926e+09
1.635273238165709972e+09
1.635273239165633917e+09
1.635273240165713072e+09
1.635273241165697098e+09
1.635273242165708065e+09
1.635273243165705919e+09
1.635273244165708065e+09
1.635273245165709019e+09
1.635273246165712118e+09
1.635273247165664911e+09
1.635273248165713072e+09
1.635273249165719032e+09
1.635273250165714025e+09
1.635273251165607929e+09
1.635273252165718079e+09
1.635273253165715933e+09
1.635273254165708065e+09
1.635273255165739059e+09
1.635273256165535927e+09
1.635273257165704966e+09
1.635273258165724039e+09
1.635273259165626049e+09
1.635273260165710926e+09
1.635273261165642977e+09
1.635273262165708065e+09
1.635273263165707111e+09
1.635273264165700912e+09
1.635273265165664911e+09
1.635273266165697098e+09
1.635273267165708065e+09
1.635273268165724993e+09
1.635273269165710926e+09
1.635273270165715933e+09
1.635273271165716887e+09
1.635273272165712118e+09
1.635273273165780067e+09
1.635273274165693045e+09
1.635273275165710926e+09
1.635273276165646076e+09
1.635273277165704012e+09
1.635273278165718079e+09
1.635273279165570974e+09
1.635273280165712118e+09
1.635273281165756941e+09
1.635273282165555000e+09
1.635273283165713072e+09
1.635273284165617943e+09
1.635273285165716887e+09
1.635273286165600061e+09
1.635273287165723085e+09
1.635273288165599108e+09
1.635273289165714025e+09
1.635273290165719032e+09
1.635273291165653944e+09
1.635273292165716887e+09
1.635273293165720940e+09
1.635273294165688992e+09
1.635273295165718079e+09
1.635273296165610075e+09
1.635273297165595055e+09
1.635273298165714979e+09
1.635273299165568113e+09
1.635273300165709972e+09
1.635273301165719986e+09
1.635273302165640116e+09
1.635273303165707111e+09
1.635273304165710926e+09
1.635273305165720940e+09
1.635273306165719032e+09
1.635273307165712118e+09
1.635273308165712118e+09
1.635273309165716887e+09
1.635273310165647984e+09
1.635273311165714979e+09
1.635273312165718079e+09
1.635273313165594101e+09
1.635273314165702105e+09
1.635273315165714025e+09
1.635273316165709972e+09
1.635273317165697098e+09
1.635273318165715933e+09
1.635273319165559053e+09
1.635273320165714025e+09
1.635273321165707111e+09
1.635273322165606022e+09
1.635273323165710926e+09
1.635273324165708065e+09
1.635273325165605068e+09
1.635273326165707111e+09
1.635273327165689945e+09
1.635273328165715933e+09
1.635273329165719032e+09
1.635273330165712118e+09
1.635273331165596008e+09
1.635273332165712118e+09
1.635273333165599108e+09
1.635273334165595055e+09
1.635273335165720940e+09
1.635273336165710926e+09
1.635273337165688038e+09
1.635273338165693045e+09
1.635273339165713072e+09
1.635273340165714979e+09
1.635273341165611029e+09
1.635273342165570021e+09
1.635273343165644884e+09
1.635273344165707111e+09
1.635273345165571928e+09
1.635273346165702105e+09
1.635273347165702105e+09
1.635273348165718079e+09
1.635273349165709019e+09
1.635273350165713072e+09
1.635273351165710926e+09
1.635273352165585995e+09
1.635273353165704012e+09
1.635273354165689945e+09
1.635273355165692091e+09
1.635273356165703058e+09
1.635273357165707111e+09
1.635273358165710926e+09
1.635273359165647030e+09
1.635273360165719986e+09
1.635273361165623903e+09
1.635273362165707111e+09
1.635273363165708065e+09
1.635273364165714025e+09
1.635273365165601969e+09
1.635273366165703058e+09
1.635273367165714025e+09
1.635273368165725946e+09
1.635273369165702105e+09
1.635273370165708065e+09
1.635273371165606022e+09
1.635273372165702105e+09
1.635273373165636063e+09
1.635273374165697098e+09
1.635273375165704966e+09
1.635273376165709019e+09
1.635273377165700912e+09
1.635273378165855885e+09
1.635273379165719032e+09
1.635273380165719986e+09
1.635273381165704966e+09
1.635273382165663004e+09
1.635273383165710926e+09
1.635273384165662050e+09
1.635273385165560007e+09
1.635273386165704012e+09
1.635273387165704012e+09
1.635273388165638924e+09
1.635273389165707111e+09
1.635273390165606022e+09
1.635273391165630102e+09
1.635273392165761948e+09
1.635273393165599108e+09
1.635273394165647984e+09
1.635273395165716887e+09
1.635273396165705919e+09
1.635273397165707111e+09
1.635273398165709019e+09
1.635273399165709019e+09
1.635273400165687084e+09
1.635273401165618896e+09
1.635273402165720940e+09
1.635273403165712118e+09
1.635273404165599108e+09
1.635273405165532112e+09
1.635273406165704012e+09
1.635273407165680885e+09
1.635273408165606022e+09
1.635273409165705919e+09
1.635273410165709972e+09
1.635273411165607929e+09
1.635273412165600061e+09
1.635273413165709972e+09
1.635273414165707111e+09
1.635273415165597916e+09
1.635273416165708065e+09
1.635273417165709019e+09
1.635273418165714025e+09
1.635273419165710926e+09
1.635273420165704012e+09
1.635273421165713072e+09
1.635273422165640116e+09
1.635273423165798903e+09
1.635273424165704966e+09
1.635273425165597916e+09
1.635273426165723085e+09
1.635273427165715933e+09
1.635273428165537119e+09
1.635273429165703058e+09
1.635273430165704966e+09
1.635273431165617943e+09
1.635273432165707111e+09
1.635273433165591955e+09
1.635273434165714979e+09
1.635273435165652990e+09
1.635273436165715933e+09
1.635273437165704966e+09
1.635273438165620089e+09
1.635273439165607929e+09
1.635273440165715933e+09
1.635273441165618896e+09
1.635273442165698051e+09
1.635273443165627956e+09
1.635273444165705919e+09
1.635273445165606976e+09
1.635273446165704012e+09
1.635273447165700912e+09
1.635273448166081905e+09
1.635273449165920973e+09
1.635273450165705919e+09
1.635273451165714979e+09
1.635273452165677071e+09
1.635273453165596008e+09
1.635273454165630102e+09
1.635273455165661097e+09
1.635273456165704012e+09
1.635273457165699959e+09
1.635273458165591002e+09
1.635273459165699959e+09
1.635273460165708065e+09
1.635273461165708065e+09
1.635273462165702105e+09
1.635273463165708065e+09
1.635273464165692091e+09
1.635273465165553093e+09
1.635273466165713072e+09
1.635273467165714025e+09
1.635273468165710926e+09
1.635273469165704012e+09
1.635273470165707111e+09
1.635273471165555954e+09
1.635273472165709972e+09
1.635273473165712118e+09
1.635273474165713072e+09
1.635273475165713072e+09
1.635273476165710926e+09
1.635273477165707111e+09
1.635273478165715933e+09
1.635273479165709019e+09
1.635273480165730953e+09
1.635273481165728092e+09
1.635273482165718079e+09
1.635273483165693045e+09
1.635273484165712118e+09
1.635273485165548086e+09
1.635273486165714025e+09
1.635273487165714979e+09
1.635273488165712118e+09
1.635273489165716887e+09
1.635273490165690899e+09
1.635273491165618896e+09
1.635273492165709972e+09
1.635273493165718079e+09
1.635273494165533066e+09
1.635273495165654898e+09
1.635273496165600061e+09
1.635273497165558100e+09
1.635273498165725946e+09
1.635273499165716887e+09
1.635273500165709972e+09
1.635273501165714979e+09
1.635273502165709019e+09
1.635273503165703058e+09
1.635273504165704012e+09
1.635273505165618896e+09
1.635273506165649891e+09
1.635273507165697098e+09
1.635273508165641069e+09
1.635273509165705919e+09
1.635273510165709019e+09
1.635273511165708065e+09
1.635273512165705919e+09
1.635273513165704966e+09
1.635273514165566921e+09
1.635273515165704012e+09
1.635273516165709019e+09
1.635273517165565968e+09
1.635273518165687084e+09
1.635273519165703058e+09
1.635273520165641069e+09
1.635273521165704966e+09
1.635273522165712118e+09
1.635273523165705919e+09
1.635273524165700912e+09
1.635273525165713072e+09
1.635273526165807962e+09
1.635273527165704966e+09
1.635273528165704966e+09
1.635273529165708065e+09
1.635273530165714025e+09
1.635273531165785074e+09
1.635273532165705919e+09
1.635273533165705919e+09
1.635273534165565968e+09
1.635273535165703058e+09
1.635273536165693998e+09
1.635273537165548086e+09
1.635273538165694952e+09
1.635273539165709972e+09
1.635273540165659904e+09
1.635273541165602922e+09
1.635273542165601015e+09
1.635273543165601969e+09
1.635273544165595055e+09
1.635273545165601015e+09
1.635273546165715933e+09
1.635273547165683985e+09
1.635273548165646076e+09
1.635273549165708065e+09
1.635273550165713072e+09
1.635273551165608883e+09
1.635273552165709019e+09
1.635273553165710926e+09
1.635273554165714025e+09
1.635273555165601015e+09
1.635273556165709972e+09
1.635273557165532112e+09
1.635273558165708065e+09
1.635273559165714979e+09
1.635273560165607929e+09
1.635273561165710926e+09
1.635273562165712118e+09
1.635273563165693045e+09
1.635273564165709019e+09
1.635273565165843010e+09
1.635273566165707111e+09
1.635273567165705919e+09
1.635273568165699959e+09
1.635273569165643930e+09
1.635273570165707111e+09
1.635273571165707111e+09
1.635273572165708065e+09
1.635273573165806055e+09
1.635273574165703058e+09
1.635273575165632963e+09
1.635273576165724993e+09
1.635273577165533066e+09
1.635273578165704966e+09
1.635273579165702105e+09
1.635273580165564060e+09
1.635273581165707111e+09
1.635273582165683031e+09
1.635273583165672064e+09
1.635273584165703058e+09
1.635273585165702105e+09
1.635273586165710926e+09
1.635273587165700912e+09
1.635273588165710926e+09
1.635273589165616989e+09
1.635273590165712118e+09
1.635273591166205883e+09
1.635273592165699005e+09
1.635273593165704012e+09
1.635273594165709972e+09
1.635273595165713072e+09
1.635273596165822029e+09
1.635273597165710926e+09
1.635273598165700912e+09
1.635273599165705919e+09
1.635273600165539980e+09
1.635273601165687084e+09
1.635273602165602922e+09
1.635273603165607929e+09
1.635273604165707111e+09
1.635273605165709972e+09
1.635273606165712118e+09
1.635273607165704966e+09
1.635273608165714979e+09
1.635273609165709019e+09
1.635273610165724993e+09
1.635273611165646076e+09
1.635273612165710926e+09
1.635273613165713072e+09
1.635273614165715933e+09
1.635273615165709972e+09
1.635273616165718079e+09
1.635273617165600061e+09
1.635273618165647030e+09
1.635273619165707111e+09
1.635273620165570974e+09
1.635273621165699005e+09
1.635273622165704966e+09
1.635273623165564060e+09
1.635273624165703058e+09
1.635273625165719032e+09
1.635273626165676117e+09
1.635273627165617943e+09
1.635273628165731907e+09
1.635273629165589094e+09
1.635273630165690899e+09
1.635273631165683031e+09
1.635273632165726900e+09
1.635273633165702105e+09
1.635273634165708065e+09
1.635273635165707111e+09
1.635273636165704966e+09
1.635273637165441990e+09
1.635273638165688038e+09
1.635273639165704012e+09
1.635273640165707111e+09
1.635273641165708065e+09
1.635273642165709019e+09
1.635273643165560961e+09
1.635273644165705919e+09
1.635273645165723085e+09
1.635273646165569067e+09
1.635273647165640116e+09
1.635273648165698051e+09
1.635273649165699005e+09
1.635273650165705919e+09
1.635273651165707111e+09
1.635273652165631056e+09
1.635273653165714025e+09
1.635273654165707111e+09
1.635273655165705919e+09
1.635273656165725946e+09
1.635273657165707111e+09
1.635273658165697098e+09
1.635273659165595055e+09
1.635273660165709019e+09
1.635273661165642977e+09
1.635273662165718079e+09
1.635273663165646076e+09
1.635273664165705919e+09
1.635273665165606976e+09
1.635273666165535927e+09
1.635273667165712118e+09
1.635273668165644884e+09
1.635273669165740967e+09
1.635273670165710926e+09
1.635273671165613890e+09
1.635273672165771961e+09
1.635273673165617943e+09
1.635273674165641069e+09
1.635273675165632963e+09
1.635273676165714025e+09
1.635273677165708065e+09
1.635273678165710926e+09
1.635273679165703058e+09
1.635273680165710926e+09
1.635273681165704012e+09
1.635273682165702105e+09
1.635273683165709972e+09
1.635273684165708065e+09
1.635273685165617943e+09
1.635273686165563107e+09
1.635273687165710926e+09
1.635273688165710926e+09
1.635273689165716887e+09
1.635273690165714025e+09
1.635273691165715933e+09
1.635273692165610075e+09
1.635273693165606976e+09
1.635273694165611982e+09
1.635273695165714025e+09
1.635273696165708065e+09
1.635273697165724039e+09
1.635273698165586948e+09
1.635273699165590048e+09
1.635273700165687084e+09
1.635273701165714979e+09
1.635273702165712118e+09
1.635273703165710926e+09
1.635273704165595055e+09
1.635273705165597916e+09
1.635273706165594101e+09
1.635273707165685892e+09
1.635273708165597916e+09
1.635273709165555000e+09
1.635273802165566921e+09
1.635273803165616035e+09
1.635273804165652990e+09
1.635273805165652037e+09
1.635273806165685892e+09
1.635273807165610075e+09
1.635273808165688038e+09
1.635273809165538073e+09
1.635273810165618896e+09
1.635273811165682077e+09
1.635273812165586948e+09
1.635273813165671110e+09
1.635273814165579081e+09
1.635273815165572882e+09
1.635273816165587902e+09
1.635273817165571928e+09
1.635273818165663958e+09
1.635273819165688038e+09
1.635273820165628910e+09
1.635273821165618896e+09
1.635273822165679932e+09
1.635273823165608883e+09
1.635273824165676117e+09
1.635273825165596962e+09
1.635273826165636063e+09
1.635273827165581942e+09
1.635273828165596962e+09
1.635273829165491104e+09
1.635273830165570021e+09
1.635273831165678024e+09
1.635273832165625095e+09
1.635273833165682077e+09
1.635273834165556908e+09
1.635273835165505886e+09
1.635273836165585041e+09
1.635273837165575027e+09
1.635273838165679932e+09
1.635273839165604115e+09
1.635273840165553093e+09
1.635273841165676117e+09
1.635273842165679932e+09
1.635273843165687084e+09
1.635273844165678978e+09
1.635273845165574074e+09
1.635273846165581942e+09
1.635273847165568113e+09
1.635273848165666103e+09
1.635273849165529966e+09
1.635273850165674925e+09
1.635273851165559053e+09
1.635273852165568113e+09
1.635273853165571928e+09
1.635273854165581942e+09
1.635273855165637970e+09
1.635273856165566921e+09
1.635273857165606976e+09
1.635273858165682077e+09
1.635273859165687084e+09
1.635273860165673018e+09
1.635273861165685892e+09
1.635273862165677071e+09
1.635273863165585041e+09
1.635273864165590048e+09
1.635273865165570021e+09
1.635273866165983915e+09
1.635273867165604115e+09
1.635273868165591955e+09
1.635273869165602922e+09
1.635273870165617943e+09
1.635273871165586948e+09
1.635273872165612936e+09
1.635273873165667057e+09
1.635273874165579081e+09
1.635273875165626049e+09
1.635273876165586948e+09
1.635273877165684938e+09
1.635273878165585041e+09
1.635273879165682077e+09
1.635273880165688038e+09
1.635273881165560007e+09
1.635273882165677071e+09
1.635273883165612936e+09
1.635273884165599108e+09
1.635273885165673018e+09
1.635273886165564060e+09
1.635273887165607929e+09
1.635273888165630102e+09
1.635273889165595055e+09
1.635273890165680885e+09
1.635273891165615082e+09
1.635273892165668964e+09
1.635273893165595055e+09
1.635273894165587902e+09
1.635273895165687084e+09
1.635273896165684938e+09
1.635273897165571928e+09
1.635273898165702105e+09
1.635273899165570021e+09
1.635273900165685892e+09
1.635273901165680885e+09
1.635273902165680885e+09
1.635273903165566921e+09
1.635273904165584087e+09
1.635273905165692091e+09
1.635273906165683031e+09
1.635273907165612936e+09
1.635273908165669918e+09
1.635273909165678024e+09
1.635273910165679932e+09
1.635273911165697098e+09
1.635273912165621042e+09
1.635273913165678024e+09
1.635273914165673971e+09
1.635273915165678024e+09
1.635273916165564060e+09
1.635273917165577888e+09
1.635273918165570021e+09
1.635273919165607929e+09
1.635273920165591955e+09
1.635273921165632963e+09
1.635273922165689945e+09
1.635273923165395975e+09
1.635273924165657997e+09
1.635273925165569067e+09
1.635273926165571928e+09
1.635273927165623903e+09
1.635273928165683985e+09
1.635273929165674925e+09
1.635273930165565968e+09
1.635273931165666103e+09
1.635273932165688992e+09
1.635273933165684938e+09
1.635273934165709972e+09
1.635273935165688038e+09
1.635273936165685892e+09
1.635273937165613890e+09
1.635273938165565968e+09
1.635273939165743113e+09
1.635273940165410995e+09
1.635273941165688992e+09
1.635273942165679932e+09
1.635273943165564060e+09
1.635273944165571928e+09
1.635273945165575027e+09
1.635273946165553093e+09
1.635273947165546894e+09
1.635273948165683031e+09
1.635273949165685892e+09
1.635273950165678978e+09
1.635273951165680885e+09
1.635273952165693045e+09
1.635273953165592909e+09
1.635273954165575981e+09
1.635273955165572882e+09
1.635273956165678024e+09
1.635273957165591002e+09
1.635273958165535927e+09
1.635273959165682077e+09
1.635273960165572882e+09
1.635273961165608883e+09
1.635273962165683985e+09
1.635273963165592909e+09
1.635273964165595055e+09
1.635273965165683985e+09
1.635273966165565014e+09
1.635273967165566921e+09
1.635273968165620089e+09
1.635273969165684938e+09
1.635273970165571928e+09
1.635273971165687084e+09
1.635273972165689945e+09
1.635273973165683985e+09
1.635273974165600061e+09
1.635273975165618896e+09
1.635273976165678024e+09
1.635273977165595055e+09
1.635273978165530920e+09
1.635273979165687084e+09
1.635273980165568113e+09
1.635273981165616989e+09
1.635273982165683031e+09
1.635273983165684938e+09
1.635273984165673971e+09
1.635273985165680885e+09
1.635273986165683985e+09
1.635273987165679932e+09
1.635273988165678978e+09
1.635273989165618896e+09
1.635273990165663958e+09
1.635273991165687084e+09
1.635273992165683985e+09
1.635273993165678978e+09
1.635273994165682077e+09
1.635273995165666103e+09
1.635273996165607929e+09
1.635273997165574074e+09
1.635273998165563107e+09
1.635273999165597916e+09
1.635274000165688038e+09
1.635274001165512085e+09
1.635274002165676117e+09
1.635274003165684938e+09
1.635274004165608883e+09
1.635274005165581942e+09
1.635274006165657043e+09
1.635274007165580988e+09
1.635274008165584087e+09
1.635274009165658951e+09
1.635274010165771961e+09
1.635274011165647984e+09
1.635274012165679932e+09
1.635274013165683985e+09
1.635274014165575981e+09
1.635274015165584087e+09
1.635274016165579081e+09
1.635274017165589094e+09
1.635274018165575981e+09
1.635274019165682077e+09
1.635274020165565968e+09
1.635274021165534019e+09
1.635274022165683031e+09
1.635274023165677071e+09
1.635274024165697098e+09
1.635274025165559053e+09
1.635274026165571928e+09
1.635274027165688038e+09
1.635274028165694952e+09
1.635274029165680885e+09
1.635274030165680885e+09
1.635274031165679932e+09
1.635274032165643930e+09
1.635274033165591002e+09
1.635274034165601969e+09
1.635274035165692091e+09
1.635274036165793896e+09
1.635274037165569067e+09
1.635274038165683031e+09
1.635274039165699005e+09
1.635274040165678978e+09
1.635274041165610075e+09
1.635274042165684938e+09
1.635274043165684938e+09
1.635274044165508032e+09
1.635274045165615082e+09
1.635274046165676117e+09
1.635274047165551901e+09
1.635274048165674925e+09
1.635274049165594101e+09
1.635274050165575027e+09
1.635274051165585041e+09
1.635274052165647030e+09
1.635274053165644884e+09
1.635274054165586948e+09
1.635274055165616035e+09
1.635274056165585041e+09
1.635274057165626049e+09
1.635274058165683031e+09
1.635274059165667057e+09
1.635274060165646076e+09
1.635274061165572882e+09
1.635274062165678978e+09
1.635274063165631056e+09
1.635274064165539026e+09
1.635274065165676117e+09
1.635274066166102886e+09
1.635274067165494919e+09
1.635274068165684938e+09
1.635274069165622950e+09
1.635274070165676117e+09
1.635274071165678024e+09
1.635274072165672064e+09
1.635274073165564060e+09
1.635274074165575981e+09
1.635274075165581942e+09
1.635274076165584087e+09
1.635274077165587902e+09
1.635274078165608883e+09
1.635274079165680885e+09
1.635274080165683031e+09
1.635274081165673018e+09
1.635274082165680885e+09
1.635274083165616035e+09
1.635274084165544987e+09
1.635274085165636063e+09
1.635274086165668964e+09
1.635274087165568113e+09
1.635274088165672064e+09
1.635274089165606976e+09
1.635274090165656090e+09
1.635274091165621996e+09
1.635274092165656090e+09
1.635274093165680885e+09
1.635274094165561914e+09
1.635274095165561914e+09
1.635274096165679932e+09
1.635274097165608883e+09
1.635274098165767908e+09
1.635274099165663958e+09
1.635274100165709019e+09
1.635274101165560007e+09
1.635274102165797949e+09
1.635274103165684938e+09
1.635274104165568113e+09
1.635274105165698051e+09
1.635274106165685892e+09
1.635274107165471077e+09
1.635274108165674925e+09
1.635274109165682077e+09
1.635274110165584087e+09
1.635274111165579081e+09
1.635274112165676117e+09
1.635274113165600061e+09
1.635274114165826082e+09
1.635274115165688992e+09
1.635274116165874958e+09
1.635274117165584087e+09
1.635274118165572882e+09
1.635274119165822983e+09
1.635274120165575981e+09
1.635274121165580988e+09
1.635274122165677071e+09
1.635274123165596008e+09
1.635274124165546894e+09
1.635274125165604115e+09
1.635274126165940046e+09
1.635274127165509939e+09
1.635274128165649891e+09
1.635274129165683031e+09
1.635274130165596962e+09
1.635274131165604115e+09
1.635274132165903091e+09
1.635274133165728092e+09
1.635274134165580988e+09
1.635274135165644884e+09
1.635274136165931940e+09
1.635274137165657997e+09
1.635274138165676117e+09
1.635274139165577888e+09
1.635274140165689945e+09
1.635274141165864944e+09
1.635274142165676117e+09
1.635274143165676117e+09
1.635274144165544033e+09
1.635274145165668011e+09
1.635274146165703058e+09
1.635274147165519953e+09
1.635274148165678024e+09
1.635274149165672064e+09
1.635274150165529013e+09
1.635274151165677071e+09
1.635274152165672064e+09
1.635274153165621042e+09
1.635274154165676117e+09
1.635274155165571928e+09
1.635274156165680885e+09
1.635274157165627003e+09
1.635274158165596008e+09
1.635274159165682077e+09
1.635274160165678978e+09
1.635274161165676117e+09
1.635274162165961027e+09
1.635274163165570021e+09
1.635274164165673971e+09
1.635274165165575027e+09
1.635274166165676117e+09
1.635274167165545940e+09
1.635274168165671110e+09
1.635274169165582895e+09
1.635274170165564060e+09
1.635274171165676117e+09
1.635274172165704966e+09
1.635274173165616035e+09
1.635274174165582895e+09
1.635274175165538073e+09
1.635274176165653944e+09
1.635274177165712118e+09
1.635274178165679932e+09
1.635274179165673971e+09
1.635274180165678978e+09
1.635274181165684938e+09
1.635274182165640116e+09
1.635274183165616035e+09
1.635274184165703058e+09
1.635274185165498972e+09
1.635274186165705919e+09
1.635274187165695906e+09
1.635274188165684938e+09
1.635274189165682077e+09
1.635274190165587902e+09
1.635274191165560961e+09
1.635274192165950060e+09
1.635274193165566921e+09
1.635274194165668964e+09
1.635274195165638924e+09
1.635274196165621042e+09
1.635274197165913105e+09
1.635274198165575981e+09
1.635274199165673018e+09
1.635274200165597916e+09
1.635274201165534973e+09
1.635274202165680885e+09
1.635274203165592909e+09
1.635274204165566921e+09
1.635274205165680885e+09
1.635274206165585041e+09
1.635274207165564060e+09
1.635274208165669918e+09
1.635274209165585995e+09
1.635274210165518999e+09
1.635274211165689945e+09
1.635274212165680885e+09
1.635274213165522099e+09
1.635274214165710926e+09
1.635274215165683031e+09
1.635274216165657043e+09
1.635274217165676117e+09
1.635274218165617943e+09
1.635274219165569067e+09
1.635274220165569067e+09
1.635274221165612936e+09
1.635274222165704012e+09
1.635274223165683985e+09
1.635274224165570021e+09
1.635274225165642977e+09
1.635274226165569067e+09
1.635274227165690899e+09
1.635274228165606022e+09
1.635274229165682077e+09
1.635274230165674925e+09
1.635274231165685892e+09
1.635274232165683031e+09
1.635274233165535927e+09
1.635274234165672064e+09
1.635274235165710926e+09
1.635274236165776014e+09
1.635274237165698051e+09
1.635274238165666103e+09
1.635274239165631056e+09
1.635274240165580988e+09
1.635274241165630102e+09
1.635274242165674925e+09
1.635274243165680885e+09
1.635274244165572882e+09
1.635274245165565014e+09
1.635274246165612936e+09
1.635274247165582895e+09
1.635274248165676117e+09
1.635274249165576935e+09
1.635274250165565968e+09
1.635274251165651083e+09
1.635274252165608883e+09
1.635274253165611029e+09
1.635274254165572882e+09
1.635274255165575981e+09
1.635274256165530920e+09
1.635274257165685892e+09
1.635274258165734053e+09
1.635274259165523052e+09
1.635274260165687084e+09
1.635274261165683985e+09
1.635274262165653944e+09
1.635274263165676117e+09
1.635274264165606976e+09
1.635274265165810108e+09
1.635274266165659904e+09
1.635274267165556908e+09
1.635274268165663004e+09
1.635274269165679932e+09
1.635274270165668011e+09
1.635274271165630102e+09
1.635274272165663958e+09
1.635274273165556908e+09
1.635274274165666103e+09
1.635274275165582895e+09
1.635274276165499926e+09
1.635274277165647030e+09
1.635274278165661097e+09
1.635274279165608883e+09
1.635274280165635109e+09
1.635274281165596008e+09
1.635274282165676117e+09
1.635274283165683031e+09
1.635274284165571928e+09
1.635274285165575027e+09
1.635274286165672064e+09
1.635274287165677071e+09
1.635274288165684938e+09
1.635274289165674925e+09
1.635274290165620089e+09
1.635274291165678024e+09
1.635274292166449070e+09
1.635274293165587902e+09
1.635274294165591002e+09
1.635274295165685892e+09
1.635274296165528059e+09
1.635274297165668011e+09
1.635274298165580988e+09
1.635274299165518045e+09
1.635274300165565014e+09
1.635274301165580034e+09
1.635274302165709972e+09
1.635274303165626049e+09
1.635274304165606022e+09
1.635274305165566921e+09
1.635274306165525913e+09
1.635274307165522099e+09
1.635274308165642977e+09
1.635274309165676117e+09
1.635274310165680885e+09
1.635274311165682077e+09
1.635274312165673018e+09
1.635274313165680885e+09
1.635274314165683031e+09
1.635274315165563107e+09
1.635274316165637016e+09
1.635274317165539980e+09
1.635274318165677071e+09
1.635274319165498018e+09
1.635274320165672064e+09
1.635274321165678024e+09
1.635274322165690899e+09
1.635274323165606022e+09
1.635274324165587902e+09
1.635274325165570021e+09
1.635274326165678024e+09
1.635274327165580034e+09
1.635274328165584087e+09
1.635274329165579081e+09
1.635274330165587902e+09
1.635274331165559053e+09
1.635274332165668964e+09
1.635274333165667057e+09
1.635274334165661097e+09
1.635274335165527105e+09
1.635274336165668964e+09
1.635274337165581942e+09
1.635274338165661097e+09
1.635274339165560007e+09
1.635274340165668011e+09
1.635274341165658951e+09
1.635274342165527105e+09
1.635274343165667057e+09
1.635274344165604115e+09
1.635274345165611029e+09
1.635274346165633917e+09
1.635274347165664911e+09
1.635274348165667057e+09
1.635274349165673018e+09
1.635274350165677071e+09
1.635274351165610075e+09
1.635274352165780067e+09
1.635274353165571928e+09
1.635274354165559053e+09
1.635274355165569067e+09
1.635274356165566921e+09
1.635274357165673971e+09
1.635274358166054010e+09
1.635274359165680885e+09
1.635274360165683031e+09
1.635274361165684938e+09
1.635274362165682077e+09
1.635274363165673018e+09
1.635274364165642023e+09
1.635274365165568113e+09
1.635274366165679932e+09
1.635274367165679932e+09
1.635274368165674925e+09
1.635274369165679932e+09
1.635274370165678024e+09
1.635274371165560961e+09
1.635274372165684938e+09
1.635274373165564060e+09
1.635274374165565968e+09
1.635274375165594101e+09
1.635274376165673018e+09
1.635274377165667057e+09
1.635274378165678024e+09
1.635274379165644884e+09
1.635274380165640116e+09
1.635274381165672064e+09
1.635274382165743113e+09
1.635274383165828943e+09
1.635274384165671110e+09
1.635274385165611029e+09
1.635274386165762901e+09
1.635274387165589094e+09
1.635274388165607929e+09
1.635274389165636063e+09
1.635274390165673018e+09
1.635274391165673018e+09
1.635274392165677071e+09
1.635274393165604115e+09
1.635274394165668011e+09
1.635274395165669918e+09
1.635274396165636063e+09
1.635274397165668011e+09
1.635274398165575027e+09
1.635274399165673018e+09
1.635274400165591002e+09
1.635274401165663958e+09
1.635274494165591955e+09
1.635274495165685892e+09
1.635274496165680885e+09
1.635274497165550947e+09
1.635274498165684938e+09
1.635274499165690899e+09
1.635274500165579081e+09
1.635274501165693045e+09
1.635274502165680885e+09
1.635274503165690899e+09
1.635274504165688038e+09
1.635274505165627003e+09
1.635274506165689945e+09
1.635274507165631056e+09
1.635274508165683031e+09
1.635274509165678978e+09
1.635274510165683985e+09
1.635274511165685892e+09
1.635274512165694952e+09
1.635274513165687084e+09
1.635274514165486097e+09
1.635274515165695906e+09
1.635274516165693045e+09
1.635274517165688038e+09
1.635274518165688992e+09
1.635274519165625095e+09
1.635274520165570974e+09
1.635274521165689945e+09
1.635274522165684938e+09
1.635274523165658951e+09
1.635274524165687084e+09
1.635274525165684938e+09
1.635274526165580034e+09
1.635274527165687084e+09
1.635274528165685892e+09
1.635274529165577888e+09
1.635274530165683985e+09
1.635274531165687084e+09
1.635274532165680885e+09
1.635274533165586948e+09
1.635274534165529013e+09
1.635274535165683985e+09
1.635274536165571928e+09
1.635274537165546894e+09
1.635274538165613890e+09
1.635274539165688038e+09
1.635274540165586948e+09
1.635274541165688992e+09
1.635274542165684938e+09
1.635274543165683031e+09
1.635274544165679932e+09
1.635274545165688038e+09
1.635274546165613890e+09
1.635274547165610075e+09
1.635274548165652037e+09
1.635274549165688038e+09
1.635274550165684938e+09
1.635274551165693045e+09
1.635274552165688992e+09
1.635274553165572882e+09
1.635274554165582895e+09
1.635274555165687084e+09
1.635274556165637970e+09
1.635274557165558100e+09
1.635274558165693998e+09
1.635274559165690899e+09
1.635274560165694952e+09
1.635274561165695906e+09
1.635274562165616989e+09
1.635274563165676117e+09
1.635274564165683985e+09
1.635274565165682077e+09
1.635274566165676117e+09
1.635274567165679932e+09
1.635274568165692091e+09
1.635274569165678978e+09
1.635274570165677071e+09
1.635274571165642023e+09
1.635274572165674925e+09
1.635274573165679932e+09
1.635274574165613890e+09
1.635274575165586948e+09
1.635274576165683985e+09
1.635274577165540934e+09
1.635274578165673971e+09
1.635274579165683985e+09
1.635274580165637016e+09
1.635274581165679932e+09
1.635274582165689945e+09
1.635274583165678978e+09
1.635274584165687084e+09
1.635274585165678978e+09
1.635274586165678024e+09
1.635274587165690899e+09
1.635274588165653944e+09
1.635274589165582895e+09
1.635274590165693045e+09
1.635274591165747881e+09
1.635274592165569067e+09
1.635274593165687084e+09
1.635274594165693045e+09
1.635274595165827990e+09
1.635274596165699005e+09
1.635274597165626049e+09
1.635274598165690899e+09
1.635274599165685892e+09
1.635274600165508032e+09
1.635274601165678024e+09
1.635274602165572882e+09
1.635274603168564081e+09
1.635274604165657997e+09
1.635274605165560007e+09
1.635274606165684938e+09
1.635274607165695906e+09
1.635274608165574074e+09
1.635274609165697098e+09
1.635274610165709019e+09
1.635274611165683031e+09
1.635274612165955067e+09
1.635274613165658951e+09
1.635274614165868998e+09
1.635274615165688992e+09
1.635274616165683985e+09
1.635274617165585995e+09
1.635274618165683985e+09
1.635274619165683031e+09
1.635274620165537119e+09
1.635274621165689945e+09
1.635274622165689945e+09
1.635274623165541887e+09
1.635274624165704012e+09
1.635274625165687084e+09
1.635274626165642977e+09
1.635274627165688038e+09
1.635274628165688038e+09
1.635274629165687084e+09
1.635274630165689945e+09
1.635274631165694952e+09
1.635274632165575027e+09
1.635274633165651083e+09
1.635274634165693998e+09
1.635274635165633917e+09
1.635274636165638924e+09
1.635274637165877104e+09
1.635274638165690899e+09
1.635274639165579081e+09
1.635274640165590048e+09
1.635274641165693045e+09
1.635274642165695906e+09
1.635274643165539026e+09
1.635274644165688992e+09
1.635274645165623903e+09
1.635274646165549040e+09
1.635274647165687084e+09
1.635274648165680885e+09
1.635274649165582895e+09
1.635274650165678978e+09
1.635274651165689945e+09
1.635274652165685892e+09
1.635274653165690899e+09
1.635274654165697098e+09
1.635274655165682077e+09
1.635274656165693045e+09
1.635274657165697098e+09
1.635274658165678978e+09
1.635274659165693998e+09
1.635274660165676117e+09
1.635274661165676117e+09
1.635274662165673971e+09
1.635274663165507078e+09
1.635274664165652037e+09
1.635274665165685892e+09
1.635274666165579081e+09
1.635274667165678978e+09
1.635274668165678024e+09
1.635274669165618896e+09
1.635274670165688992e+09
1.635274671165680885e+09
1.635274672165680885e+09
1.635274673165679932e+09
1.635274674165652037e+09
1.635274675165699005e+09
1.635274676165766001e+09
1.635274677165616035e+09
1.635274678165688992e+09
1.635274679165693045e+09
1.635274680165580034e+09
1.635274681165566921e+09
1.635274682165653944e+09
1.635274683165576935e+09
1.635274684165766001e+09
1.635274685165688038e+09
1.635274686165508032e+09
1.635274687165689945e+09
1.635274688165689945e+09
1.635274689165637970e+09
1.635274690165687084e+09
1.635274691165684938e+09
1.635274692165683031e+09
1.635274693165641069e+09
1.635274694165693045e+09
1.635274695165693045e+09
1.635274696165618896e+09
1.635274697165671110e+09
1.635274698165673971e+09
1.635274699165796995e+09
1.635274700165678978e+09
1.635274701165687084e+09
1.635274702165679932e+09
1.635274703165682077e+09
1.635274704165687084e+09
1.635274705165683031e+09
1.635274706165620089e+09
1.635274707165648937e+09
1.635274708165637016e+09
1.635274709165539026e+09
1.635274710165687084e+09
1.635274711165690899e+09
1.635274712165714025e+09
1.635274713165682077e+09
1.635274714165684938e+09
1.635274715165683985e+09
1.635274716165623903e+09
1.635274717165620089e+09
1.635274718165644884e+09
1.635274719165689945e+09
1.635274720165575027e+09
1.635274721165682077e+09
1.635274722165688038e+09
1.635274723165692091e+09
1.635274724165688038e+09
1.635274725165586948e+09
1.635274726165586948e+09
1.635274727165640116e+09
1.635274728165577888e+09
1.635274729165515900e+09
1.635274730165683985e+09
1.635274731165627003e+09
1.635274732165594101e+09
1.635274733165617943e+09
1.635274734165632963e+09
1.635274735165685892e+09
1.635274736165692091e+09
1.635274737165688038e+09
1.635274738165684938e+09
1.635274739165683985e+09
1.635274740165677071e+09
1.635274741165683985e+09
1.635274742165685892e+09
1.635274743165687084e+09
1.635274744165654898e+09
1.635274745165628910e+09
1.635274746165689945e+09
1.635274747165683985e+09
1.635274748165694952e+09
1.635274749165510893e+09
1.635274750165585995e+09
1.635274751165683031e+09
1.635274752165586948e+09
1.635274753165678978e+09
1.635274754165729046e+09
1.635274755165627956e+09
1.635274756165761948e+09
1.635274757165689945e+09
1.635274758165673971e+09
1.635274759165633917e+09
1.635274760165621042e+09
1.635274761165678978e+09
1.635274762165688992e+09
1.635274763165678024e+09
1.635274764165685892e+09
1.635274765165682077e+09
1.635274766165678024e+09
1.635274767165775061e+09
1.635274768165677071e+09
1.635274769165628910e+09
1.635274770165678024e+09
1.635274771165616035e+09
1.635274772165538073e+09
1.635274773165679932e+09
1.635274774165690899e+09
1.635274775166173935e+09
1.635274776165539026e+09
1.635274777165582895e+09
1.635274778165693045e+09
1.635274779165690899e+09
1.635274780165680885e+09
1.635274781165685892e+09
1.635274782165683031e+09
1.635274783165678024e+09
1.635274784165689945e+09
1.635274785165597916e+09
1.635274786165702105e+09
1.635274787165699005e+09
1.635274788165685892e+09
1.635274789165682077e+09
1.635274790165680885e+09
1.635274791165676117e+09
1.635274792165551901e+09
1.635274793165703058e+09
1.635274794165568113e+09
1.635274795165534973e+09
1.635274796165677071e+09
1.635274797165420055e+09
1.635274798171982050e+09
1.635274799165693998e+09
1.635274800165685892e+09
1.635274801165684938e+09
1.635274802165680885e+09
1.635274803165676117e+09
1.635274804165643930e+09
1.635274805165678978e+09
1.635274806165580034e+09
1.635274807165680885e+09
1.635274808165682077e+09
1.635274809165611982e+09
1.635274810165682077e+09
1.635274811165874004e+09
1.635274812165740967e+09
1.635274813165693998e+09
1.635274814165689945e+09
1.635274815165688992e+09
1.635274816165685892e+09
1.635274817165688992e+09
1.635274818165738106e+09
1.635274819165699005e+09
1.635274820165710926e+09
1.635274821165594101e+09
1.635274822165684938e+09
1.635274823165688038e+09
1.635274824165683031e+09
1.635274825165678978e+09
1.635274826165654898e+09
1.635274827165591955e+09
1.635274828167011976e+09
1.635274829165676117e+09
1.635274830165689945e+09
1.635274831165676117e+09
1.635274832165688038e+09
1.635274833165687084e+09
1.635274834165702105e+09
1.635274835165575027e+09
1.635274836165684938e+09
1.635274837165568113e+09
1.635274838165544033e+09
1.635274839165684938e+09
1.635274840165909052e+09
1.635274841165606976e+09
1.635274842165738106e+09
1.635274843165678024e+09
1.635274844165688038e+09
1.635274845165684938e+09
1.635274846165692091e+09
1.635274847165683985e+09
1.635274848165688992e+09
1.635274849165692091e+09
1.635274850165692091e+09
1.635274851165685892e+09
1.635274852165685892e+09
1.635274853165683031e+09
1.635274854165683031e+09
1.635274855165627003e+09
1.635274856165677071e+09
1.635274857166318893e+09
1.635274858165513039e+09
1.635274859165683985e+09
1.635274860165687084e+09
1.635274861165595055e+09
1.635274862165693045e+09
1.635274863165678024e+09
1.635274864165690899e+09
1.635274865165677071e+09
1.635274866165714025e+09
1.635274867165685892e+09
1.635274868165678978e+09
1.635274869165693045e+09
1.635274870165765047e+09
1.635274871165674925e+09
1.635274872165674925e+09
1.635274873165677071e+09
1.635274874166029930e+09
1.635274875165688038e+09
1.635274876165695906e+09
1.635274877165684938e+09
1.635274878165688038e+09
1.635274879165680885e+09
1.635274880165683985e+09
1.635274881165508986e+09
1.635274882165683031e+09
1.635274883165570974e+09
1.635274884165679932e+09
1.635274885165682077e+09
1.635274886165689945e+09
1.635274887165621996e+09
1.635274888165687084e+09
1.635274889165683985e+09
1.635274890165695906e+09
1.635274891165683031e+09
1.635274892165683985e+09
1.635274893165692091e+09
1.635274894165683985e+09
1.635274895165571928e+09
1.635274896165939093e+09
1.635274897165800095e+09
1.635274898165594101e+09
1.635274899165678024e+09
1.635274900165678024e+09
1.635274901165504932e+09
1.635274902165678978e+09
1.635274903165672064e+09
1.635274904165708065e+09
1.635274905165688038e+09
1.635274906165688038e+09
1.635274907165683985e+09
1.635274908165560961e+09
1.635274909165575981e+09
1.635274910165575981e+09
1.635274911165585041e+09
1.635274912165572882e+09
1.635274913165576935e+09
1.635274914165683985e+09
1.635274915165684938e+09
1.635274916165679932e+09
1.635274917165677071e+09
1.635274918165690899e+09
1.635274919165677071e+09
1.635274920165620089e+09
1.635274921165687084e+09
1.635274922165683031e+09
1.635274923165680885e+09
1.635274924165699005e+09
1.635274925165580988e+09
1.635274926165577888e+09
1.635274927165652037e+09
1.635274928165688992e+09
1.635274929165580034e+09
1.635274930165694952e+09
1.635274931165685892e+09
1.635274932165695906e+09
1.635274933165684938e+09
1.635274934165592909e+09
1.635274935165688992e+09
1.635274936165842056e+09
1.635274937165678024e+09
1.635274938165683031e+09
1.635274939166063070e+09
1.635274940165685892e+09
1.635274941165687084e+09
1.635274942165680885e+09
1.635274943165698051e+09
1.635274944165544033e+09
1.635274945165688038e+09
1.635274946165693045e+09
1.635274947165605068e+09
1.635274948165586948e+09
1.635274949165683031e+09
1.635274950165688038e+09
1.635274951165735960e+09
1.635274952166269064e+09
1.635274953165699005e+09
1.635274954165689945e+09
1.635274955165692091e+09
1.635274956165688038e+09
1.635274957165704012e+09
1.635274958165684938e+09
1.635274959165682077e+09
1.635274960165685892e+09
1.635274961165649891e+09
1.635274962166013002e+09
1.635274963165689945e+09
1.635274964165699005e+09
1.635274965165690899e+09
1.635274966165683985e+09
1.635274967165622950e+09
1.635274968165688992e+09
1.635274969165679932e+09
1.635274970165662050e+09
1.635274971165621996e+09
1.635274972165688992e+09
1.635274973165683985e+09
1.635274974165693998e+09
1.635274975165684938e+09
1.635274976165684938e+09
1.635274977165692091e+09
1.635274978165746927e+09
1.635274979165689945e+09
1.635274980165692091e+09
1.635274981165728092e+09
1.635274982165585995e+09
1.635274983165693998e+09
1.635274984165715933e+09
1.635274985165688038e+09
1.635274986165627003e+09
1.635274987166210890e+09
1.635274988165693045e+09
1.635274989165692091e+09
1.635274990165637970e+09
1.635274991165688992e+09
1.635274992165688038e+09
1.635274993165596008e+09
1.635274994165690899e+09
1.635274995165585041e+09
1.635274996165580988e+09
1.635274997165594101e+09
1.635274998165589094e+09
1.635274999165683985e+09
1.635275000165631056e+09
1.635275001165688038e+09
1.635275002165694952e+09
1.635275003165685892e+09
1.635275004165687084e+09
1.635275005165697098e+09
1.635275006165689945e+09
1.635275007165684938e+09
1.635275008165688038e+09
1.635275009165697098e+09
1.635275010165544033e+09
1.635275011165622950e+09
1.635275012165719032e+09
1.635275013165591955e+09
1.635275014165695906e+09
1.635275015165690899e+09
1.635275016165580034e+09
1.635275017165688038e+09
1.635275018165719032e+09
1.635275019165688038e+09
1.635275020165693998e+09
1.635275021165688038e+09
1.635275022165698051e+09
1.635275023165683031e+09
1.635275024165688992e+09
1.635275025165683985e+09
1.635275026165679932e+09
1.635275027165678024e+09
1.635275028165685892e+09
1.635275029165601969e+09
1.635275030165688992e+09
1.635275031166584015e+09
1.635275032165549040e+09
1.635275033165512085e+09
1.635275034165683985e+09
1.635275035165671110e+09
1.635275036165708065e+09
1.635275037165678978e+09
1.635275038165673018e+09
1.635275039165682077e+09
1.635275040165678978e+09
1.635275041165688038e+09
1.635275042165635109e+09
1.635275043165679932e+09
1.635275044166167974e+09
1.635275045165680885e+09
1.635275046165683031e+09
1.635275047165682077e+09
1.635275048165889025e+09
1.635275049165590048e+09
1.635275050165678978e+09
1.635275051165687084e+09
1.635275052165642023e+09
1.635275053165684938e+09
1.635275054165690899e+09
1.635275055165570974e+09
1.635275056165621042e+09
1.635275057165685892e+09
1.635275058165710926e+09
1.635275059165611982e+09
1.635275060165569067e+09
1.635275061165574074e+09
1.635275062165692091e+09
1.635275063165668011e+09
1.635275064165692091e+09
1.635275065165570974e+09
1.635275066165677071e+09
1.635275067165682077e+09
1.635275068165673971e+09
1.635275069165683031e+09
1.635275070165680885e+09
1.635275071165673971e+09
1.635275072165679932e+09
1.635275073165699005e+09
1.635275074165683985e+09
1.635275075165682077e+09
1.635275076165530920e+09
1.635275077165672064e+09
1.635275078165715933e+09
1.635275079165883064e+09
1.635275080165688038e+09
1.635275081165689945e+09
1.635275082165595055e+09
1.635275083165697098e+09
1.635275084165688038e+09
1.635275085165672064e+09
1.635275086165695906e+09
1.635275087165685892e+09
1.635275088165616035e+09
1.635275089165685892e+09
1.635275090165687084e+09
1.635275091165682077e+09
1.635275092165679932e+09
1.635275093165683031e+09
1.635275186165467978e+09
1.635275187165525913e+09
1.635275188165513992e+09
1.635275189165496111e+09
1.635275190165528059e+09
1.635275191165538073e+09
1.635275192165524006e+09
1.635275193165894985e+09
1.635275194165532112e+09
1.635275195165484905e+09
1.635275196165596008e+09
1.635275197165582895e+09
1.635275198165585995e+09
1.635275199165574074e+09
1.635275200165543079e+09
1.635275201165610075e+09
1.635275202165539026e+09
1.635275203165540934e+09
1.635275204165535927e+09
1.635275205165349007e+09
1.635275206165597916e+09
1.635275207165482044e+09
1.635275208165499926e+09
1.635275209165543079e+09
1.635275210165546894e+09
1.635275211165525913e+09
1.635275212165524960e+09
1.635275213165518045e+09
1.635275214165534019e+09
1.635275215165586948e+09
1.635275216165529013e+09
1.635275217165496111e+09
1.635275218165518045e+09
1.635275219165519953e+09
1.635275220165508032e+09
1.635275221165502071e+09
1.635275222165455103e+09
1.635275223165484905e+09
1.635275224165498972e+09
1.635275225165442944e+09
1.635275226165592909e+09
1.635275227165543079e+09
1.635275228165638924e+09
1.635275229165518045e+09
1.635275230165535927e+09
1.635275231165493011e+09
1.635275232165497065e+09
1.635275233165544987e+09
1.635275234165507078e+09
1.635275235165545940e+09
1.635275236165585041e+09
1.635275237165558100e+09
1.635275238165565014e+09
1.635275239165560961e+09
1.635275240165653944e+09
1.635275241165541887e+09
1.635275242165512085e+09
1.635275243165502071e+09
1.635275244165503979e+09
1.635275245165474892e+09
1.635275246165528059e+09
1.635275247165497065e+09
1.635275248165451050e+09
1.635275249165527105e+09
1.635275250165628910e+09
1.635275251165589094e+09
1.635275252165560007e+09
1.635275253165534973e+09
1.635275254165694952e+09
1.635275255165668011e+09
1.635275256165592909e+09
1.635275257165546894e+09
1.635275258165534019e+09
1.635275259165524006e+09
1.635275260165529013e+09
1.635275261165532112e+09
1.635275262165524960e+09
1.635275263165537119e+09
1.635275264165549994e+09
1.635275265165479898e+09
1.635275266165596008e+09
1.635275267165600061e+09
1.635275268165427923e+09
1.635275269165545940e+09
1.635275270165570021e+09
1.635275271165625095e+09
1.635275272165591002e+09
1.635275273165570021e+09
1.635275274165572882e+09
1.635275275165596962e+09
1.635275276165796995e+09
1.635275277165576935e+09
1.635275278165543079e+09
1.635275279165544033e+09
1.635275280165539980e+09
1.635275281165559053e+09
1.635275282165539026e+09
1.635275283165569067e+09
1.635275284165534973e+09
1.635275285165446997e+09
1.635275286165594101e+09
1.635275287165838003e+09
1.635275288165375948e+09
1.635275289165494919e+09
1.635275290165544987e+09
1.635275291165477037e+09
1.635275292165471077e+09
1.635275293165537119e+09
1.635275294165498018e+09
1.635275295165539980e+09
1.635275296165594101e+09
1.635275297165524960e+09
1.635275298165548086e+09
1.635275299165570974e+09
1.635275300165534973e+09
1.635275301165546894e+09
1.635275302165410042e+09
1.635275303165504932e+09
1.635275304165529013e+09
1.635275305165529013e+09
1.635275306165601969e+09
1.635275307165570974e+09
1.635275308165796041e+09
1.635275309165806055e+09
1.635275310165508032e+09
1.635275311165452957e+09
1.635275312165484905e+09
1.635275313165477037e+09
1.635275314165575981e+09
1.635275315165541887e+09
1.635275316165911913e+09
1.635275317165570021e+09
1.635275318165608883e+09
1.635275319165537119e+09
1.635275320165512085e+09
1.635275321165503979e+09
1.635275322165443897e+09
1.635275323165497065e+09
1.635275324165520906e+09
1.635275325165508986e+09
1.635275326165591002e+09
1.635275327165540934e+09
1.635275328165396929e+09
1.635275329165493965e+09
1.635275330165505886e+09
1.635275331165441036e+09
1.635275332165532112e+09
1.635275333165499926e+09
1.635275334165714979e+09
1.635275335165589094e+09
1.635275336165599108e+09
1.635275337165540934e+09
1.635275338165859938e+09
1.635275339165538073e+09
1.635275340165537119e+09
1.635275341165575027e+09
1.635275342165503025e+09
1.635275343165507078e+09
1.635275344165437937e+09
1.635275345165518999e+09
1.635275346165589094e+09
1.635275347165570974e+09
1.635275348165524960e+09
1.635275349165523052e+09
1.635275350165529013e+09
1.635275351165410995e+09
1.635275352165627956e+09
1.635275353165565968e+09
1.635275354165420055e+09
1.635275355165503025e+09
1.635275356165591955e+09
1.635275357166078091e+09
1.635275358165553093e+09
1.635275359165533066e+09
1.635275360165534973e+09
1.635275361165540934e+09
1.635275362165621042e+09
1.635275363165554047e+09
1.635275364165539980e+09
1.635275365165543079e+09
1.635275366165596008e+09
1.635275367165589094e+09
1.635275368165457964e+09
1.635275369165476084e+09
1.635275370165524006e+09
1.635275371165565014e+09
1.635275372165545940e+09
1.635275373165551901e+09
1.635275374165368080e+09
1.635275375165519953e+09
1.635275376165601969e+09
1.635275377165674925e+09
1.635275378165546894e+09
1.635275379165544033e+09
1.635275380165502071e+09
1.635275381166088104e+09
1.635275382165528059e+09
1.635275383165561914e+09
1.635275384165529013e+09
1.635275385165522099e+09
1.635275386165589094e+09
1.635275387165565014e+09
1.635275388165577888e+09
1.635275389165591955e+09
1.635275390165786982e+09
1.635275391165592909e+09
1.635275392165545940e+09
1.635275393165565014e+09
1.635275394165453911e+09
1.635275395165498972e+09
1.635275396165601015e+09
1.635275397165452957e+09
1.635275398165508986e+09
1.635275399165561914e+09
1.635275400165621996e+09
1.635275401165568113e+09
1.635275402165579081e+09
1.635275403165579081e+09
1.635275404165555000e+09
1.635275405165551901e+09
1.635275406165587902e+09
1.635275407165819883e+09
1.635275408165513992e+09
1.635275409165574074e+09
1.635275410165549040e+09
1.635275411165548086e+09
1.635275412165527105e+09
1.635275413165546894e+09
1.635275414165556908e+09
1.635275415165537119e+09
