0.000000000000000000e+00
-1.000140563964843750e+03
-9.993792114257812500e+02
-9.994884643554687500e+02
-1.000110229492187500e+03
-9.998953247070312500e+02
-1.000098937988281250e+03
-9.993032226562500000e+02
-9.995166625976562500e+02
-1.000167602539062500e+03
-9.999595336914062500e+02
-1.000220581054687500e+03
-9.999045410156250000e+02
-9.997832641601562500e+02
-1.000233215332031250e+03
-9.999658813476562500e+02
-9.998813476562500000e+02
-9.995468139648437500e+02
-1.000644897460937500e+03
-9.996759033203125000e+02
-9.998997192382812500e+02
-1.000215454101562500e+03
-9.993502197265625000e+02
-1.000214233398437500e+03
-9.989282226562500000e+02
-1.000249389648437500e+03
-1.000593566894531250e+03
-9.995756225585937500e+02
-9.999411621093750000e+02
-1.000356323242187500e+03
-9.995478515625000000e+02
-9.993367309570312500e+02
-9.999604492187500000e+02
-9.999516601562500000e+02
-1.000328552246093750e+03
-9.995386962890625000e+02
-1.000524291992187500e+03
-9.998244018554687500e+02
-1.000907287597656250e+03
-9.996874389648437500e+02
-1.000459106445312500e+03
-9.993863525390625000e+02
-9.999044189453125000e+02
-9.992210083007812500e+02
-9.997381591796875000e+02
-9.994424438476562500e+02
-9.996366577148437500e+02
-9.996989135742187500e+02
-1.000120666503906250e+03
-9.990485229492187500e+02
-9.996729125976562500e+02
-1.000871154785156250e+03
-9.999494018554687500e+02
-9.997300415039062500e+02
-1.000225219726562500e+03
-9.997177124023437500e+02
-9.999003906250000000e+02
-1.000746520996093750e+03
-1.001137512207031250e+03
-1.000061950683593750e+03
-9.998194580078125000e+02
-1.000554992675781250e+03
-9.997912597656250000e+02
-9.995495605468750000e+02
-9.999116821289062500e+02
-1.000310852050781250e+03
-9.997317504882812500e+02
-1.000229370117187500e+03
-1.001021179199218750e+03
-9.984143676757812500e+02
-1.000144653320312500e+03
-9.993283081054687500e+02
-1.000715637207031250e+03
-1.000099975585937500e+03
-1.000614379882812500e+03
-1.000999450683593750e+03
-9.995107421875000000e+02
-9.988708496093750000e+02
-1.000775207519531250e+03
-9.995712890625000000e+02
-1.000326110839843750e+03
-1.001490478515625000e+03
-9.998785400390625000e+02
-1.000253967285156250e+03
-9.991990966796875000e+02
-9.997520751953125000e+02
-1.000337219238281250e+03
-9.998287353515625000e+02
-1.000317993164062500e+03
-1.000071289062500000e+03
-9.989754638671875000e+02
-9.993559570312500000e+02
-9.994395141601562500e+02
-1.000271728515625000e+03
-1.000433105468750000e+03
-9.998024902343750000e+02
-1.000004394531250000e+03
-9.994428100585937500e+02
-1.000631103515625000e+03
-9.992516479492187500e+02
-1.000039978027343750e+03
-1.000110168457031250e+03
-9.992371826171875000e+02
-9.998234252929687500e+02
-1.000317321777343750e+03
-9.997839965820312500e+02
-1.000324340820312500e+03
-9.987734375000000000e+02
-1.000966796875000000e+03
-9.997890014648437500e+02
-1.000334472656250000e+03
-1.000191101074218750e+03
-1.000855895996093750e+03
-9.995476684570312500e+02
-1.000001464843750000e+03
-1.000219116210937500e+03
-1.000568176269531250e+03
-9.998428344726562500e+02
-9.995024414062500000e+02
-1.000208129882812500e+03
-1.000300537109375000e+03
-9.994279785156250000e+02
-9.999761962890625000e+02
-9.989633789062500000e+02
-1.000320556640625000e+03
-9.989444580078125000e+02
-1.000546997070312500e+03
-9.994671020507812500e+02
-9.999178466796875000e+02
-9.997581176757812500e+02
-9.997973632812500000e+02
-1.000621704101562500e+03
-1.000960632324218750e+03
-9.988035888671875000e+02
-9.997797851562500000e+02
-1.000331848144531250e+03
-9.994132690429687500e+02
-9.998298950195312500e+02
-9.996527099609375000e+02
-9.992438964843750000e+02
-1.000562316894531250e+03
-9.986741943359375000e+02
-1.000588745117187500e+03
-1.000062316894531250e+03
-1.000285949707031250e+03
-9.996633300781250000e+02
-9.998579101562500000e+02
-1.000012878417968750e+03
-9.993376464843750000e+02
-9.998857421875000000e+02
-9.993694458007812500e+02
-1.000718383789062500e+03
-9.997683105468750000e+02
-9.993666381835937500e+02
-9.995734863281250000e+02
-9.994581909179687500e+02
-1.000058593750000000e+03
-1.000423828125000000e+03
-1.000253967285156250e+03
-1.000166442871093750e+03
-9.997158813476562500e+02
-9.999900512695312500e+02
-9.999785156250000000e+02
-1.000418518066406250e+03
-9.999545288085937500e+02
-1.000137145996093750e+03
-9.994677124023437500e+02
-9.994675903320312500e+02
-1.000286193847656250e+03
-1.000451599121093750e+03
-1.000463623046875000e+03
-9.992074584960937500e+02
-9.996764526367187500e+02
-9.992800903320312500e+02
-1.000183105468750000e+03
-1.000297912597656250e+03
-1.000013610839843750e+03
-1.000176635742187500e+03
-1.000877502441406250e+03
-1.000644897460937500e+03
-9.997528076171875000e+02
-1.000303466796875000e+03
-1.000007873535156250e+03
-1.000386901855468750e+03
-9.997747192382812500e+02
-1.000246276855468750e+03
-1.000667053222656250e+03
-1.000191345214843750e+03
-1.000021606445312500e+03
-1.000455383300781250e+03
-9.994901123046875000e+02
-9.996841430664062500e+02
-1.000079345703125000e+03
-9.998256225585937500e+02
-9.994003906250000000e+02
-9.999865722656250000e+02
-1.000059814453125000e+03
-1.001034790039062500e+03
-9.991731567382812500e+02
-1.000409729003906250e+03
-9.998222656250000000e+02
-9.996319580078125000e+02
-1.000107238769531250e+03
-1.000445251464843750e+03
-1.000545104980468750e+03
-9.998944702148437500e+02
-1.000049377441406250e+03
-9.989354858398437500e+02
-9.997937011718750000e+02
-9.989152221679687500e+02
-1.000770263671875000e+03
-9.999053955078125000e+02
-9.999343872070312500e+02
-1.000465454101562500e+03
-1.000699340820312500e+03
-9.992386474609375000e+02
-1.000093322753906250e+03
-9.999454956054687500e+02
-1.000208984375000000e+03
-9.993998413085937500e+02
-9.999960937500000000e+02
-9.993997802734375000e+02
-1.000408386230468750e+03
-1.001003173828125000e+03
-9.994542846679687500e+02
-9.999433593750000000e+02
-1.000087829589843750e+03
-1.000238159179687500e+03
-1.000030456542968750e+03
-9.993547363281250000e+02
-1.000515441894531250e+03
-9.997130737304687500e+02
-1.000189392089843750e+03
-1.000950195312500000e+03
-1.000782775878906250e+03
-9.998989868164062500e+02
-1.000427551269531250e+03
-9.995333862304687500e+02
-1.000200134277343750e+03
-1.000584472656250000e+03
-1.001185119628906250e+03
-1.000417297363281250e+03
-9.997356567382812500e+02
-9.989647827148437500e+02
-1.000729003906250000e+03
-1.000192321777343750e+03
-1.000182556152343750e+03
-1.000889770507812500e+03
-1.000401000976562500e+03
-1.000042968750000000e+03
-1.000200012207031250e+03
-9.999617309570312500e+02
-9.993485717773437500e+02
-1.000179138183593750e+03
-9.994864501953125000e+02
-9.999583129882812500e+02
-1.000010986328125000e+03
-9.984827270507812500e+02
-1.000172241210937500e+03
-1.000225830078125000e+03
-9.998690185546875000e+02
-1.000180725097656250e+03
-9.997789916992187500e+02
-1.000483459472656250e+03
-1.000520568847656250e+03
-1.000412231445312500e+03
-1.000169067382812500e+03
-9.989462280273437500e+02
-9.997023315429687500e+02
-9.999342651367187500e+02
-9.998457031250000000e+02
-9.997930908203125000e+02
-9.999704589843750000e+02
-1.000338195800781250e+03
-9.998543090820312500e+02
-1.000391967773437500e+03
-9.998377685546875000e+02
-1.000506286621093750e+03
-9.998264770507812500e+02
-9.997403564453125000e+02
-9.998845825195312500e+02
-1.000419189453125000e+03
-9.998405151367187500e+02
-1.000290954589843750e+03
-9.999155883789062500e+02
-1.000331726074218750e+03
-1.000384216308593750e+03
-9.999404907226562500e+02
-9.997959594726562500e+02
-1.000482604980468750e+03
-1.000309387207031250e+03
-9.999396972656250000e+02
-9.999600219726562500e+02
-1.000668457031250000e+03
-9.999938964843750000e+02
-1.000197692871093750e+03
-1.000799560546875000e+03
-9.993969726562500000e+02
-1.000546569824218750e+03
-9.999761962890625000e+02
-9.992712402343750000e+02
-1.000130004882812500e+03
-9.997918090820312500e+02
-1.000240051269531250e+03
-1.000167114257812500e+03
-9.999822998046875000e+02
-9.996894531250000000e+02
-1.000254455566406250e+03
-9.992772827148437500e+02
-1.000570617675781250e+03
-9.994451293945312500e+02
-1.000717102050781250e+03
-1.000155395507812500e+03
-1.000755920410156250e+03
-1.000608337402343750e+03
-1.000476196289062500e+03
-1.000185546875000000e+03
-9.995656738281250000e+02
-9.997889404296875000e+02
-1.000328613281250000e+03
-1.000093200683593750e+03
-9.999620971679687500e+02
-9.987207641601562500e+02
-1.000512756347656250e+03
-9.998508911132812500e+02
-9.997160644531250000e+02
-9.994924316406250000e+02
-1.000030578613281250e+03
-9.998392333984375000e+02
-1.000184020996093750e+03
-9.997352905273437500e+02
-1.000355102539062500e+03
-1.000884094238281250e+03
-9.997059936523437500e+02
-9.997420654296875000e+02
-1.000540100097656250e+03
-9.994392089843750000e+02
-1.000109191894531250e+03
-9.999641113281250000e+02
-9.997700805664062500e+02
-1.000485839843750000e+03
-9.989772338867187500e+02
-1.000449707031250000e+03
-1.000313232421875000e+03
-9.998851928710937500e+02
-9.992489624023437500e+02
-9.995170288085937500e+02
-1.000755004882812500e+03
-9.998319702148437500e+02
-1.000425415039062500e+03
-1.000056335449218750e+03
-1.000141357421875000e+03
-1.000430664062500000e+03
-9.999976196289062500e+02
-9.995353393554687500e+02
-1.000650512695312500e+03
-9.997072753906250000e+02
-1.000042602539062500e+03
-1.000151306152343750e+03
-1.000370971679687500e+03
-1.000919494628906250e+03
-1.000032531738281250e+03
-9.999601440429687500e+02
-9.993013305664062500e+02
-1.000523315429687500e+03
-1.000463684082031250e+03
-9.999492797851562500e+02
-1.000620666503906250e+03
-1.000300842285156250e+03
-9.997814941406250000e+02
-1.000719360351562500e+03
-1.000394165039062500e+03
-1.000029418945312500e+03
-9.989011230468750000e+02
-1.000178466796875000e+03
-1.000188476562500000e+03
-9.999064331054687500e+02
-9.988632202148437500e+02
-9.997822265625000000e+02
-1.000952270507812500e+03
-1.000823242187500000e+03
-1.000605651855468750e+03
-1.000239624023437500e+03
-1.000254455566406250e+03
-9.996392822265625000e+02
-9.997911987304687500e+02
-9.997186889648437500e+02
-9.992722167968750000e+02
-1.000220458984375000e+03
-9.998588867187500000e+02
-9.991933593750000000e+02
-1.000260803222656250e+03
-1.000215148925781250e+03
-1.000271179199218750e+03
-9.996392211914062500e+02
-1.000344665527343750e+03
-9.998346557617187500e+02
-1.000238647460937500e+03
-1.000362121582031250e+03
-1.000632324218750000e+03
-9.995435180664062500e+02
-1.000031677246093750e+03
-9.998306884765625000e+02
-1.000806213378906250e+03
-9.997026977539062500e+02
-9.994910888671875000e+02
-9.998159790039062500e+02
-1.000082885742187500e+03
-9.995678100585937500e+02
-9.999296264648437500e+02
-9.993074951171875000e+02
-1.000630859375000000e+03
-1.000279113769531250e+03
-9.998958129882812500e+02
-9.995750122070312500e+02
-9.996317749023437500e+02
-1.000658569335937500e+03
-1.001016662597656250e+03
-1.000184265136718750e+03
-1.000312744140625000e+03
-9.999276123046875000e+02
-9.994469604492187500e+02
-1.000161193847656250e+03
-9.993788452148437500e+02
-9.991674804687500000e+02
-1.000455932617187500e+03
-1.000324401855468750e+03
-1.000473937988281250e+03
-9.990264892578125000e+02
-1.000459472656250000e+03
-1.000583923339843750e+03
-1.000346435546875000e+03
-9.992066650390625000e+02
-1.001107421875000000e+03
-1.000455322265625000e+03
-9.990240478515625000e+02
-9.999486694335937500e+02
-1.000204589843750000e+03
-9.998590698242187500e+02
-1.000439025878906250e+03
-1.000123046875000000e+03
-1.000484191894531250e+03
-9.991326904296875000e+02
-1.000433715820312500e+03
-9.999480590820312500e+02
-9.990036010742187500e+02
-1.000299865722656250e+03
-1.000183532714843750e+03
-1.000238159179687500e+03
-9.998520507812500000e+02
-1.000319702148437500e+03
-1.000292907714843750e+03
-1.000066101074218750e+03
-9.999869384765625000e+02
-1.000262817382812500e+03
-9.997313232421875000e+02
-1.000712707519531250e+03
-9.998730468750000000e+02
-1.000836059570312500e+03
-1.001019592285156250e+03
-9.994794311523437500e+02
-1.000165954589843750e+03
-1.000134399414062500e+03
-1.000989746093750000e+03
-1.000428710937500000e+03
-1.000185180664062500e+03
-9.996764526367187500e+02
-1.000398132324218750e+03
-1.000245544433593750e+03
-1.000415283203125000e+03
-1.000815124511718750e+03
-9.999213867187500000e+02
-1.000987182617187500e+03
-9.994919433593750000e+02
-1.000304138183593750e+03
-1.000215026855468750e+03
-9.995281372070312500e+02
-1.000453796386718750e+03
-1.000146484375000000e+03
-1.000161193847656250e+03
-9.986934204101562500e+02
-1.000032653808593750e+03
-9.996801757812500000e+02
-9.993356933593750000e+02
-1.000260375976562500e+03
-1.000241333007812500e+03
-1.000381774902343750e+03
-1.000516479492187500e+03
-9.996007080078125000e+02
-9.996705932617187500e+02
-9.999194946289062500e+02
-1.000043884277343750e+03
-1.000421020507812500e+03
-9.992733154296875000e+02
-1.000381713867187500e+03
-1.000397094726562500e+03
-9.998175659179687500e+02
-1.002161376953125000e+03
-9.992875366210937500e+02
-1.000709594726562500e+03
-1.000050598144531250e+03
-1.000571960449218750e+03
-9.995332641601562500e+02
-9.996170043945312500e+02
-9.990525512695312500e+02
-9.994052124023437500e+02
-9.995482788085937500e+02
-9.994212646484375000e+02
-9.993644409179687500e+02
-9.987774047851562500e+02
-9.997031860351562500e+02
-1.000037109375000000e+03
-1.000123779296875000e+03
-1.000633789062500000e+03
-1.000463928222656250e+03
-9.999643554687500000e+02
-1.000549316406250000e+03
-1.000096130371093750e+03
-1.000173156738281250e+03
-1.000131835937500000e+03
-9.994030761718750000e+02
-1.000185729980468750e+03
-1.000693176269531250e+03
-9.991776123046875000e+02
-9.994331054687500000e+02
-1.000265930175781250e+03
-1.001050659179687500e+03
-1.001261535644531250e+03
-9.999437866210937500e+02
-9.996257324218750000e+02
-1.000079833984375000e+03
-9.999528808593750000e+02
-9.995129394531250000e+02
-9.993833007812500000e+02
-9.997265014648437500e+02
-9.995175781250000000e+02
-1.000818725585937500e+03
-9.998165893554687500e+02
-9.998900146484375000e+02
-9.997188110351562500e+02
-9.998717651367187500e+02
-9.995256347656250000e+02
-1.000448730468750000e+03
-9.993230590820312500e+02
-1.000096923828125000e+03
-9.990361328125000000e+02
-1.000701049804687500e+03
-1.000647705078125000e+03
-1.000593444824218750e+03
-1.000237792968750000e+03
-1.000963439941406250e+03
-9.999885253906250000e+02
-9.997562866210937500e+02
-9.993618164062500000e+02
-9.999889526367187500e+02
-9.999166870117187500e+02
-9.995111694335937500e+02
-1.000351928710937500e+03
-9.998798217773437500e+02
-9.997811279296875000e+02
-9.994979858398437500e+02
-1.000482299804687500e+03
-9.991587524414062500e+02
-9.985354614257812500e+02
-1.000372375488281250e+03
-1.000272338867187500e+03
-1.000886352539062500e+03
-1.000438659667968750e+03
-9.992908935546875000e+02
-1.000842407226562500e+03
-9.996939697265625000e+02
-9.998760986328125000e+02
-1.000258911132812500e+03
-1.000184082031250000e+03
-9.997014160156250000e+02
-1.000451721191406250e+03
-1.000248596191406250e+03
-9.997258300781250000e+02
-9.992932739257812500e+02
-1.000593872070312500e+03
-9.997273559570312500e+02
-9.996256103515625000e+02
-9.997346191406250000e+02
-1.000731140136718750e+03
-9.989262084960937500e+02
-1.000411926269531250e+03
-1.000080261230468750e+03
-9.992585449218750000e+02
-9.998045043945312500e+02
-9.997992553710937500e+02
-1.000600952148437500e+03
-9.999594116210937500e+02
-1.000254211425781250e+03
-1.000601440429687500e+03
-9.999822998046875000e+02
-9.992155151367187500e+02
-1.000057800292968750e+03
-1.000789489746093750e+03
-9.997462768554687500e+02
-1.000623229980468750e+03
-9.999302978515625000e+02
-1.000118774414062500e+03
-1.000678039550781250e+03
-9.990062866210937500e+02
-1.000029907226562500e+03
-1.000603210449218750e+03
-1.000978088378906250e+03
-9.994822998046875000e+02
-9.997736206054687500e+02
-1.000522033691406250e+03
-1.000393188476562500e+03
-1.000120117187500000e+03
-9.993610839843750000e+02
-9.998721313476562500e+02
-9.996376953125000000e+02
-9.992649536132812500e+02
-1.000844177246093750e+03
-1.000278991699218750e+03
-1.000180114746093750e+03
-1.000379211425781250e+03
-9.997081909179687500e+02
-1.000194458007812500e+03
-9.998812255859375000e+02
-9.992165527343750000e+02
-9.998118286132812500e+02
-1.000206420898437500e+03
-1.000711669921875000e+03
-9.994768066406250000e+02
-1.000954528808593750e+03
-9.999682006835937500e+02
-9.996308593750000000e+02
-1.000823425292968750e+03
-1.000364074707031250e+03
-9.993862304687500000e+02
-1.000399047851562500e+03
-1.000120300292968750e+03
-1.000355224609375000e+03
-1.000171447753906250e+03
-9.995927734375000000e+02
-1.000242858886718750e+03
-1.000966796875000000e+03
-9.997597045898437500e+02
-9.990509643554687500e+02
-9.995718383789062500e+02
-1.000716796875000000e+03
-9.997374267578125000e+02
-9.999465332031250000e+02
-9.998969116210937500e+02
-9.995085449218750000e+02
-1.000280761718750000e+03
-1.000104675292968750e+03
-1.000113586425781250e+03
-1.000054504394531250e+03
-9.998814086914062500e+02
-9.997144775390625000e+02
-1.000384521484375000e+03
-1.000379516601562500e+03
-9.995894165039062500e+02
-1.000327819824218750e+03
-9.999384155273437500e+02
-1.000495971679687500e+03
-1.000082763671875000e+03
-1.000608703613281250e+03
-1.000616638183593750e+03
-1.000933410644531250e+03
-1.000413757324218750e+03
-1.000191772460937500e+03
-9.997821655273437500e+02
-1.000199951171875000e+03
-1.000106445312500000e+03
-9.996834716796875000e+02
-9.995958251953125000e+02
-9.993656005859375000e+02
-9.998273315429687500e+02
-1.000491394042968750e+03
-1.000193176269531250e+03
-1.000463989257812500e+03
-9.999107666015625000e+02
-9.994451904296875000e+02
-1.000253295898437500e+03
-9.995287475585937500e+02
-9.999966430664062500e+02
-9.995198974609375000e+02
-9.991472167968750000e+02
-9.994746093750000000e+02
-9.990986938476562500e+02
-1.000421447753906250e+03
-9.996823120117187500e+02
-1.001103881835937500e+03
-1.000304870605468750e+03
-1.000281616210937500e+03
-1.000822326660156250e+03
-9.992294921875000000e+02
-1.000768188476562500e+03
-9.993656616210937500e+02
-9.997355346679687500e+02
-9.999136352539062500e+02
-1.000339660644531250e+03
-1.000566711425781250e+03
-9.997487182617187500e+02
-1.000012390136718750e+03
-9.993876342773437500e+02
-1.000386596679687500e+03
-1.000208129882812500e+03
-9.996493530273437500e+02
-1.000084960937500000e+03
-9.994725341796875000e+02
-9.991961669921875000e+02
-9.995651855468750000e+02
-9.999875488281250000e+02
-9.990007934570312500e+02
-1.000499267578125000e+03
-9.997465209960937500e+02
-1.000447265625000000e+03
-1.000724182128906250e+03
-9.989848632812500000e+02
-1.000304870605468750e+03
-9.999244995117187500e+02
-1.000884582519531250e+03
-9.995980224609375000e+02
-9.998384399414062500e+02
-9.991665649414062500e+02
-1.000605285644531250e+03
-9.989718017578125000e+02
-1.000317626953125000e+03
-1.000606567382812500e+03
-9.999041748046875000e+02
-9.998243408203125000e+02
-9.998423461914062500e+02
-1.000965393066406250e+03
-1.000936584472656250e+03
-1.000370666503906250e+03
-9.998605346679687500e+02
-9.998276367187500000e+02
-1.000251525878906250e+03
-9.996798706054687500e+02
-9.997391967773437500e+02
-9.999402465820312500e+02
-1.000233337402343750e+03
-9.992768554687500000e+02
-9.996300048828125000e+02
-1.000356750488281250e+03
-1.000089965820312500e+03
-1.000414611816406250e+03
-9.999981079101562500e+02
-9.994587402343750000e+02
-9.992534790039062500e+02
-9.998954467773437500e+02
-1.000343872070312500e+03
-9.995964965820312500e+02
-1.000214599609375000e+03
-9.996991577148437500e+02
-1.000544433593750000e+03
-1.000049377441406250e+03
-9.995142822265625000e+02
-1.000025817871093750e+03
-1.000322937011718750e+03
-9.996185913085937500e+02
-1.000400695800781250e+03
-9.996708984375000000e+02
-1.000094848632812500e+03
-9.999965820312500000e+02
-1.000529541015625000e+03
-1.000033325195312500e+03
-1.000635925292968750e+03
-1.000483581542968750e+03
-9.997864379882812500e+02
-1.000222961425781250e+03
-9.998911743164062500e+02
-9.998837890625000000e+02
-1.000456237792968750e+03
-9.988280029296875000e+02
-1.000341857910156250e+03
-9.995804443359375000e+02
-9.998268432617187500e+02
-9.995342407226562500e+02
-1.000316528320312500e+03
-1.000537597656250000e+03
-1.000245361328125000e+03
-9.999127197265625000e+02
-9.994324340820312500e+02
-9.998758544921875000e+02
-9.999575805664062500e+02
-1.000285400390625000e+03
-1.001003784179687500e+03
-9.995857543945312500e+02
-9.996867065429687500e+02
-1.000257263183593750e+03
-1.000585510253906250e+03
-9.997892456054687500e+02
-9.998963623046875000e+02
-9.996699829101562500e+02
-9.999044189453125000e+02
-1.000764221191406250e+03
-9.996150512695312500e+02
-9.998967895507812500e+02
-9.999655151367187500e+02
-1.000132507324218750e+03
-9.986996459960937500e+02
-9.996538696289062500e+02
-1.000260009765625000e+03
-1.000050598144531250e+03
-1.000129455566406250e+03
-1.000247131347656250e+03
-1.000197875976562500e+03
-9.992954711914062500e+02
-1.000056030273437500e+03
-1.000566406250000000e+03
-9.991664428710937500e+02
-9.998640747070312500e+02
-1.000475830078125000e+03
-1.000024902343750000e+03
-9.992883300781250000e+02
-9.997222900390625000e+02
-1.000034729003906250e+03
-1.000558044433593750e+03
-9.994252319335937500e+02
-1.000369750976562500e+03
-9.993867187500000000e+02
-9.992772216796875000e+02
-1.000451538085937500e+03
-9.991379394531250000e+02
-9.998027343750000000e+02
-9.996488037109375000e+02
-9.992520141601562500e+02
-1.000487976074218750e+03
-9.997149658203125000e+02
-1.000069458007812500e+03
-9.999991455078125000e+02
-1.000329040527343750e+03
-9.989695434570312500e+02
-1.000832702636718750e+03
-1.000122985839843750e+03
-9.998937988281250000e+02
-9.999324340820312500e+02
-9.997650756835937500e+02
-9.994263305664062500e+02
-1.000495483398437500e+03
-9.998266601562500000e+02
-9.999002075195312500e+02
-9.997090454101562500e+02
-9.997167968750000000e+02
-1.000122558593750000e+03
-1.000402465820312500e+03
-9.994207763671875000e+02
-9.993873901367187500e+02
-9.993269042968750000e+02
-1.000136962890625000e+03
-1.000409057617187500e+03
-9.993815307617187500e+02
-1.000017395019531250e+03
-1.000095214843750000e+03
-1.001022216796875000e+03
-1.000627136230468750e+03
-9.999729003906250000e+02
-9.997985229492187500e+02
-1.000509704589843750e+03
-9.996282958984375000e+02
-9.992576904296875000e+02
-9.999714355468750000e+02
-1.000038513183593750e+03
-9.997439575195312500e+02
-1.000136474609375000e+03
-9.997670898437500000e+02
-1.000317749023437500e+03
-9.997907104492187500e+02
-9.998742675781250000e+02
-1.000022277832031250e+03
-9.995618896484375000e+02
-1.000468444824218750e+03
-9.994146118164062500e+02
-9.991192016601562500e+02
-1.000718017578125000e+03
-9.997556152343750000e+02
-9.993638916015625000e+02
-9.996063842773437500e+02
-1.002061096191406250e+03
-1.000112548828125000e+03
-1.000282531738281250e+03
-1.000236267089843750e+03
-9.996123046875000000e+02
-1.000767761230468750e+03
-1.000416076660156250e+03
-1.000468017578125000e+03
-1.000308288574218750e+03
-1.000746215820312500e+03
-1.000515380859375000e+03
-1.000246704101562500e+03
-1.000470031738281250e+03
-1.000009399414062500e+03
-1.000464538574218750e+03
-1.000211303710937500e+03
-9.999221801757812500e+02
-9.994212646484375000e+02
-1.000877441406250000e+03
-1.000120117187500000e+03
-9.995704956054687500e+02
-9.993027343750000000e+02
-1.000854492187500000e+03
-1.000760681152343750e+03
-9.997924804687500000e+02
-1.000356628417968750e+03
-9.997535400390625000e+02
-1.000828796386718750e+03
-1.000727111816406250e+03
-9.991003417968750000e+02
-9.998562011718750000e+02
-9.994635009765625000e+02
-9.993714599609375000e+02
-1.000013305664062500e+03
-9.995490722656250000e+02
-9.997294311523437500e+02
-9.999181518554687500e+02
-1.000378173828125000e+03
-9.991330566406250000e+02
-9.994312744140625000e+02
-1.000049377441406250e+03
-9.993519287109375000e+02
-9.999925537109375000e+02
-1.001026123046875000e+03
-9.997307739257812500e+02
-9.999029541015625000e+02
-1.000021179199218750e+03
-9.995006713867187500e+02
-1.000302795410156250e+03
-9.997247924804687500e+02
-1.000138793945312500e+03
-9.996877441406250000e+02
-1.000403991699218750e+03
-1.000181884765625000e+03
-9.994686889648437500e+02
-9.999044799804687500e+02
-1.000100463867187500e+03
-1.000064270019531250e+03
-1.000472045898437500e+03
-1.000040161132812500e+03
-9.996636962890625000e+02
-1.000123840332031250e+03
-1.000599121093750000e+03
-9.998914184570312500e+02
-9.994313354492187500e+02
-1.000225402832031250e+03
-1.000162597656250000e+03
-9.995282592773437500e+02
-1.000144653320312500e+03
-9.997949829101562500e+02
-9.998245849609375000e+02
-1.000113830566406250e+03
-9.997083129882812500e+02
-9.997645874023437500e+02
-1.000258544921875000e+03
-9.998442382812500000e+02
-1.000080932617187500e+03
-9.993438110351562500e+02
-9.999971313476562500e+02
-9.998192749023437500e+02
-9.998054199218750000e+02
-1.001159851074218750e+03
-1.000656066894531250e+03
-9.998903198242187500e+02
-1.001054504394531250e+03
-9.993295898437500000e+02
-1.000610107421875000e+03
-1.000827209472656250e+03
-1.000203674316406250e+03
-9.999234008789062500e+02
-9.991430664062500000e+02
-9.998712768554687500e+02
-1.000098327636718750e+03
-9.997672119140625000e+02
-9.997330322265625000e+02
-1.000714050292968750e+03
-9.999413452148437500e+02
-9.999428710937500000e+02
-9.997871704101562500e+02
-9.998015747070312500e+02
-9.999348754882812500e+02
-9.992504882812500000e+02
-1.000322204589843750e+03
-9.999600830078125000e+02
-1.000677429199218750e+03
-9.997614746093750000e+02
-9.997573242187500000e+02
-9.992540893554687500e+02
-1.000655761718750000e+03
-1.000073242187500000e+03
-1.000124633789062500e+03
-9.997459106445312500e+02
-1.000311340332031250e+03
-9.995530395507812500e+02
-9.988068237304687500e+02
-9.998988037109375000e+02
-9.997226562500000000e+02
-9.997753295898437500e+02
-9.996024780273437500e+02
-9.996369628906250000e+02
-1.001030944824218750e+03
-9.993531494140625000e+02
-9.998112792968750000e+02
-1.000125000000000000e+03
-9.998337402343750000e+02
-1.000521423339843750e+03
-1.000278869628906250e+03
-9.997815551757812500e+02
-1.000287048339843750e+03
-9.998657226562500000e+02
-9.993512573242187500e+02
-9.997839355468750000e+02
-1.000991821289062500e+03
-9.999777832031250000e+02
-1.000901123046875000e+03
-9.998466796875000000e+02
-1.000047546386718750e+03
-9.996711425781250000e+02
-9.997481079101562500e+02
-9.998259887695312500e+02
-9.998123168945312500e+02
-1.000424926757812500e+03
-1.000302429199218750e+03
-9.997791748046875000e+02
-9.991715087890625000e+02
-9.996206665039062500e+02
-1.000228637695312500e+03
-1.000550598144531250e+03
-1.000050109863281250e+03
-1.000670288085937500e+03
-9.997153320312500000e+02
-9.997135009765625000e+02
-9.992675781250000000e+02
-9.995435791015625000e+02
-9.998657836914062500e+02
-1.000580749511718750e+03
-1.000743469238281250e+03
-9.997440795898437500e+02
-9.996026611328125000e+02
-9.996954345703125000e+02
-9.998983764648437500e+02
-1.000412658691406250e+03
-1.001292968750000000e+03
-9.999520263671875000e+02
-1.000474426269531250e+03
-9.995308837890625000e+02
-9.994494628906250000e+02
-1.000003173828125000e+03
-1.000613830566406250e+03
-1.000879638671875000e+03
-1.000128479003906250e+03
-9.993012695312500000e+02
-9.999840087890625000e+02
-1.000348388671875000e+03
-9.994177856445312500e+02
-1.000389526367187500e+03
-9.995891113281250000e+02
-1.000693908691406250e+03
-9.993920288085937500e+02
-9.999769897460937500e+02
-1.000389526367187500e+03
-9.998535766601562500e+02
-1.000026367187500000e+03
-9.999320678710937500e+02
-1.000249084472656250e+03
-1.000052368164062500e+03
-9.995538330078125000e+02
-9.995780029296875000e+02
-1.000456726074218750e+03
-1.000026123046875000e+03
-9.994910278320312500e+02
-1.000588439941406250e+03
-9.998778076171875000e+02
-9.990261230468750000e+02
-1.000066101074218750e+03
-9.990543212890625000e+02
-9.998858032226562500e+02
-1.000684509277343750e+03
-1.000157653808593750e+03
-9.989344482421875000e+02
-9.994846191406250000e+02
-1.000379943847656250e+03
-1.000334533691406250e+03
-9.999435424804687500e+02
-1.000377136230468750e+03
-9.999544677734375000e+02
-1.000116943359375000e+03
-9.999639282226562500e+02
-9.997574462890625000e+02
-1.000561279296875000e+03
-9.999011840820312500e+02
-1.000823425292968750e+03
-1.000445983886718750e+03
-9.991619262695312500e+02
-1.000103820800781250e+03
-9.997025756835937500e+02
-1.000544311523437500e+03
-9.998183593750000000e+02
-1.000384338378906250e+03
-1.000122924804687500e+03
-1.000782836914062500e+03
-9.999119262695312500e+02
-9.992296752929687500e+02
-1.000839721679687500e+03
-1.000033630371093750e+03
-1.000015747070312500e+03
-1.000837951660156250e+03
-1.000042236328125000e+03
-9.996344604492187500e+02
-9.998790283203125000e+02
-9.998292846679687500e+02
-9.998852539062500000e+02
-1.000912536621093750e+03
-9.996102294921875000e+02
-1.000167358398437500e+03
-9.999613037109375000e+02
-1.000569702148437500e+03
-1.000128967285156250e+03
-1.000638916015625000e+03
-1.000238952636718750e+03
-1.000126159667968750e+03
-9.986472778320312500e+02
-9.991045532226562500e+02
-9.998865966796875000e+02
-1.000504333496093750e+03
-1.000338439941406250e+03
-1.000793701171875000e+03
-1.000383056640625000e+03
-9.990004882812500000e+02
-9.998786621093750000e+02
-9.998411254882812500e+02
-1.000011657714843750e+03
-9.997597045898437500e+02
-9.999743652343750000e+02
-1.000612304687500000e+03
-1.000166320800781250e+03
-9.993392333984375000e+02
-1.000116149902343750e+03
-1.000144531250000000e+03
-9.990760498046875000e+02
-1.000348144531250000e+03
-9.996210327148437500e+02
-1.001390502929687500e+03
-1.000315734863281250e+03
-1.000432250976562500e+03
-1.000445739746093750e+03
-9.999495239257812500e+02
-9.993329467773437500e+02
-9.994871826171875000e+02
-9.993714599609375000e+02
-9.999903564453125000e+02
-1.000180358886718750e+03
-1.000028320312500000e+03
-1.000408935546875000e+03
-1.000971374511718750e+03
-1.000137451171875000e+03
-1.000305908203125000e+03
-1.000193847656250000e+03
-1.000045837402343750e+03
-1.000184143066406250e+03
-9.996566772460937500e+02
-1.000137023925781250e+03
-9.994423217773437500e+02
-9.990842895507812500e+02
-1.000299377441406250e+03
-9.993317260742187500e+02
-1.000133300781250000e+03
-9.997971191406250000e+02
-9.998920898437500000e+02
-1.001150634765625000e+03
-1.000052490234375000e+03
-1.000257263183593750e+03
-1.000644104003906250e+03
-9.989034423828125000e+02
-9.997705078125000000e+02
-9.998923339843750000e+02
-9.999547119140625000e+02
-9.999262084960937500e+02
-9.994351196289062500e+02
-1.000600402832031250e+03
-1.000228027343750000e+03
-9.995459594726562500e+02
-9.993918457031250000e+02
-1.000373107910156250e+03
-9.996431884765625000e+02
-9.994541625976562500e+02
-1.000054626464843750e+03
-1.000049316406250000e+03
-9.993438110351562500e+02
-1.000418640136718750e+03
-9.998871459960937500e+02
-9.997805786132812500e+02
-1.000037963867187500e+03
-1.000338500976562500e+03
-1.000546813964843750e+03
-1.000066833496093750e+03
-9.998159790039062500e+02
-1.000200134277343750e+03
-1.000514282226562500e+03
-1.000242126464843750e+03
-9.998812866210937500e+02
-9.997334594726562500e+02
-9.996830444335937500e+02
-1.000845092773437500e+03
-1.000425842285156250e+03
-9.990292358398437500e+02
-9.990435180664062500e+02
-9.987739257812500000e+02
-1.000588745117187500e+03
-1.000905517578125000e+03
-9.998609619140625000e+02
-9.999300537109375000e+02
-1.000045349121093750e+03
-9.995781250000000000e+02
-1.000361511230468750e+03
-9.995234375000000000e+02
-9.998334350585937500e+02
-9.994133911132812500e+02
-1.000638854980468750e+03
-9.995330810546875000e+02
-1.000383789062500000e+03
-1.000644775390625000e+03
-9.994057006835937500e+02
-1.001395019531250000e+03
-1.000918151855468750e+03
-1.000274047851562500e+03
-1.000182495117187500e+03
-9.993173217773437500e+02
-1.000235046386718750e+03
-9.996123046875000000e+02
-1.000202087402343750e+03
-9.994123535156250000e+02
-1.000351623535156250e+03
-1.000830932617187500e+03
-1.000712707519531250e+03
-1.000416748046875000e+03
-9.995239257812500000e+02
-9.997733764648437500e+02
-9.997042846679687500e+02
-9.996217651367187500e+02
-9.994080810546875000e+02
-9.995584106445312500e+02
-9.994689331054687500e+02
-1.000199401855468750e+03
-9.993371582031250000e+02
-1.000356079101562500e+03
-9.998705444335937500e+02
-1.000091247558593750e+03
-1.000785705566406250e+03
-1.000328796386718750e+03
-1.000627563476562500e+03
-9.999301757812500000e+02
-9.992495117187500000e+02
-9.996022338867187500e+02
-9.999115600585937500e+02
-9.999454956054687500e+02
-9.995875854492187500e+02
-9.996617431640625000e+02
-9.995590209960937500e+02
-9.990637207031250000e+02
-9.994177246093750000e+02
-1.000651916503906250e+03
-9.992649536132812500e+02
-9.998809814453125000e+02
-1.000107788085937500e+03
-1.000620544433593750e+03
-1.000605468750000000e+03
-9.999724121093750000e+02
-1.000625183105468750e+03
-1.000507019042968750e+03
-9.998590698242187500e+02
-1.000168273925781250e+03
-1.000589233398437500e+03
-1.000033569335937500e+03
-9.997237548828125000e+02
-9.997959594726562500e+02
-1.000203247070312500e+03
-1.000567199707031250e+03
-1.001763610839843750e+03
-9.997717895507812500e+02
-9.996621704101562500e+02
-9.996862792968750000e+02
-1.000490478515625000e+03
-9.997222290039062500e+02
-9.988533325195312500e+02
-9.998142700195312500e+02
-1.000538330078125000e+03
-9.990474243164062500e+02
-1.000411315917968750e+03
-9.996798706054687500e+02
-9.996401977539062500e+02
-9.998324584960937500e+02
-1.000160034179687500e+03
-1.000295532226562500e+03
-9.994498291015625000e+02
-1.000840698242187500e+03
-1.000639404296875000e+03
-1.000779113769531250e+03
-9.999019775390625000e+02
-9.999049682617187500e+02
-9.992232666015625000e+02
-1.000112976074218750e+03
-1.000227172851562500e+03
-1.000325439453125000e+03
-9.995126342773437500e+02
-1.000445983886718750e+03
-9.999376831054687500e+02
-1.000061523437500000e+03
-1.000676147460937500e+03
-1.001368530273437500e+03
-9.998101196289062500e+02
-1.000271728515625000e+03
-9.998722534179687500e+02
-1.000221801757812500e+03
-1.000540161132812500e+03
-1.000642333984375000e+03
-1.000087036132812500e+03
-9.999020385742187500e+02
-1.000487731933593750e+03
-1.000652343750000000e+03
-1.000340332031250000e+03
-9.995127563476562500e+02
-9.997655639648437500e+02
-9.996476440429687500e+02
-9.995020141601562500e+02
-9.994778442382812500e+02
-1.000001281738281250e+03
-9.998332519531250000e+02
-1.000629394531250000e+03
-9.993046875000000000e+02
-1.000257690429687500e+03
-1.000682617187500000e+03
-9.999866333007812500e+02
-9.997219848632812500e+02
-1.000504150390625000e+03
-9.999933471679687500e+02
-1.000612854003906250e+03
-9.998076782226562500e+02
-1.000182250976562500e+03
-9.998693847656250000e+02
-1.000018371582031250e+03
-9.993552856445312500e+02
-9.996739501953125000e+02
-1.000319152832031250e+03
-1.000207763671875000e+03
-9.999876708984375000e+02
-9.989443969726562500e+02
-1.000011657714843750e+03
-9.999417114257812500e+02
-9.998945922851562500e+02
-1.000066894531250000e+03
-9.997828979492187500e+02
-1.000113220214843750e+03
-9.995938110351562500e+02
-1.000542602539062500e+03
-1.000322021484375000e+03
-1.000018432617187500e+03
-1.001418457031250000e+03
-1.000327514648437500e+03
-1.000178466796875000e+03
-1.000794494628906250e+03
-9.998247070312500000e+02
-1.000402160644531250e+03
-1.000348266601562500e+03
-9.991454467773437500e+02
-9.992671508789062500e+02
-9.997999267578125000e+02
-1.000113586425781250e+03
-9.998129882812500000e+02
-9.991792602539062500e+02
-1.000591857910156250e+03
-1.000054077148437500e+03
-9.997051391601562500e+02
-1.000179504394531250e+03
-1.000143737792968750e+03
-1.000546386718750000e+03
-1.000310424804687500e+03
-9.998500976562500000e+02
-1.000480651855468750e+03
-1.000874267578125000e+03
-9.999735717773437500e+02
-1.000515075683593750e+03
-9.995180053710937500e+02
-1.000165649414062500e+03
-1.000692382812500000e+03
-1.000800292968750000e+03
-1.000060363769531250e+03
-1.000236572265625000e+03
-9.997737426757812500e+02
-9.999443359375000000e+02
-9.995392456054687500e+02
-1.000642700195312500e+03
-1.000096313476562500e+03
-9.991207885742187500e+02
-1.000262878417968750e+03
-9.996143798828125000e+02
-9.996259155273437500e+02
-9.997537841796875000e+02
-9.996577758789062500e+02
-1.000598327636718750e+03
-1.000734558105468750e+03
-1.000049438476562500e+03
-1.000506774902343750e+03
-9.996860351562500000e+02
-9.997044067382812500e+02
-1.000197814941406250e+03
-1.000513427734375000e+03
-9.994125976562500000e+02
-9.996013183593750000e+02
-9.995927124023437500e+02
-9.997958374023437500e+02
-1.000646728515625000e+03
-1.000877563476562500e+03
-1.000021972656250000e+03
-1.000034912109375000e+03
-1.000292114257812500e+03
-1.000299682617187500e+03
-1.000516113281250000e+03
-9.998567504882812500e+02
-9.998089599609375000e+02
-1.000464904785156250e+03
-9.998334350585937500e+02
-1.000706298828125000e+03
-1.000099548339843750e+03
-1.000544067382812500e+03
-9.994270019531250000e+02
-1.000192016601562500e+03
-9.988933715820312500e+02
-1.000381286621093750e+03
-9.996931762695312500e+02
-1.000010009765625000e+03
-9.993521118164062500e+02
-1.000476928710937500e+03
-1.000081237792968750e+03
-9.997153320312500000e+02
-9.999561157226562500e+02
-9.999819946289062500e+02
-9.997251586914062500e+02
-1.000444030761718750e+03
-9.995911865234375000e+02
-1.000090026855468750e+03
-9.994382934570312500e+02
-1.001083312988281250e+03
-9.998876953125000000e+02
-9.995818481445312500e+02
-9.998640136718750000e+02
-1.000360290527343750e+03
-1.000526977539062500e+03
-1.000332885742187500e+03
-1.000235351562500000e+03
-1.000576232910156250e+03
-1.000288757324218750e+03
-1.000889831542968750e+03
-1.000310119628906250e+03
-1.000068603515625000e+03
-9.995852661132812500e+02
-1.000176330566406250e+03
-9.994675903320312500e+02
-9.999927368164062500e+02
-1.000086242675781250e+03
-9.997241821289062500e+02
-1.000139709472656250e+03
-9.998965454101562500e+02
-1.000638732910156250e+03
-1.001000671386718750e+03
-9.993879394531250000e+02
-1.000251647949218750e+03
-1.000298339843750000e+03
-1.000063659667968750e+03
-9.997536010742187500e+02
-9.997341308593750000e+02
-9.997861938476562500e+02
-9.994827270507812500e+02
-1.000408386230468750e+03
-9.997702636718750000e+02
-1.000162963867187500e+03
-1.000806945800781250e+03
-1.000505432128906250e+03
-9.997030639648437500e+02
-9.992821655273437500e+02
-1.000413391113281250e+03
-1.000235534667968750e+03
-1.000248657226562500e+03
-9.991650390625000000e+02
-1.000245178222656250e+03
-9.988998413085937500e+02
-9.997539062500000000e+02
-1.000678405761718750e+03
-1.000447570800781250e+03
-1.000438659667968750e+03
-9.998662109375000000e+02
-1.000280578613281250e+03
-9.992847900390625000e+02
-9.993473510742187500e+02
-1.000407043457031250e+03
-1.000890686035156250e+03
-9.999749755859375000e+02
-9.997841186523437500e+02
-9.998948974609375000e+02
-9.995004272460937500e+02
-1.000042602539062500e+03
-1.000423950195312500e+03
-9.995399780273437500e+02
-9.999411621093750000e+02
-1.000010620117187500e+03
-9.990209960937500000e+02
-9.997683105468750000e+02
-9.998921508789062500e+02
-9.995697021484375000e+02
-1.000098022460937500e+03
-1.000941772460937500e+03
-1.000230407714843750e+03
-9.998480834960937500e+02
-1.000577087402343750e+03
-9.995560913085937500e+02
-1.000260559082031250e+03
-9.999201049804687500e+02
-9.997575073242187500e+02
-9.996705322265625000e+02
-9.998065795898437500e+02
-1.000619873046875000e+03
-9.999382324218750000e+02
-9.994976196289062500e+02
-9.999197998046875000e+02
-1.000466430664062500e+03
-9.999542236328125000e+02
-9.995163574218750000e+02
-9.999658203125000000e+02
-1.000393249511718750e+03
-1.000468505859375000e+03
-1.000110473632812500e+03
-1.000134948730468750e+03
-1.000075256347656250e+03
-9.998856201171875000e+02
-1.000117858886718750e+03
-9.995921020507812500e+02
-1.000383239746093750e+03
-1.000455139160156250e+03
-1.000577331542968750e+03
-9.997321166992187500e+02
-9.996691284179687500e+02
-1.000812561035156250e+03
-1.000135620117187500e+03
-9.994587402343750000e+02
-1.000507812500000000e+03
-1.000422790527343750e+03
-9.996083984375000000e+02
-9.996540527343750000e+02
-1.000765563964843750e+03
-1.000310180664062500e+03
-9.998486938476562500e+02
-9.996627807617187500e+02
-1.000452087402343750e+03
-1.000436340332031250e+03
-1.000149902343750000e+03
-1.000853027343750000e+03
-1.000113098144531250e+03
-9.999673461914062500e+02
-9.998372802734375000e+02
-9.999290771484375000e+02
-1.000010620117187500e+03
-9.998984375000000000e+02
-1.000920898437500000e+03
-9.995369262695312500e+02
-1.000929931640625000e+03
-1.000118408203125000e+03
-1.001107421875000000e+03
-1.000148986816406250e+03
-9.994070434570312500e+02
-1.000005981445312500e+03
-1.000442382812500000e+03
-1.000242309570312500e+03
-1.000121337890625000e+03
-9.992841796875000000e+02
-9.999176635742187500e+02
-9.988903198242187500e+02
-1.000394104003906250e+03
-1.000976989746093750e+03
-1.000423645019531250e+03
-9.993928833007812500e+02
-9.994297485351562500e+02
-1.000332275390625000e+03
-9.998806152343750000e+02
-1.000697998046875000e+03
-1.000219787597656250e+03
-9.998144531250000000e+02
-9.995108032226562500e+02
-1.000012756347656250e+03
-1.000386108398437500e+03
-1.000507995605468750e+03
-1.000027221679687500e+03
-9.997098388671875000e+02
-1.000859863281250000e+03
-9.999245605468750000e+02
-9.993373413085937500e+02
-1.000487609863281250e+03
-9.993884887695312500e+02
-1.000230224609375000e+03
-1.000383056640625000e+03
-1.001019958496093750e+03
-9.999800415039062500e+02
-9.990050659179687500e+02
-1.000242065429687500e+03
-1.000370605468750000e+03
-9.994443969726562500e+02
-9.993354492187500000e+02
-1.000070068359375000e+03
-1.000214965820312500e+03
-1.000280151367187500e+03
-1.000062133789062500e+03
-9.985105590820312500e+02
-1.000186218261718750e+03
-9.999002075195312500e+02
-9.999856567382812500e+02
-1.000822265625000000e+03
-9.989099121093750000e+02
-9.989957885742187500e+02
-1.000383483886718750e+03
-1.000075195312500000e+03
-9.999686279296875000e+02
-9.999696044921875000e+02
-9.997820434570312500e+02
-1.000801086425781250e+03
-9.997617797851562500e+02
-1.000044677734375000e+03
-1.000845581054687500e+03
-9.995058593750000000e+02
-1.000100769042968750e+03
-1.000398437500000000e+03
-9.998669433593750000e+02
-1.000261718750000000e+03
-1.000851684570312500e+03
-9.989484252929687500e+02
-1.000897155761718750e+03
-1.000161132812500000e+03
-9.997781982421875000e+02
-9.996081542968750000e+02
-9.996828002929687500e+02
-9.996484985351562500e+02
-1.000676147460937500e+03
-1.000090698242187500e+03
-1.000608886718750000e+03
-9.995633544921875000e+02
-9.991723022460937500e+02
-9.992882080078125000e+02
-9.999796142578125000e+02
-1.001111328125000000e+03
-9.998638305664062500e+02
-9.996563110351562500e+02
-9.993630371093750000e+02
-9.999073486328125000e+02
-1.000395690917968750e+03
-1.001265319824218750e+03
-9.991237792968750000e+02
-9.998670043945312500e+02
-9.994654541015625000e+02
-9.990589599609375000e+02
-1.000098999023437500e+03
-9.994100341796875000e+02
-1.000152648925781250e+03
-1.000056884765625000e+03
-1.000208984375000000e+03
-1.000357543945312500e+03
-9.999192504882812500e+02
-9.988953247070312500e+02
-1.000704223632812500e+03
-9.995097656250000000e+02
-1.000527770996093750e+03
-9.997001953125000000e+02
-1.000195068359375000e+03
-9.997402343750000000e+02
-9.999359130859375000e+02
-9.999407958984375000e+02
-9.996030883789062500e+02
-9.995187377929687500e+02
-9.995601196289062500e+02
-9.999652709960937500e+02
-9.994038085937500000e+02
-1.000423278808593750e+03
-9.995862426757812500e+02
-1.000165283203125000e+03
-9.996102294921875000e+02
-9.997918090820312500e+02
-1.000673645019531250e+03
-1.000209777832031250e+03
-1.000744262695312500e+03
-9.995815429687500000e+02
-1.000080566406250000e+03
-1.000477478027343750e+03
-9.997955932617187500e+02
-1.000075927734375000e+03
-9.996397094726562500e+02
-9.992800903320312500e+02
-1.000716979980468750e+03
-1.000432373046875000e+03
-9.999594726562500000e+02
-1.000805786132812500e+03
-1.000529846191406250e+03
-1.000588012695312500e+03
-1.000333618164062500e+03
-9.990903320312500000e+02
-9.994705810546875000e+02
-9.998403320312500000e+02
-9.998013916015625000e+02
-9.988208007812500000e+02
-9.999670410156250000e+02
-1.000107055664062500e+03
-1.000310791015625000e+03
-9.999819335937500000e+02
-9.996987915039062500e+02
-9.995358886718750000e+02
-9.995463256835937500e+02
-1.000918701171875000e+03
-1.000190795898437500e+03
-9.997683715820312500e+02
-9.999706420898437500e+02
-1.000679565429687500e+03
-1.001198852539062500e+03
-9.995266723632812500e+02
-1.000263183593750000e+03
-9.998662719726562500e+02
-9.992586669921875000e+02
-9.999278564453125000e+02
-1.000334716796875000e+03
-1.000871032714843750e+03
-9.998650512695312500e+02
-1.000668762207031250e+03
-1.000022155761718750e+03
-1.000650634765625000e+03
-9.994436035156250000e+02
-9.998244018554687500e+02
-1.000204589843750000e+03
-1.000279296875000000e+03
-1.000228637695312500e+03
-9.999046020507812500e+02
-9.988948364257812500e+02
-9.999812622070312500e+02
-1.000179626464843750e+03
-9.994003295898437500e+02
-1.000232482910156250e+03
-1.000388916015625000e+03
-9.992557373046875000e+02
-1.000015991210937500e+03
-1.000742492675781250e+03
-1.000473571777343750e+03
-9.994100341796875000e+02
-9.997732543945312500e+02
-9.999478149414062500e+02
-1.000442993164062500e+03
-9.996901245117187500e+02
-9.998203125000000000e+02
-1.000613342285156250e+03
-9.999144287109375000e+02
-9.993515625000000000e+02
-1.000176940917968750e+03
-9.992601318359375000e+02
-9.999708862304687500e+02
-9.997192382812500000e+02
-9.994309082031250000e+02
-9.992413330078125000e+02
-1.000058410644531250e+03
-1.000329772949218750e+03
-9.996647338867187500e+02
-9.999443359375000000e+02
-1.000284851074218750e+03
-1.000313598632812500e+03
-1.000615905761718750e+03
-1.000686401367187500e+03
-9.999843139648437500e+02
-1.000466613769531250e+03
-1.000323608398437500e+03
-9.991870117187500000e+02
-9.992542724609375000e+02
-1.000536071777343750e+03
-1.000783569335937500e+03
-1.000115783691406250e+03
-9.997650146484375000e+02
-1.000511535644531250e+03
-1.000676879882812500e+03
-9.987133178710937500e+02
-9.996911621093750000e+02
-1.000956787109375000e+03
-9.999177856445312500e+02
-1.000061401367187500e+03
-9.996398925781250000e+02
-9.993846435546875000e+02
-1.000042907714843750e+03
-9.991189575195312500e+02
-1.000611206054687500e+03
-9.995345458984375000e+02
-9.997578735351562500e+02
-9.997131347656250000e+02
-1.000430969238281250e+03
-1.000030883789062500e+03
-1.000250976562500000e+03
-9.995018310546875000e+02
-1.000277770996093750e+03
-1.000059875488281250e+03
-1.000444824218750000e+03
-1.000796936035156250e+03
-9.999254150390625000e+02
-1.000192077636718750e+03
-9.997297363281250000e+02
-9.995873413085937500e+02
-9.998085327148437500e+02
-1.000062438964843750e+03
-1.000182983398437500e+03
-1.000689086914062500e+03
-9.996921997070312500e+02
-1.000084960937500000e+03
-9.990149536132812500e+02
-1.000105224609375000e+03
-9.996780395507812500e+02
-1.000050903320312500e+03
-1.000355590820312500e+03
-9.999351806640625000e+02
-1.000364746093750000e+03
-9.994331054687500000e+02
-1.000136657714843750e+03
-9.995927124023437500e+02
-9.997433471679687500e+02
-1.000001464843750000e+03
-9.993829956054687500e+02
-9.995587768554687500e+02
-1.000381591796875000e+03
-9.994171142578125000e+02
-1.001009460449218750e+03
-1.000381347656250000e+03
-9.997962646484375000e+02
-1.000323120117187500e+03
-1.000074523925781250e+03
-1.000076354980468750e+03
-1.000991455078125000e+03
-1.000483520507812500e+03
-1.000074523925781250e+03
-9.999675292968750000e+02
-1.000112731933593750e+03
-9.999173583984375000e+02
-9.999171142578125000e+02
-1.000112670898437500e+03
-1.000101196289062500e+03
-9.999338989257812500e+02
-9.998177490234375000e+02
-1.000667297363281250e+03
-9.999172363281250000e+02
-9.999567871093750000e+02
-9.997269287109375000e+02
-9.997164916992187500e+02
-9.999957275390625000e+02
-1.001047180175781250e+03
-9.995286254882812500e+02
-9.989591064453125000e+02
-9.996914672851562500e+02
-1.000853515625000000e+03
-9.998286743164062500e+02
-9.996091308593750000e+02
-9.991340332031250000e+02
-9.995548095703125000e+02
-1.000199829101562500e+03
-1.000345642089843750e+03
-9.997116088867187500e+02
-1.000113952636718750e+03
-9.989854736328125000e+02
-1.000216613769531250e+03
-9.995705566406250000e+02
-9.997756958007812500e+02
-1.000644470214843750e+03
-9.991392822265625000e+02
-1.000963684082031250e+03
-9.995515136718750000e+02
-9.999529418945312500e+02
-1.000070922851562500e+03
-9.997611083984375000e+02
-1.000259887695312500e+03
-9.995061035156250000e+02
-9.992943115234375000e+02
-1.000153991699218750e+03
-1.000473999023437500e+03
-9.991140747070312500e+02
-1.000415832519531250e+03
-9.997021484375000000e+02
-1.000499023437500000e+03
-9.999744873046875000e+02
-1.000520446777343750e+03
-1.001128112792968750e+03
-9.992699584960937500e+02
-1.000172302246093750e+03
-9.998512573242187500e+02
-9.998065795898437500e+02
-1.000687011718750000e+03
-9.998670654296875000e+02
-9.996214599609375000e+02
-1.000536987304687500e+03
-1.000308532714843750e+03
-9.996233520507812500e+02
-9.999146118164062500e+02
-1.000678161621093750e+03
-1.000533264160156250e+03
-1.000162414550781250e+03
-1.000385375976562500e+03
-1.000618713378906250e+03
-9.997875366210937500e+02
-9.997153930664062500e+02
-9.998317871093750000e+02
-9.999099121093750000e+02
-1.000401489257812500e+03
-1.000291442871093750e+03
-9.999765625000000000e+02
-1.000472167968750000e+03
-1.000488342285156250e+03
-1.000366149902343750e+03
-1.000293029785156250e+03
-1.000334045410156250e+03
-9.994301147460937500e+02
-1.001149291992187500e+03
-1.000507019042968750e+03
-9.995084838867187500e+02
-1.000118713378906250e+03
-9.999777221679687500e+02
-9.997062988281250000e+02
-9.995825195312500000e+02
-9.992122802734375000e+02
-1.000378295898437500e+03
-9.997628173828125000e+02
-9.997870483398437500e+02
-9.993026733398437500e+02
-9.993634643554687500e+02
-1.000861572265625000e+03
-1.000367980957031250e+03
-1.000743408203125000e+03
-1.000990661621093750e+03
-9.993346557617187500e+02
-9.997247314453125000e+02
-9.999528198242187500e+02
-1.000732360839843750e+03
-9.998981323242187500e+02
-9.990881347656250000e+02
-9.998923339843750000e+02
-1.000977172851562500e+03
-1.000142761230468750e+03
-9.999868774414062500e+02
-9.999328002929687500e+02
-9.992842407226562500e+02
-9.998291625976562500e+02
-9.995642700195312500e+02
-9.999581298828125000e+02
-9.995529174804687500e+02
-9.999620971679687500e+02
-1.000190185546875000e+03
-9.993889770507812500e+02
-1.000553894042968750e+03
-1.000254638671875000e+03
-9.993767089843750000e+02
-1.000354125976562500e+03
-9.998516235351562500e+02
-9.996462402343750000e+02
-9.995724487304687500e+02
-9.998731689453125000e+02
-1.000639038085937500e+03
-9.995834350585937500e+02
-9.994907226562500000e+02
-9.995061035156250000e+02
-1.000101440429687500e+03
-9.994703369140625000e+02
-9.992301025390625000e+02
-9.990085449218750000e+02
-1.000256713867187500e+03
-9.990622558593750000e+02
-1.000192016601562500e+03
-1.000227172851562500e+03
-9.992260742187500000e+02
-1.000014099121093750e+03
-1.000152709960937500e+03
-1.000530273437500000e+03
-1.000072387695312500e+03
-9.993795166015625000e+02
-1.000706848144531250e+03
-9.996458129882812500e+02
-1.000565002441406250e+03
-1.000338562011718750e+03
-9.995364990234375000e+02
-9.994927368164062500e+02
-1.000587646484375000e+03
-9.999026489257812500e+02
-9.997670898437500000e+02
-9.996165771484375000e+02
-9.996939697265625000e+02
-1.000313171386718750e+03
-9.998740234375000000e+02
-9.997353515625000000e+02
-9.991592407226562500e+02
-1.000112670898437500e+03
-9.999924316406250000e+02
-1.000791320800781250e+03
-9.996339721679687500e+02
-1.000311157226562500e+03
-9.997883911132812500e+02
-9.997962646484375000e+02
-1.000460632324218750e+03
-9.997297973632812500e+02
-9.999492187500000000e+02
-9.998586425781250000e+02
-9.997385864257812500e+02
-9.989553833007812500e+02
-1.000088256835937500e+03
-1.000385253906250000e+03
-9.991844482421875000e+02
-9.995022583007812500e+02
-1.000078613281250000e+03
-1.000263977050781250e+03
-9.995369873046875000e+02
-9.995114746093750000e+02
-9.993946533203125000e+02
-1.000656005859375000e+03
-1.000554809570312500e+03
-9.996651000976562500e+02
-1.000081726074218750e+03
-1.000631530761718750e+03
-1.000202392578125000e+03
-9.999727783203125000e+02
-9.992941284179687500e+02
-1.000192993164062500e+03
-9.999399414062500000e+02
-9.998944702148437500e+02
-1.000898681640625000e+03
-1.000463684082031250e+03
-1.000271484375000000e+03
-1.000228454589843750e+03
-1.000186584472656250e+03
-9.996411132812500000e+02
-9.998738403320312500e+02
-9.996834106445312500e+02
-1.000232055664062500e+03
-9.995951538085937500e+02
-9.993557739257812500e+02
-9.999449462890625000e+02
-1.000375976562500000e+03
-9.994906616210937500e+02
-9.998477172851562500e+02
-1.000122009277343750e+03
-1.000532287597656250e+03
-1.000632446289062500e+03
-1.000539062500000000e+03
-1.000879638671875000e+03
-1.000348266601562500e+03
-1.000013671875000000e+03
-1.000089294433593750e+03
-9.999804077148437500e+02
-9.995388793945312500e+02
-1.000108398437500000e+03
-9.997548217773437500e+02
-9.993455810546875000e+02
-9.993515625000000000e+02
-1.001524963378906250e+03
-1.000479980468750000e+03
-1.000485412597656250e+03
-1.000450988769531250e+03
-9.998026123046875000e+02
-9.983027954101562500e+02
-9.997399902343750000e+02
-1.000834655761718750e+03
-1.000173645019531250e+03
-1.000614318847656250e+03
-9.991893920898437500e+02
-9.997000732421875000e+02
-9.998345336914062500e+02
-1.000937988281250000e+03
-1.000606201171875000e+03
-1.000456237792968750e+03
-9.994329223632812500e+02
-9.997061157226562500e+02
-1.000163391113281250e+03
-1.000437561035156250e+03
-1.000110168457031250e+03
-9.995213623046875000e+02
-9.997975463867187500e+02
-1.000173339843750000e+03
-9.994949340820312500e+02
-1.000624145507812500e+03
-1.000219116210937500e+03
-9.996386108398437500e+02
-1.001168457031250000e+03
-1.000212158203125000e+03
-9.997964477539062500e+02
-1.000286315917968750e+03
-1.001165161132812500e+03
-1.000758789062500000e+03
-1.000109375000000000e+03
-1.000600585937500000e+03
-1.000152709960937500e+03
-1.000474548339843750e+03
-1.000490905761718750e+03
-1.000610168457031250e+03
-9.996442871093750000e+02
-1.000214538574218750e+03
-1.000155212402343750e+03
-9.999219360351562500e+02
-1.000167663574218750e+03
-1.000518005371093750e+03
-1.000296691894531250e+03
-9.999302978515625000e+02
-1.000493408203125000e+03
-1.000098388671875000e+03
-1.000538879394531250e+03
-9.994409790039062500e+02
-9.998710937500000000e+02
-1.000667419433593750e+03
-1.000138122558593750e+03
-9.996672363281250000e+02
-9.999359741210937500e+02
-9.993629760742187500e+02
-1.000298583984375000e+03
-1.000267517089843750e+03
-9.999474487304687500e+02
-9.987188720703125000e+02
-9.999556884765625000e+02
-1.001095092773437500e+03
-1.000138916015625000e+03
-9.996081542968750000e+02
-1.000205993652343750e+03
-1.001059509277343750e+03
-9.993427124023437500e+02
-1.000617004394531250e+03
-1.000419372558593750e+03
-9.996969604492187500e+02
-1.000008544921875000e+03
-1.000567687988281250e+03
-1.001245178222656250e+03
-1.000002563476562500e+03
-1.000162414550781250e+03
-9.994544677734375000e+02
-9.993905029296875000e+02
-1.000549011230468750e+03
-1.000457885742187500e+03
-9.987724609375000000e+02
-1.000991088867187500e+03
-1.000064025878906250e+03
-1.000274108886718750e+03
-1.000020751953125000e+03
-9.992808837890625000e+02
-1.000568969726562500e+03
-1.000544311523437500e+03
-1.000061096191406250e+03
-9.995591430664062500e+02
-1.000501220703125000e+03
-9.989519653320312500e+02
-9.992315673828125000e+02
-9.998162231445312500e+02
-9.996030883789062500e+02
-1.000511413574218750e+03
-9.996066894531250000e+02
-9.999039916992187500e+02
-1.001248229980468750e+03
-1.000170227050781250e+03
-1.000205505371093750e+03
-1.000018066406250000e+03
-1.000113281250000000e+03
-1.000274902343750000e+03
-9.993576049804687500e+02
-9.996228027343750000e+02
-1.000380310058593750e+03
-1.000226440429687500e+03
-9.997972412109375000e+02
-9.993289184570312500e+02
-9.998386840820312500e+02
-9.999590454101562500e+02
-1.000355529785156250e+03
-9.994876708984375000e+02
-9.996387329101562500e+02
-1.000401123046875000e+03
-9.996209716796875000e+02
-1.000125427246093750e+03
-1.000214233398437500e+03
-9.994038085937500000e+02
-9.992996215820312500e+02
-9.992399291992187500e+02
-1.000457153320312500e+03
-9.988936157226562500e+02
-1.000479125976562500e+03
-1.000457641601562500e+03
-1.000389770507812500e+03
-9.991951293945312500e+02
-1.000211853027343750e+03
-1.000790283203125000e+03
-9.992416992187500000e+02
-9.995899047851562500e+02
-9.992443847656250000e+02
-9.994338378906250000e+02
-9.994084472656250000e+02
-1.000605224609375000e+03
-1.000450683593750000e+03
-9.998056030273437500e+02
-9.991206054687500000e+02
-9.989025268554687500e+02
-1.000463012695312500e+03
-1.000226196289062500e+03
-9.997074584960937500e+02
-1.000267700195312500e+03
-9.998594360351562500e+02
-9.999122314453125000e+02
-9.998544921875000000e+02
-1.001174438476562500e+03
-9.992536010742187500e+02
-1.000025451660156250e+03
-1.000400085449218750e+03
-1.000483337402343750e+03
-1.000951110839843750e+03
-1.000803283691406250e+03
-1.000283691406250000e+03
-1.000346557617187500e+03
-1.000420837402343750e+03
-9.993615722656250000e+02
-9.995823974609375000e+02
-9.998068847656250000e+02
-9.992904052734375000e+02
-1.000269714355468750e+03
-1.000239929199218750e+03
-1.000119018554687500e+03
-1.000282043457031250e+03
-1.000434082031250000e+03
-1.000327819824218750e+03
-9.992291259765625000e+02
-9.995778808593750000e+02
-9.998541870117187500e+02
-9.992554321289062500e+02
-9.995635375976562500e+02
-9.997863159179687500e+02
-1.000765136718750000e+03
-1.000157531738281250e+03
-1.000008300781250000e+03
-9.995569458007812500e+02
-1.000179565429687500e+03
-1.000253967285156250e+03
-1.000253601074218750e+03
-1.000036926269531250e+03
-9.995321044921875000e+02
-9.993061523437500000e+02
-9.989940795898437500e+02
-9.991998291015625000e+02
-1.000550659179687500e+03
-1.000454711914062500e+03
-1.000306396484375000e+03
-1.000138488769531250e+03
-1.000129455566406250e+03
-1.000173156738281250e+03
-9.994299926757812500e+02
-9.995824584960937500e+02
-9.995139160156250000e+02
-9.999242553710937500e+02
-1.001262634277343750e+03
-1.000168273925781250e+03
-1.000247680664062500e+03
-9.998560791015625000e+02
-9.989464721679687500e+02
-1.000034912109375000e+03
-1.000682861328125000e+03
-1.000626464843750000e+03
-1.000233886718750000e+03
-9.996224975585937500e+02
-9.997068481445312500e+02
-9.999742431640625000e+02
-1.000469299316406250e+03
-1.000342895507812500e+03
-1.000537414550781250e+03
-1.000863525390625000e+03
-9.996241455078125000e+02
-1.000041503906250000e+03
-1.000038818359375000e+03
-9.998656616210937500e+02
-9.999176025390625000e+02
-1.000510314941406250e+03
-1.000479797363281250e+03
-9.993988037109375000e+02
-1.000643920898437500e+03
-9.996521606445312500e+02
-1.000545288085937500e+03
-9.996665039062500000e+02
-1.000112365722656250e+03
-1.001072998046875000e+03
-9.996868896484375000e+02
-9.997048950195312500e+02
-1.000331970214843750e+03
-9.994173583984375000e+02
-9.999990234375000000e+02
-1.000732604980468750e+03
-9.999558715820312500e+02
-9.993901367187500000e+02
-1.000585510253906250e+03
-1.000212219238281250e+03
-1.000673767089843750e+03
-1.000563598632812500e+03
-9.998430175781250000e+02
-1.000000549316406250e+03
-1.001146057128906250e+03
-9.997138061523437500e+02
-1.000723693847656250e+03
-1.000572998046875000e+03
-9.999708862304687500e+02
-1.001188049316406250e+03
-1.000586975097656250e+03
-1.000622802734375000e+03
-1.000634521484375000e+03
-9.997921142578125000e+02
-9.993980712890625000e+02
-1.000055969238281250e+03
-1.000062683105468750e+03
-1.000622253417968750e+03
-1.000203857421875000e+03
-1.000495117187500000e+03
-9.989641113281250000e+02
-9.992615356445312500e+02
-1.000197448730468750e+03
-1.000232971191406250e+03
-1.000178039550781250e+03
-1.000087646484375000e+03
-9.988050537109375000e+02
-1.000399597167968750e+03
-9.991386108398437500e+02
-9.997521972656250000e+02
-1.000488159179687500e+03
-9.996615600585937500e+02
-9.999142456054687500e+02
-9.995203247070312500e+02
-9.988388061523437500e+02
-9.998746948242187500e+02
-9.994483032226562500e+02
-1.000974792480468750e+03
-9.996011352539062500e+02
-1.000148925781250000e+03
-9.997522583007812500e+02
-9.992912597656250000e+02
-1.000376525878906250e+03
-9.996195068359375000e+02
-9.998112792968750000e+02
-1.000027099609375000e+03
-1.000213623046875000e+03
-9.997188110351562500e+02
-9.995212402343750000e+02
-9.994375000000000000e+02
-9.997803955078125000e+02
-1.000461059570312500e+03
-9.997318115234375000e+02
-9.997301635742187500e+02
-9.997020874023437500e+02
-1.000934692382812500e+03
-1.000367980957031250e+03
-1.000330017089843750e+03
-1.000857971191406250e+03
-1.000818176269531250e+03
-9.998485107421875000e+02
-9.999107055664062500e+02
-1.000878417968750000e+03
-1.000769348144531250e+03
-1.000553283691406250e+03
-9.992369384765625000e+02
-9.995376586914062500e+02
-1.000552612304687500e+03
-9.997584228515625000e+02
-9.998402709960937500e+02
-9.992197265625000000e+02
-1.000027465820312500e+03
-9.998212890625000000e+02
-1.000026123046875000e+03
-9.990657348632812500e+02
-1.000244140625000000e+03
-1.000079528808593750e+03
-1.000424133300781250e+03
-9.996105346679687500e+02
-9.998622436523437500e+02
-9.998329467773437500e+02
-1.000159484863281250e+03
-9.994022216796875000e+02
-9.998542480468750000e+02
-9.992610473632812500e+02
-9.997213134765625000e+02
-1.000058166503906250e+03
-1.000642272949218750e+03
-9.999810791015625000e+02
-1.000129272460937500e+03
-1.000139343261718750e+03
-9.994121093750000000e+02
-9.996608276367187500e+02
-1.000127075195312500e+03
-9.995900878906250000e+02
-1.000319946289062500e+03
-1.000085571289062500e+03
-9.999210205078125000e+02
-1.000819335937500000e+03
-9.992202148437500000e+02
-1.000123779296875000e+03
-1.000290893554687500e+03
-9.999100341796875000e+02
-9.993315429687500000e+02
-9.992242431640625000e+02
-1.000575744628906250e+03
-9.994347534179687500e+02
-9.987531127929687500e+02
-9.994370727539062500e+02
-1.000149291992187500e+03
-9.993240356445312500e+02
-1.001133361816406250e+03
-9.990544433593750000e+02
-9.995721435546875000e+02
-1.000522216796875000e+03
-1.000394287109375000e+03
-1.000411926269531250e+03
-1.000015563964843750e+03
-9.998220825195312500e+02
-9.995833129882812500e+02
-1.000018127441406250e+03
-9.996704101562500000e+02
-9.998724975585937500e+02
-1.000224853515625000e+03
-9.993374023437500000e+02
-9.999736938476562500e+02
-1.000954101562500000e+03
-1.000844726562500000e+03
-1.000120239257812500e+03
-9.999144897460937500e+02
-9.995581665039062500e+02
-1.001653015136718750e+03
-9.997230834960937500e+02
-1.000468444824218750e+03
-1.000021362304687500e+03
-9.993238525390625000e+02
-1.000372802734375000e+03
-1.000240478515625000e+03
-1.000077575683593750e+03
-9.998108520507812500e+02
-1.000015441894531250e+03
-9.994781494140625000e+02
-1.000098876953125000e+03
-1.000685729980468750e+03
-9.996761474609375000e+02
-1.000491699218750000e+03
-9.997401123046875000e+02
-1.000408691406250000e+03
-1.000214111328125000e+03
-1.000897277832031250e+03
-9.999042968750000000e+02
-1.000322265625000000e+03
-1.000164978027343750e+03
-9.996646118164062500e+02
-1.000621337890625000e+03
-9.991558837890625000e+02
-9.996754150390625000e+02
-9.996799926757812500e+02
-9.996928710937500000e+02
-1.000123840332031250e+03
-1.000421386718750000e+03
-9.992689819335937500e+02
-1.000106262207031250e+03
-9.997829589843750000e+02
-1.000071533203125000e+03
-1.000611999511718750e+03
-1.000488769531250000e+03
-1.000226562500000000e+03
-1.000016296386718750e+03
-9.999796142578125000e+02
-1.000344604492187500e+03
-1.000329345703125000e+03
-1.000146179199218750e+03
-9.995976562500000000e+02
-9.983769531250000000e+02
-9.995775146484375000e+02
-9.995756225585937500e+02
-1.000306762695312500e+03
-9.996244506835937500e+02
-9.993777465820312500e+02
-9.990867309570312500e+02
-1.000920410156250000e+03
-1.000040161132812500e+03
-9.993527832031250000e+02
-9.999817504882812500e+02
-9.998079223632812500e+02
-1.000076660156250000e+03
-1.000716064453125000e+03
-1.000509155273437500e+03
-9.997500610351562500e+02
-9.994415893554687500e+02
-9.998633422851562500e+02
-1.000211547851562500e+03
-9.988372802734375000e+02
-9.998864135742187500e+02
-9.993492431640625000e+02
-9.992241210937500000e+02
-9.999656372070312500e+02
-9.997139892578125000e+02
-9.994005737304687500e+02
-9.994876098632812500e+02
-1.000791625976562500e+03
-1.000243164062500000e+03
-9.993941040039062500e+02
-9.999472656250000000e+02
-9.997868041992187500e+02
-9.994130249023437500e+02
-1.000944702148437500e+03
-9.994840087890625000e+02
-1.000057312011718750e+03
-9.999747314453125000e+02
-9.995068359375000000e+02
-9.999794311523437500e+02
-9.991416625976562500e+02
-1.000888488769531250e+03
-1.000075805664062500e+03
-1.000485656738281250e+03
-1.000004577636718750e+03
-9.995729370117187500e+02
-9.989174194335937500e+02
-9.997989501953125000e+02
-1.000627685546875000e+03
-9.998201904296875000e+02
-1.000614929199218750e+03
-1.000216857910156250e+03
-1.000270080566406250e+03
-1.000556640625000000e+03
-9.990369873046875000e+02
-1.000453674316406250e+03
-1.000503967285156250e+03
-1.000260314941406250e+03
-1.000477844238281250e+03
-9.996392211914062500e+02
-9.994100952148437500e+02
-9.997426147460937500e+02
-9.997315063476562500e+02
-1.000179687500000000e+03
-9.997097167968750000e+02
-1.000378723144531250e+03
-9.997745971679687500e+02
-1.001330566406250000e+03
-1.000831359863281250e+03
-1.000672851562500000e+03
-9.992456054687500000e+02
-1.000616394042968750e+03
-9.993333740234375000e+02
-9.998862304687500000e+02
-1.000063049316406250e+03
-9.990299682617187500e+02
-1.000109741210937500e+03
-9.999714965820312500e+02
-9.998067626953125000e+02
-9.997603149414062500e+02
-9.996421508789062500e+02
-1.000470031738281250e+03
-9.998672485351562500e+02
-1.000468261718750000e+03
-9.998472290039062500e+02
-9.999859008789062500e+02
-9.994768676757812500e+02
-1.000493286132812500e+03
-1.000023132324218750e+03
-1.000915344238281250e+03
-9.998541870117187500e+02
-9.998357543945312500e+02
-1.000381347656250000e+03
-1.000311523437500000e+03
-1.000353942871093750e+03
-1.000213623046875000e+03
-9.999642333984375000e+02
-1.000383911132812500e+03
-9.991188354492187500e+02
-1.000058044433593750e+03
-9.998360595703125000e+02
-1.000953125000000000e+03
-9.989972534179687500e+02
-1.000012268066406250e+03
-1.000201049804687500e+03
-9.998341674804687500e+02
-9.997705078125000000e+02
-1.000956970214843750e+03
-1.000127929687500000e+03
-1.000923767089843750e+03
-9.991491088867187500e+02
-9.995596923828125000e+02
-1.000158142089843750e+03
-1.000091796875000000e+03
-1.000652770996093750e+03
-1.000358764648437500e+03
-9.999638061523437500e+02
-1.000885314941406250e+03
-1.000129394531250000e+03
-1.000100219726562500e+03
-1.000210510253906250e+03
-1.000584655761718750e+03
-1.001059692382812500e+03
-9.999761352539062500e+02
-9.993235473632812500e+02
-1.000246826171875000e+03
-1.000544555664062500e+03
-9.995189819335937500e+02
-9.996004028320312500e+02
-9.998395385742187500e+02
-1.000673156738281250e+03
-9.997689819335937500e+02
-9.993449707031250000e+02
-1.000413818359375000e+03
-9.999889526367187500e+02
-1.000862854003906250e+03
-1.000327209472656250e+03
-1.000384643554687500e+03
-1.000166748046875000e+03
-1.000535461425781250e+03
-9.997069702148437500e+02
-9.999856567382812500e+02
-1.000573181152343750e+03
-9.992454223632812500e+02
-9.998937377929687500e+02
-1.000499816894531250e+03
-1.000214843750000000e+03
-9.996339721679687500e+02
-9.999177856445312500e+02
-1.000708557128906250e+03
-1.000547119140625000e+03
-9.995944824218750000e+02
-1.000571044921875000e+03
-1.000240112304687500e+03
-1.000226013183593750e+03
-9.995208129882812500e+02
-1.000668823242187500e+03
-9.998542480468750000e+02
-9.997268676757812500e+02
-9.995243530273437500e+02
-9.999287719726562500e+02
-9.998093261718750000e+02
-9.996072387695312500e+02
-1.000076660156250000e+03
-9.995935058593750000e+02
-9.997804565429687500e+02
-9.999154663085937500e+02
-1.000055419921875000e+03
-9.997571411132812500e+02
-1.000352844238281250e+03
-9.994660034179687500e+02
-9.992886962890625000e+02
-1.000339416503906250e+03
-9.999764404296875000e+02
