-1.000360900878906250e+03
-1.000360900878906250e+03
-9.999003906250000000e+02
-9.995960693359375000e+02
-1.000365234375000000e+03
-1.000203674316406250e+03
-9.994077148437500000e+02
-9.999432373046875000e+02
-9.997225341796875000e+02
-9.996038208007812500e+02
-9.998663330078125000e+02
-9.996585693359375000e+02
-9.995455932617187500e+02
-9.993529663085937500e+02
-1.000198181152343750e+03
-9.999072875976562500e+02
-1.000893493652343750e+03
-1.001332031250000000e+03
-9.994754638671875000e+02
-9.996139526367187500e+02
-9.996286010742187500e+02
-9.997747192382812500e+02
