1.635269137866331100e+09
1.635269139846488953e+09
1.635269140846493006e+09
1.635269141846476078e+09
1.635269142846517086e+09
1.635269143846482038e+09
1.635269144846124887e+09
1.635269145846560001e+09
1.635269146846479893e+09
1.635269147846471071e+09
1.635269148846501112e+09
1.635269149846447945e+09
1.635269150846451044e+09
1.635269151846539974e+09
1.635269152846487999e+09
1.635269153846484900e+09
1.635269154846374989e+09
1.635269155846539974e+09
1.635269156846554995e+09
1.635269157846015930e+09
1.635269158846648932e+09
1.635269159846643925e+09
1.635269160846586943e+09
1.635269161847939968e+09
1.635269162846472979e+09
1.635269163846172094e+09
1.635269164846493959e+09
1.635269165846507072e+09
1.635269166846461058e+09
1.635269167846467972e+09
1.635269168846605062e+09
1.635269169846481085e+09
1.635269170846538067e+09
1.635269171846612930e+09
1.635269172846479893e+09
1.635269173846477032e+09
1.635269174846376896e+09
1.635269175846520901e+09
1.635269176846487999e+09
1.635269177846384048e+09
1.635269178846637964e+09
1.635269179846546888e+09
1.635269180846591949e+09
1.635269181846509933e+09
1.635269182846563101e+09
1.635269183846618891e+09
1.635269184846602917e+09
1.635269185846488953e+09
1.635269186846843004e+09
1.635269187846609116e+09
1.635269188846565962e+09
1.635269189846338034e+09
1.635269190846510887e+09
1.635269191846493959e+09
1.635269192846549988e+09
1.635269193846565008e+09
1.635269194846371889e+09
1.635269195846512079e+09
1.635269196846554995e+09
1.635269197846615076e+09
1.635269198846534014e+09
1.635269199846515894e+09
1.635269200846502066e+09
1.635269201846525908e+09
1.635269202846642971e+09
1.635269203846496105e+09
1.635269204846503019e+09
1.635269205846496105e+09
1.635269206846498013e+09
1.635269207846507072e+09
1.635269208846512079e+09
1.635269209846487045e+09
1.635269210846483946e+09
1.635269211846472025e+09
1.635269212846450090e+09
1.635269213846535921e+09
1.635269214846378088e+09
1.635269215846443892e+09
1.635269216846470118e+09
1.635269217846360922e+09
1.635269218846568108e+09
1.635269219846354961e+09
1.635269220846230984e+09
1.635269221846518993e+09
1.635269222846467018e+09
1.635269223846442938e+09
1.635269224846504927e+09
1.635269225846460104e+09
1.635269226846455097e+09
1.635269227846465111e+09
1.635269228846481085e+09
1.635269229846497059e+09
1.635269230846489906e+09
1.635269231846645117e+09
1.635269232846467018e+09
1.635269233846528053e+09
1.635269234846488953e+09
1.635269235846014023e+09
1.635269236846556902e+09
1.635269237846518993e+09
1.635269238846534014e+09
1.635269239846452951e+09
1.635269240846609116e+09
1.635269241846556902e+09
1.635269242846606016e+09
1.635269243846596956e+09
1.635269244846729994e+09
1.635269245846575022e+09
1.635269246846556902e+09
1.635269247846591949e+09
1.635269248845858097e+09
1.635269249846630096e+09
1.635269250847024918e+09
1.635269251846545935e+09
1.635269252846580029e+09
1.635269253846580029e+09
1.635269254846576929e+09
1.635269255846580029e+09
1.635269256846489906e+09
1.635269257846379042e+09
1.635269258846834898e+09
1.635269259846465111e+09
1.635269260846321106e+09
1.635269261846534014e+09
1.635269262846474886e+09
1.635269263846503973e+09
1.635269264846471071e+09
1.635269265846471071e+09
1.635269266846437931e+09
1.635269267846483946e+09
1.635269268846600056e+09
1.635269269846466064e+09
1.635269270846465111e+09
1.635269271846574068e+09
1.635269272846512079e+09
1.635269273846488953e+09
1.635269274846491098e+09
1.635269275846549988e+09
1.635269276846590042e+09
1.635269277846481085e+09
1.635269278846579075e+09
1.635269279846627951e+09
1.635269280846414089e+09
1.635269281846540928e+09
1.635269282846590996e+09
1.635269283846627951e+09
1.635269284846616983e+09
1.635269285846493006e+09
1.635269286846544027e+09
1.635269287846618891e+09
1.635269288846529961e+09
1.635269289845750093e+09
1.635269290846566916e+09
1.635269291846586943e+09
1.635269292846482038e+09
1.635269293846546888e+09
1.635269294846481085e+09
1.635269295846518993e+09
1.635269296846777916e+09
1.635269297846559048e+09
1.635269298846538067e+09
1.635269299846574068e+09
1.635269300846416950e+09
1.635269301846549034e+09
1.635269302846631050e+09
1.635269303846436024e+09
1.635269304846530914e+09
1.635269305846684933e+09
1.635269306846577883e+09
1.635269307846497059e+09
1.635269308846457005e+09
1.635269309846556902e+09
1.635269310846492052e+09
1.635269311846494913e+09
1.635269312846462965e+09
1.635269313846470118e+09
1.635269314846499920e+09
1.635269315846493959e+09
1.635269316846479893e+09
1.635269317846556902e+09
1.635269318846602917e+09
1.635269319846523046e+09
1.635269320846590996e+09
1.635269321846528053e+09
1.635269322846434116e+09
1.635269323846601963e+09
1.635269324846582890e+09
1.635269325846591949e+09
1.635269326846607924e+09
1.635269327846587896e+09
1.635269328846498966e+09
1.635269329846477985e+09
1.635269330846942902e+09
1.635269331846494913e+09
1.635269332846463919e+09
1.635269333846573114e+09
1.635269334846508026e+09
1.635269335846474886e+09
1.635269336846575975e+09
1.635269337846493959e+09
1.635269338846499920e+09
1.635269339846515894e+09
1.635269340846606970e+09
1.635269341846589088e+09
1.635269342846498966e+09
1.635269343845676899e+09
1.635269344846518993e+09
1.635269345846579075e+09
1.635269346846472979e+09
1.635269347846447945e+09
1.635269348846390963e+09
1.635269349846570969e+09
1.635269350846515894e+09
1.635269351846560001e+09
1.635269352846615076e+09
1.635269353846626043e+09
1.635269354846590996e+09
1.635269355846498013e+09
1.635269356846470118e+09
1.635269357846494913e+09
1.635269358846571922e+09
1.635269359846880913e+09
1.635269360846628904e+09
1.635269361846591949e+09
1.635269362846575975e+09
1.635269363846324921e+09
1.635269364846461058e+09
1.635269365846510887e+09
1.635269366847918987e+09
1.635269367846558094e+09
1.635269368846515894e+09
1.635269369846487999e+09
1.635269370846756935e+09
1.635269371846754074e+09
1.635269372846586943e+09
1.635269373845695019e+09
1.635269374846612930e+09
1.635269375846549988e+09
1.635269376846474886e+09
1.635269377846492052e+09
1.635269378846698999e+09
1.635269379846616030e+09
1.635269380846618891e+09
1.635269381846592903e+09
1.635269382846503019e+09
1.635269383846492052e+09
1.635269384846436977e+09
1.635269385846421957e+09
1.635269386846292019e+09
1.635269387846450090e+09
1.635269388846539974e+09
1.635269389849631071e+09
1.635269390846448898e+09
1.635269391846590996e+09
1.635269392846596956e+09
1.635269393846546888e+09
1.635269394846612930e+09
1.635269395846493006e+09
1.635269396846544027e+09
1.635269397846549034e+09
1.635269398846518040e+09
1.635269399846553087e+09
1.635269400846579075e+09
1.635269401846580029e+09
1.635269402846473932e+09
1.635269403846427917e+09
1.635269404847655058e+09
1.635269405846561909e+09
1.635269406846570015e+09
1.635269407846621990e+09
1.635269408846538067e+09
1.635269409846586943e+09
1.635269410846477985e+09
1.635269411846395016e+09
1.635269412846468925e+09
1.635269413846491098e+09
1.635269414846496105e+09
1.635269415846575022e+09
1.635269416846479893e+09
1.635269417846457958e+09
1.635269418846684933e+09
1.635269419846571922e+09
1.635269420846529961e+09
1.635269421846524000e+09
1.635269422846461058e+09
1.635269423846435070e+09
1.635269424846512079e+09
1.635269425846465111e+09
1.635269426846704960e+09
1.635269427846425056e+09
1.635269428846447945e+09
1.635269429846532106e+09
1.635269430846762896e+09
1.635269431846426010e+09
1.635269432846527100e+09
1.635269433846594095e+09
1.635269434846590042e+09
1.635269435846620083e+09
1.635269436846618891e+09
1.635269437846575022e+09
1.635269438846549988e+09
1.635269439846524954e+09
1.635269440847213030e+09
1.635269441846610069e+09
1.635269442846226931e+09
1.635269443846093893e+09
1.635269444846494913e+09
1.635269445846592903e+09
1.635269446846611023e+09
1.635269447846559048e+09
1.635269448846548080e+09
1.635269449846579075e+09
1.635269450846610069e+09
1.635269451846232891e+09
1.635269452846472979e+09
1.635269453846544981e+09
1.635269454846570015e+09
1.635269455846488953e+09
1.635269456846373081e+09
1.635269457846541882e+09
1.635269458846566916e+09
1.635269459846514940e+09
1.635269460846813917e+09
1.635269461846605062e+09
1.635269462846479893e+09
1.635269463846399069e+09
1.635269464846492052e+09
1.635269465846580982e+09
1.635269466846451998e+09
1.635269467846440077e+09
1.635269468846474886e+09
1.635269469846576929e+09
1.635269470846610069e+09
1.635269471846626997e+09
1.635269472846573114e+09
1.635269473846585989e+09
1.635269474846573114e+09
1.635269475846556902e+09
1.635269476846549034e+09
1.635269477846575975e+09
1.635269478846574068e+09
1.635269479846576929e+09
1.635269480846620083e+09
1.635269481846575975e+09
1.635269482846508980e+09
1.635269483846329927e+09
1.635269484846535921e+09
1.635269485846601963e+09
1.635269486846649885e+09
1.635269487846579075e+09
1.635269488846520901e+09
1.635269489846637011e+09
1.635269490846599102e+09
1.635269491846465111e+09
1.635269492846504927e+09
1.635269493846618891e+09
1.635269494846496105e+09
1.635269495846456051e+09
1.635269496846462011e+09
1.635269497846194029e+09
1.635269498846434116e+09
1.635269499846507072e+09
1.635269500846496105e+09
1.635269501846420050e+09
1.635269502846471071e+09
1.635269503846625090e+09
1.635269504846525908e+09
1.635269505846518040e+09
1.635269506846342087e+09
1.635269507846419096e+09
1.635269508846625090e+09
1.635269509846553087e+09
1.635269510846473932e+09
1.635269511846410990e+09
1.635269512846580982e+09
1.635269513846607924e+09
1.635269514846570015e+09
1.635269515846563101e+09
1.635269516845637083e+09
1.635269517846484900e+09
1.635269518846438885e+09
1.635269519846504927e+09
1.635269520846502066e+09
1.635269521846577883e+09
1.635269522846575022e+09
1.635269523846412897e+09
1.635269524846431017e+09
1.635269525846541882e+09
1.635269526846410990e+09
1.635269527846432924e+09
1.635269528846544981e+09
1.635269529846647024e+09
1.635269530846596956e+09
1.635269531846596003e+09
1.635269532846762896e+09
1.635269533846468925e+09
1.635269534846539021e+09
1.635269535846435070e+09
1.635269536846447945e+09
1.635269537846452951e+09
1.635269538846178055e+09
1.635269539846537113e+09
1.635269540846596003e+09
1.635269541846478939e+09
1.635269542846539021e+09
1.635269543846287012e+09
1.635269544846501112e+09
1.635269545846518993e+09
1.635269546846491098e+09
1.635269547846520901e+09
1.635269548846566916e+09
1.635269549846687078e+09
1.635269550846582890e+09
1.635269551846559048e+09
1.635269552846441984e+09
1.635269553846478939e+09
1.635269554846425056e+09
1.635269555846524954e+09
1.635269556846580982e+09
1.635269557846577883e+09
1.635269558846487999e+09
1.635269559846483946e+09
1.635269560846556902e+09
1.635269561846504927e+09
1.635269562846477985e+09
1.635269563846421003e+09
1.635269564846483946e+09
1.635269565846465111e+09
1.635269566846389055e+09
1.635269567846436024e+09
1.635269568846484900e+09
1.635269569846395969e+09
1.635269570846436977e+09
1.635269571846546888e+09
1.635269572846556902e+09
1.635269573846566916e+09
1.635269574846580029e+09
1.635269575846611977e+09
1.635269576846606016e+09
1.635269577846574068e+09
1.635269578846508026e+09
1.635269579846513987e+09
1.635269580846576929e+09
1.635269581846868992e+09
1.635269582846604109e+09
1.635269583846551895e+09
1.635269584846554995e+09
1.635269585846570015e+09
1.635269586846350908e+09
1.635269587846451044e+09
1.635269588846421957e+09
1.635269589846522093e+09
1.635269590846504927e+09
1.635269591846546888e+09
1.635269592846502066e+09
1.635269593845648050e+09
1.635269594847273111e+09
1.635269595846503973e+09
1.635269596846515894e+09
1.635269597846584082e+09
1.635269598846529007e+09
1.635269599846589088e+09
1.635269600846613884e+09
1.635269601846566916e+09
1.635269602846524954e+09
1.635269603846493959e+09
1.635269604846560955e+09
1.635269605846543074e+09
1.635269606846317053e+09
1.635269607846477985e+09
1.635269608846506119e+09
1.635269609846638918e+09
1.635269610846524000e+09
1.635269611846621990e+09
1.635269612846499920e+09
1.635269613846477985e+09
1.635269614846488953e+09
1.635269615846484900e+09
1.635269616846487999e+09
1.635269617846575022e+09
1.635269618846144915e+09
1.635269619846502066e+09
1.635269620846473932e+09
1.635269621846549988e+09
1.635269622846576929e+09
1.635269623846566916e+09
1.635269624846584082e+09
1.635269625846570969e+09
1.635269626846473932e+09
1.635269627846460104e+09
1.635269628846466064e+09
1.635269629846329927e+09
1.635269630846518993e+09
1.635269631846529007e+09
1.635269632846517086e+09
1.635269633846461058e+09
1.635269634846450090e+09
1.635269635846524000e+09
1.635269636846438885e+09
1.635269637846450090e+09
1.635269638846543074e+09
1.635269639846601009e+09
1.635269640846553087e+09
1.635269641846554995e+09
1.635269642846584082e+09
1.635269643846565008e+09
1.635269644846560955e+09
1.635269645846432924e+09
1.635269646846404076e+09
1.635269647846455097e+09
1.635269648846420050e+09
1.635269649846370935e+09
1.635269650846451044e+09
1.635269651846545935e+09
1.635269652846580982e+09
1.635269653846473932e+09
1.635269654846441031e+09
1.635269655846491098e+09
1.635269656846478939e+09
1.635269657846525908e+09
1.635269658846456051e+09
1.635269659846496105e+09
1.635269660846616983e+09
1.635269661846570015e+09
1.635269662846566916e+09
1.635269663846597910e+09
1.635269664846580982e+09
1.635269665846549988e+09
1.635269666846491098e+09
1.635269667846468925e+09
1.635269668846415997e+09
1.635269669846349955e+09
1.635269670846389055e+09
1.635269671846452951e+09
1.635269672846498966e+09
1.635269673846546888e+09
1.635269674846569061e+09
1.635269675846476078e+09
1.635269676846455097e+09
1.635269677846538067e+09
1.635269678846398115e+09
1.635269679846509933e+09
1.635269680846745968e+09
1.635269681846466064e+09
1.635269682846465111e+09
1.635269683846534014e+09
1.635269684846580029e+09
1.635269685846609116e+09
1.635269686846580982e+09
1.635269687846524000e+09
1.635269688846609116e+09
1.635269689846409082e+09
1.635269690846453905e+09
1.635269691846558094e+09
1.635269692846434116e+09
1.635269693846522093e+09
1.635269694846601009e+09
1.635269695846514940e+09
1.635269696846539974e+09
1.635269697846592903e+09
1.635269698846478939e+09
1.635269699846605062e+09
1.635269700846586943e+09
1.635269701846590996e+09
1.635269702846585989e+09
1.635269703846507072e+09
1.635269704846442938e+09
1.635269705846498013e+09
1.635269706846545935e+09
1.635269707846328020e+09
1.635269708846405029e+09
1.635269709846410036e+09
1.635269710846493959e+09
1.635269711846582890e+09
1.635269712846525908e+09
1.635269713846208096e+09
1.635269714846560955e+09
1.635269715846676111e+09
1.635269716846503019e+09
1.635269717846530914e+09
1.635269718846498013e+09
1.635269719846576929e+09
1.635269720846596003e+09
1.635269721846591949e+09
1.635269722846499920e+09
1.635269723846496105e+09
1.635269724846772909e+09
1.635269725846487999e+09
1.635269726846540928e+09
1.635269727846544981e+09
1.635269728846405029e+09
1.635269729846618891e+09
1.635269730846529007e+09
1.635269731846487999e+09
1.635269732846329927e+09
1.635269733846466064e+09
1.635269734846448898e+09
1.635269735846381903e+09
1.635269736846580029e+09
1.635269737846570969e+09
1.635269738846364975e+09
1.635269831846486092e+09
1.635269832846523046e+09
1.635269833846645117e+09
1.635269834846466064e+09
1.635269835846472979e+09
1.635269836846476078e+09
1.635269837846506119e+09
1.635269838846519947e+09
1.635269839846487999e+09
1.635269840846599102e+09
1.635269841846637964e+09
1.635269842846613884e+09
1.635269843846499920e+09
1.635269844846540928e+09
1.635269845846792936e+09
1.635269846846611023e+09
1.635269847846582890e+09
1.635269848846606970e+09
1.635269849846653938e+09
1.635269850846586943e+09
1.635269851846645117e+09
1.635269852846431017e+09
1.635269853846569061e+09
1.635269854846371889e+09
1.635269855846494913e+09
1.635269856846545935e+09
1.635269857847243071e+09
1.635269858846632004e+09
1.635269859846604109e+09
1.635269860846645117e+09
1.635269861846641064e+09
1.635269862846632004e+09
1.635269863846558094e+09
1.635269864846524954e+09
1.635269865846616983e+09
1.635269866846600056e+09
1.635269867846582890e+09
1.635269868846594095e+09
1.635269869846649885e+09
1.635269870846632957e+09
1.635269871846565962e+09
1.635269872846447945e+09
1.635269873846570015e+09
1.635269874846513033e+09
1.635269875846463919e+09
1.635269876846573114e+09
1.635269877846465111e+09
1.635269878846739054e+09
1.635269879846488953e+09
1.635269880846550941e+09
1.635269881846493959e+09
1.635269882846647024e+09
1.635269883846524000e+09
1.635269884846504927e+09
1.635269885846569061e+09
1.635269886846527100e+09
1.635269887846529007e+09
1.635269888846492052e+09
1.635269889846561909e+09
1.635269890846533060e+09
1.635269891846585989e+09
1.635269892846456051e+09
1.635269893846586943e+09
1.635269894846596956e+09
1.635269895846460104e+09
1.635269896846741915e+09
1.635269897846621990e+09
1.635269898846530914e+09
1.635269899846493959e+09
1.635269900846606016e+09
1.635269901846657038e+09
1.635269902846693039e+09
1.635269903846537113e+09
1.635269904846493006e+09
1.635269905846544981e+09
1.635269906846496105e+09
1.635269907846574068e+09
1.635269908846597910e+09
1.635269909846522093e+09
1.635269910846573114e+09
1.635269911846579075e+09
1.635269912846580029e+09
1.635269913846509933e+09
1.635269914846549034e+09
1.635269915846595049e+09
1.635269916846635103e+09
1.635269917846693039e+09
1.635269918846436024e+09
1.635269919846535921e+09
1.635269920846540928e+09
1.635269921846488953e+09
1.635269922846523046e+09
1.635269923846494913e+09
1.635269924846539021e+09
1.635269925846524954e+09
1.635269926846483946e+09
1.635269927846549988e+09
1.635269928846502066e+09
1.635269929846482992e+09
1.635269930846571922e+09
1.635269931846553087e+09
1.635269932846442938e+09
1.635269933846544027e+09
1.635269934846566916e+09
1.635269935846497059e+09
1.635269936846457958e+09
1.635269937846544981e+09
1.635269938846579075e+09
1.635269939846564054e+09
1.635269940846579075e+09
1.635269941846342087e+09
1.635269942846569061e+09
1.635269943846611023e+09
1.635269944846522093e+09
1.635269945846481085e+09
1.635269946846477032e+09
1.635269947846477032e+09
1.635269948846528053e+09
1.635269949846576929e+09
1.635269950846571922e+09
1.635269951846579075e+09
1.635269952846468925e+09
1.635269953846524954e+09
1.635269954846483946e+09
1.635269955846507072e+09
1.635269956846504927e+09
1.635269957846378088e+09
1.635269958846520901e+09
1.635269959846548080e+09
1.635269960846373081e+09
1.635269961846378088e+09
1.635269962846579075e+09
1.635269963846574068e+09
1.635269964846618891e+09
1.635269965846585989e+09
1.635269966846544981e+09
1.635269967846535921e+09
1.635269968846561909e+09
1.635269969846482992e+09
1.635269970846575022e+09
1.635269971846642017e+09
1.635269972846594095e+09
1.635269973846479893e+09
1.635269974846602917e+09
1.635269975846642971e+09
1.635269976846570015e+09
1.635269977846546888e+09
1.635269978846601009e+09
1.635269979846513033e+09
1.635269980846569061e+09
1.635269981846460104e+09
1.635269982846474886e+09
1.635269983846628904e+09
1.635269984846548080e+09
1.635269985846486092e+09
1.635269986846539974e+09
1.635269987846498966e+09
1.635269988846539974e+09
1.635269989846481085e+09
1.635269990846548080e+09
1.635269991846601963e+09
1.635269992846606970e+09
1.635269993846616983e+09
1.635269994846568108e+09
1.635269995846510887e+09
1.635269996846652985e+09
1.635269997846643925e+09
1.635269998846580982e+09
1.635269999846576929e+09
1.635270000846664906e+09
1.635270001846529007e+09
1.635270002846573114e+09
1.635270003846533060e+09
1.635270004846399069e+09
1.635270005846466064e+09
1.635270006846596003e+09
1.635270007846575022e+09
1.635270008846546888e+09
1.635270009846554995e+09
1.635270010846488953e+09
1.635270011846570015e+09
1.635270012846492052e+09
1.635270013846493006e+09
1.635270014846577883e+09
1.635270015846651077e+09
1.635270016846580029e+09
1.635270017846589088e+09
1.635270018846667051e+09
1.635270019846515894e+09
1.635270020846476078e+09
1.635270021846648932e+09
1.635270022846492052e+09
1.635270023846472979e+09
1.635270024846411943e+09
1.635270025846488953e+09
1.635270026846513987e+09
1.635270027846501112e+09
1.635270028846645117e+09
1.635270029846740007e+09
1.635270030846478939e+09
1.635270031846561909e+09
1.635270032846483946e+09
1.635270033846512079e+09
1.635270034846602917e+09
1.635270035846538067e+09
1.635270036846481085e+09
1.635270037846616983e+09
1.635270038846612930e+09
1.635270039846590042e+09
1.635270040846668005e+09
1.635270041846940041e+09
1.635270042846543074e+09
1.635270043846596956e+09
1.635270044846401930e+09
1.635270045846586943e+09
1.635270046846489906e+09
1.635270047846404076e+09
1.635270048846546888e+09
1.635270049846504927e+09
1.635270050846528053e+09
1.635270051846575975e+09
1.635270052846515894e+09
1.635270053846482038e+09
1.635270054846510887e+09
1.635270055846605062e+09
1.635270056846599102e+09
1.635270057846530914e+09
1.635270058846560955e+09
1.635270059846543074e+09
1.635270060846813917e+09
1.635270061846647978e+09
1.635270062846571922e+09
1.635270063846605062e+09
1.635270064846431971e+09
1.635270065846549034e+09
1.635270066846607924e+09
1.635270067846447945e+09
1.635270068846640110e+09
1.635270069846611023e+09
1.635270070846522093e+09
1.635270071846573114e+09
1.635270072846487999e+09
1.635270073846434116e+09
1.635270074846601009e+09
1.635270075846512079e+09
1.635270076846750021e+09
1.635270077846590042e+09
1.635270078846595049e+09
1.635270079846601009e+09
1.635270080846601009e+09
1.635270081846645117e+09
1.635270082846597910e+09
1.635270083846518993e+09
1.635270084846615076e+09
1.635270085846510887e+09
1.635270086846478939e+09
1.635270087846509933e+09
1.635270088846487999e+09
1.635270089846595049e+09
1.635270090846451998e+09
1.635270091846589088e+09
1.635270092846759081e+09
1.635270093846668959e+09
1.635270094846627951e+09
1.635270095846617937e+09
1.635270096846628904e+09
1.635270097846525908e+09
1.635270098846534014e+09
1.635270099846594095e+09
1.635270100846596003e+09
1.635270101846648932e+09
1.635270102846632957e+09
1.635270103846606970e+09
1.635270104846635103e+09
1.635270105846616030e+09
1.635270106846621990e+09
1.635270107846385956e+09
1.635270108846546888e+09
1.635270109846585989e+09
1.635270110846412897e+09
1.635270111846586943e+09
1.635270112846610069e+09
1.635270113846571922e+09
1.635270114846515894e+09
1.635270115846596956e+09
1.635270116846611977e+09
1.635270117846446037e+09
1.635270118846571922e+09
1.635270119846538067e+09
1.635270120846477032e+09
1.635270121846761942e+09
1.635270122846600056e+09
1.635270123846533060e+09
1.635270124846518993e+09
1.635270125846584082e+09
1.635270126846574068e+09
1.635270127846421003e+09
1.635270128846539974e+09
1.635270129846503019e+09
1.635270130846487999e+09
1.635270131846573114e+09
1.635270132846492052e+09
1.635270133846499920e+09
1.635270134846632957e+09
1.635270135846472025e+09
1.635270136846544027e+09
1.635270137846558094e+09
1.635270138846594095e+09
1.635270139846616030e+09
1.635270140846532106e+09
1.635270141846575975e+09
1.635270142846496105e+09
1.635270143846476078e+09
1.635270144846451044e+09
1.635270145846653938e+09
1.635270146846540928e+09
1.635270147846597910e+09
1.635270148846618891e+09
1.635270149846887112e+09
1.635270150846434116e+09
1.635270151846576929e+09
1.635270152846494913e+09
1.635270153846429110e+09
1.635270154847115040e+09
1.635270155846645117e+09
1.635270156846596003e+09
1.635270157846590996e+09
1.635270158846474886e+09
1.635270159846477985e+09
1.635270160846560955e+09
1.635270161846571922e+09
1.635270162846498966e+09
1.635270163846622944e+09
1.635270164846512079e+09
1.635270165846585035e+09
1.635270166846601009e+09
1.635270167846527100e+09
1.635270168846481085e+09
1.635270169846576929e+09
1.635270170846586943e+09
1.635270171846638918e+09
1.635270172846642971e+09
1.635270173846551895e+09
1.635270174846592903e+09
1.635270175846594095e+09
1.635270176846647978e+09
1.635270177846596956e+09
1.635270178846563101e+09
1.635270179846575022e+09
1.635270180846579075e+09
1.635270181846642971e+09
1.635270182846611023e+09
1.635270183846503973e+09
1.635270184846472979e+09
1.635270185846636057e+09
1.635270186846522093e+09
1.635270187846558094e+09
1.635270188846499920e+09
1.635270189846643925e+09
1.635270190846618891e+09
1.635270191846646070e+09
1.635270192846606970e+09
1.635270193846395969e+09
1.635270194846514940e+09
1.635270195846714020e+09
1.635270196846677065e+09
1.635270197846585989e+09
1.635270198846545935e+09
1.635270199849529028e+09
1.635270200846597910e+09
1.635270201846476078e+09
1.635270202846534014e+09
1.635270203846592903e+09
1.635270204846502066e+09
1.635270205846472979e+09
1.635270206846544981e+09
1.635270207846920967e+09
1.635270208846461058e+09
1.635270209846465111e+09
1.635270210846471071e+09
1.635270211846568108e+09
1.635270212846535921e+09
1.635270213846584082e+09
1.635270214846622944e+09
1.635270215846570015e+09
1.635270216846518993e+09
1.635270217846472025e+09
1.635270218846538067e+09
1.635270219846617937e+09
1.635270220846626997e+09
1.635270221846651077e+09
1.635270222846527100e+09
1.635270223846504927e+09
1.635270224846590042e+09
1.635270225846507072e+09
1.635270226846487999e+09
1.635270227846470118e+09
1.635270228846504927e+09
1.635270229846633911e+09
1.635270230846543074e+09
1.635270231846648932e+09
1.635270232846606016e+09
1.635270233846458912e+09
1.635270234846540928e+09
1.635270235846494913e+09
1.635270236846489906e+09
1.635270237846545935e+09
1.635270238846551895e+09
1.635270239846832991e+09
1.635270240846506119e+09
1.635270241846585989e+09
1.635270242846468925e+09
1.635270243846585035e+09
1.635270244846486092e+09
1.635270245846577883e+09
1.635270246846592903e+09
1.635270247846611023e+09
1.635270248846600056e+09
1.635270249846580029e+09
1.635270250846616983e+09
1.635270251846520901e+09
1.635270252846601963e+09
1.635270253846477032e+09
1.635270254846596003e+09
1.635270255846524954e+09
1.635270256846472025e+09
1.635270257846581936e+09
1.635270258846478939e+09
1.635270259846518040e+09
1.635270260846491098e+09
1.635270261846585989e+09
1.635270262846623898e+09
1.635270263846602917e+09
1.635270264846602917e+09
1.635270265846510887e+09
1.635270266846471071e+09
1.635270267846508980e+09
1.635270268846576929e+09
1.635270269846602917e+09
1.635270270846626997e+09
1.635270271846643925e+09
1.635270272846601009e+09
1.635270273846595049e+09
1.635270274846501112e+09
1.635270275846606970e+09
1.635270276846388102e+09
1.635270277846577883e+09
1.635270278846607924e+09
1.635270279846383095e+09
1.635270280846540928e+09
1.635270281846581936e+09
1.635270282846616030e+09
1.635270283846524954e+09
1.635270284846494913e+09
1.635270285846638918e+09
1.635270286846653938e+09
1.635270287846597910e+09
1.635270288846601009e+09
1.635270289846488953e+09
1.635270290846565962e+09
1.635270291846621990e+09
1.635270292846544981e+09
1.635270293846575022e+09
1.635270294846529007e+09
1.635270295846487999e+09
1.635270296846604109e+09
1.635270297846609116e+09
1.635270298846594095e+09
1.635270299846597910e+09
1.635270300846540928e+09
1.635270301846559048e+09
1.635270302846555948e+09
1.635270303846522093e+09
1.635270304846483946e+09
1.635270305846486092e+09
1.635270306846477032e+09
1.635270307846570015e+09
1.635270308846658945e+09
1.635270309846514940e+09
1.635270310846537113e+09
1.635270311846635103e+09
1.635270312846595049e+09
1.635270313846647978e+09
1.635270314846607924e+09
1.635270315846524000e+09
1.635270316846580982e+09
1.635270317846508026e+09
1.635270318846535921e+09
1.635270319846399069e+09
1.635270320846460104e+09
1.635270321846580982e+09
1.635270322846400976e+09
1.635270323846520901e+09
1.635270324846497059e+09
1.635270325846504927e+09
1.635270326846477032e+09
1.635270327846554041e+09
1.635270328846539974e+09
1.635270329846483946e+09
1.635270330846563101e+09
1.635270331846646070e+09
1.635270332846548080e+09
1.635270333846504927e+09
1.635270334846520901e+09
1.635270335846564054e+09
1.635270336846580982e+09
1.635270337846498966e+09
1.635270338846544027e+09
1.635270339846569061e+09
1.635270340846482992e+09
1.635270341846652031e+09
1.635270342846545935e+09
1.635270343846509933e+09
1.635270344846585989e+09
1.635270345846647024e+09
1.635270346846597910e+09
1.635270347846579075e+09
1.635270348846581936e+09
1.635270349846556902e+09
1.635270350846383095e+09
1.635270351846642971e+09
1.635270352846580029e+09
1.635270353846476078e+09
1.635270354846438885e+09
1.635270355846487045e+09
1.635270356846493959e+09
1.635270357846481085e+09
1.635270358846498013e+09
1.635270359846582890e+09
1.635270360846580029e+09
1.635270361846577883e+09
1.635270362846535921e+09
1.635270363846506119e+09
1.635270364846549034e+09
1.635270365846406937e+09
1.635270366846573114e+09
1.635270367846498013e+09
1.635270368846509933e+09
1.635270369846554995e+09
1.635270370846560955e+09
1.635270371846638918e+09
1.635270372846561909e+09
1.635270373846524954e+09
1.635270374846474886e+09
1.635270375846605062e+09
1.635270376846602917e+09
1.635270377846637964e+09
1.635270378846609116e+09
1.635270379846575022e+09
1.635270380846602917e+09
1.635270381846643925e+09
1.635270382847256899e+09
1.635270383846502066e+09
1.635270384846489906e+09
1.635270385846478939e+09
1.635270386846512079e+09
1.635270387846506119e+09
1.635270388846471071e+09
1.635270389846518040e+09
1.635270390846585035e+09
1.635270391846664906e+09
1.635270392846649885e+09
1.635270393846551895e+09
1.635270394846518993e+09
1.635270395846610069e+09
1.635270396846654892e+09
1.635270397846590042e+09
1.635270398846627951e+09
1.635270399846597910e+09
1.635270400846579075e+09
1.635270401846633911e+09
1.635270402846632957e+09
1.635270403846571922e+09
1.635270404846594095e+09
1.635270405846434116e+09
1.635270406846554995e+09
1.635270407846509933e+09
1.635270408846496105e+09
1.635270409846577883e+09
1.635270410846507072e+09
1.635270411846502066e+09
1.635270412846550941e+09
1.635270413846609116e+09
1.635270414846612930e+09
1.635270415846602917e+09
1.635270416846596003e+09
1.635270417846538067e+09
1.635270418846569061e+09
1.635270419846581936e+09
1.635270420846482992e+09
1.635270421846575975e+09
1.635270422846517086e+09
1.635270423846489906e+09
1.635270424846452951e+09
1.635270425846570969e+09
1.635270426846529961e+09
1.635270427846637011e+09
1.635270428846602917e+09
1.635270429846482992e+09
1.635270430846563101e+09
1.635270523846592903e+09
1.635270524846708059e+09
1.635270525846580029e+09
1.635270526846683025e+09
1.635270527846612930e+09
1.635270528846704006e+09
1.635270529846642017e+09
1.635270530846704006e+09
1.635270531846637964e+09
1.635270532846694946e+09
1.635270533846716881e+09
1.635270534846549034e+09
1.635270535846631050e+09
1.635270536846576929e+09
1.635270537846625090e+09
1.635270538846868992e+09
1.635270539846715927e+09
1.635270540846601009e+09
1.635270541846641064e+09
1.635270542846693039e+09
1.635270543846707106e+09
1.635270544846544027e+09
1.635270545846609116e+09
1.635270546846620083e+09
1.635270547846599102e+09
1.635270548846606970e+09
1.635270549846597910e+09
1.635270550846590042e+09
1.635270551846623898e+09
1.635270552846638918e+09
1.635270553846709013e+09
1.635270554846560955e+09
1.635270555846703053e+09
1.635270556846546888e+09
1.635270557846647978e+09
1.635270558846626997e+09
1.635270559846602917e+09
1.635270560846625090e+09
1.635270561846640110e+09
1.635270562846615076e+09
1.635270563846704006e+09
1.635270564846620083e+09
1.635270565846623898e+09
1.635270566846637011e+09
1.635270567846709967e+09
1.635270568846600056e+09
1.635270569846637011e+09
1.635270570846601009e+09
1.635270571846612930e+09
1.635270572846587896e+09
1.635270573846720934e+09
1.635270574846524000e+09
1.635270575846811056e+09
1.635270576846610069e+09
1.635270577846671104e+09
1.635270578846638918e+09
1.635270579846635103e+09
1.635270580846702099e+09
1.635270581846585035e+09
1.635270582846636057e+09
1.635270583846642017e+09
1.635270584846638918e+09
1.635270585846627951e+09
1.635270586846621990e+09
1.635270587846673012e+09
1.635270588846579075e+09
1.635270589846720934e+09
1.635270590846580029e+09
1.635270591846584082e+09
1.635270592846695900e+09
1.635270593846709013e+09
1.635270594846551895e+09
1.635270595846700907e+09
1.635270596846430063e+09
1.635270597846638918e+09
1.635270598846628904e+09
1.635270599846612930e+09
1.635270600846632957e+09
1.635270601846640110e+09
1.635270602846699953e+09
1.635270603846754074e+09
1.635270604846632004e+09
1.635270605846638918e+09
1.635270606846631050e+09
1.635270607846636057e+09
1.635270608846635103e+09
1.635270609846632957e+09
1.635270610846635103e+09
1.635270611846630096e+09
1.635270612846600056e+09
1.635270613846698046e+09
1.635270614846637011e+09
1.635270615846580029e+09
1.635270616846592903e+09
1.635270617846529007e+09
1.635270618846632957e+09
1.635270619846694946e+09
1.635270620849937916e+09
1.635270621846612930e+09
1.635270622846596003e+09
1.635270623846637011e+09
1.635270624846635103e+09
1.635270625846632004e+09
1.635270626846633911e+09
1.635270627846631050e+09
1.635270628846718073e+09
1.635270629846681118e+09
1.635270630846623898e+09
1.635270631846699953e+09
1.635270632846631050e+09
1.635270633846702099e+09
1.635270634846709013e+09
1.635270635846892118e+09
1.635270636846559048e+09
1.635270637846529007e+09
1.635270638846704960e+09
1.635270639846589088e+09
1.635270640846622944e+09
1.635270641846699953e+09
1.635270642846695900e+09
1.635270643846641064e+09
1.635270644846569061e+09
1.635270645846560001e+09
1.635270646846637964e+09
1.635270647846601009e+09
1.635270648847033024e+09
1.635270649846640110e+09
1.635270650846637964e+09
1.635270651846604109e+09
1.635270652846637011e+09
1.635270653846647024e+09
1.635270654846676111e+09
1.635270655846612930e+09
1.635270656846641064e+09
1.635270657846642971e+09
1.635270658846610069e+09
1.635270659846539974e+09
1.635270660846560001e+09
1.635270661846702099e+09
1.635270662846590042e+09
1.635270663846746922e+09
1.635270664846628904e+09
1.635270665846625090e+09
1.635270666846705914e+09
1.635270667846597910e+09
1.635270668846594095e+09
1.635270669846587896e+09
1.635270670846599102e+09
1.635270671846582890e+09
1.635270672846635103e+09
1.635270673846638918e+09
1.635270674846610069e+09
1.635270675846611023e+09
1.635270676846646070e+09
1.635270677846597910e+09
1.635270678846610069e+09
1.635270679846597910e+09
1.635270680846599102e+09
1.635270681846704006e+09
1.635270682846581936e+09
1.635270683846704006e+09
1.635270684846559048e+09
1.635270685846645117e+09
1.635270686846596003e+09
1.635270687846555948e+09
1.635270688846642017e+09
1.635270689846637011e+09
1.635270690846642017e+09
1.635270691846692085e+09
1.635270692846689939e+09
1.635270693846649885e+09
1.635270694846643925e+09
1.635270695846636057e+09
1.635270696846641064e+09
1.635270697846709013e+09
1.635270698846637011e+09
1.635270699846647978e+09
1.635270700846605062e+09
1.635270701846703053e+09
1.635270702846594095e+09
1.635270703846648932e+09
1.635270704846638918e+09
1.635270705846584082e+09
1.635270706846549034e+09
1.635270707846637011e+09
1.635270708846651077e+09
1.635270709846703053e+09
1.635270710846529961e+09
1.635270711846633911e+09
1.635270712846673965e+09
1.635270713846643925e+09
1.635270714846641064e+09
1.635270715846601009e+09
1.635270716846630096e+09
1.635270717846539974e+09
1.635270718846637011e+09
1.635270719846635103e+09
1.635270720846616030e+09
1.635270721846535921e+09
1.635270722846585989e+09
1.635270723846707106e+09
1.635270724846625090e+09
1.635270725846641064e+09
1.635270726846573114e+09
1.635270727846527100e+09
1.635270728846646070e+09
1.635270729846543074e+09
1.635270730846548080e+09
1.635270731846599102e+09
1.635270732846635103e+09
1.635270733846637011e+09
1.635270734846627951e+09
1.635270735846705914e+09
1.635270736846601009e+09
1.635270737846642017e+09
1.635270738846641064e+09
1.635270739846740007e+09
1.635270740846606016e+09
1.635270741846591949e+09
1.635270742846595049e+09
1.635270743846632004e+09
1.635270744846618891e+09
1.635270745846631050e+09
1.635270746846524954e+09
1.635270747846631050e+09
1.635270748846611977e+09
1.635270749846460104e+09
1.635270750846702099e+09
1.635270751846635103e+09
1.635270752846591949e+09
1.635270753846678972e+09
1.635270754846641064e+09
1.635270755846577883e+09
1.635270756846596003e+09
1.635270757846431971e+09
1.635270758846703053e+09
1.635270759846621990e+09
1.635270760846626043e+09
1.635270761846607924e+09
1.635270762846647978e+09
1.635270763846638918e+09
1.635270764846623898e+09
1.635270765846707106e+09
1.635270766846590996e+09
1.635270767846633911e+09
1.635270768846633911e+09
1.635270769846555948e+09
1.635270770846699953e+09
1.635270771846637011e+09
1.635270772846651077e+09
1.635270773846637011e+09
1.635270774846668005e+09
1.635270775846640110e+09
1.635270776846698999e+09
1.635270777846597910e+09
1.635270778846594095e+09
1.635270779846589088e+09
1.635270780846613884e+09
1.635270781846582890e+09
1.635270782846627951e+09
1.635270783846627951e+09
1.635270784846627951e+09
1.635270785846637011e+09
1.635270786846704006e+09
1.635270787846582890e+09
1.635270788846633911e+09
1.635270789846584082e+09
1.635270790846636057e+09
1.635270791846678019e+09
1.635270792846522093e+09
1.635270793846710920e+09
1.635270794846610069e+09
1.635270795846632004e+09
1.635270796846609116e+09
1.635270797846884966e+09
1.635270798846605062e+09
1.635270799846545935e+09
1.635270800846642017e+09
1.635270801846699953e+09
1.635270802846527100e+09
1.635270803846646070e+09
1.635270804846564054e+09
1.635270805846631050e+09
1.635270806846677065e+09
1.635270807846594095e+09
1.635270808846601009e+09
1.635270809846606970e+09
1.635270810846641064e+09
1.635270811846633911e+09
1.635270812846582890e+09
1.635270813846699953e+09
1.635270814846700907e+09
1.635270815846568108e+09
1.635270816846695900e+09
1.635270817846589088e+09
1.635270818846635103e+09
1.635270819846630096e+09
1.635270820846580029e+09
1.635270821846595049e+09
1.635270822846637964e+09
1.635270823846637011e+09
1.635270824846611977e+09
1.635270825846609116e+09
1.635270826846647978e+09
1.635270827846702099e+09
1.635270828846616983e+09
1.635270829846584082e+09
1.635270830846708059e+09
1.635270831846713066e+09
1.635270832846684933e+09
1.635270833846709967e+09
1.635270834846604109e+09
1.635270835846563101e+09
1.635270836846694946e+09
1.635270837846596003e+09
1.635270838846632957e+09
1.635270839846698046e+09
1.635270840846632004e+09
1.635270841846627951e+09
1.635270842846637964e+09
1.635270843846704006e+09
1.635270844846637964e+09
1.635270845846642017e+09
1.635270846846637011e+09
1.635270847846633911e+09
1.635270848846709967e+09
1.635270849846642017e+09
1.635270850846704006e+09
1.635270851846590042e+09
1.635270852846622944e+09
1.635270853846642971e+09
1.635270854846703053e+09
1.635270855846563101e+09
1.635270856846688032e+09
1.635270857846579075e+09
1.635270858846653938e+09
1.635270859846703053e+09
1.635270860846590996e+09
1.635270861846587896e+09
1.635270862846591949e+09
1.635270863846708059e+09
1.635270864846524000e+09
1.635270865846682072e+09
1.635270866846591949e+09
1.635270867846697092e+09
1.635270868846702099e+09
1.635270869846633911e+09
1.635270870846700907e+09
1.635270871846628904e+09
1.635270872846626043e+09
1.635270873846622944e+09
1.635270874846616983e+09
1.635270875846641064e+09
1.635270876846632957e+09
1.635270877846641064e+09
1.635270878846559048e+09
1.635270879846704006e+09
1.635270880846637964e+09
1.635270881846585989e+09
1.635270882846623898e+09
1.635270883846709967e+09
1.635270884846596003e+09
1.635270885846606016e+09
1.635270886846630096e+09
1.635270887846705914e+09
1.635270888846632004e+09
1.635270889846596956e+09
1.635270890846703053e+09
1.635270891846597910e+09
1.635270892846596956e+09
1.635270893846636057e+09
1.635270894846620083e+09
1.635270895846641064e+09
1.635270896846580982e+09
1.635270897846642971e+09
1.635270898846532106e+09
1.635270899846699953e+09
1.635270900846648932e+09
1.635270901846667051e+09
1.635270902846630096e+09
1.635270903846646070e+09
1.635270904846700907e+09
1.635270905846609116e+09
1.635270906846609116e+09
1.635270907846637964e+09
1.635270908846640110e+09
1.635270909846609116e+09
1.635270910846708059e+09
1.635270911846594095e+09
1.635270912846607924e+09
1.635270913846709967e+09
1.635270914846599102e+09
1.635270915846640110e+09
1.635270916846580029e+09
1.635270917846519947e+09
1.635270918846549988e+09
1.635270919846637011e+09
1.635270920846642017e+09
1.635270921846641064e+09
1.635270922846632957e+09
1.635270923846642971e+09
1.635270924846633911e+09
1.635270925846620083e+09
1.635270926846762896e+09
1.635270927846630096e+09
1.635270928846635103e+09
1.635270929846748114e+09
1.635270930846707106e+09
1.635270931846637011e+09
1.635270932846642017e+09
1.635270933846638918e+09
1.635270934846632957e+09
1.635270935846692085e+09
1.635270936846589088e+09
1.635270937846564054e+09
1.635270938846519947e+09
1.635270939846642971e+09
1.635270940846662998e+09
1.635270941846647978e+09
1.635270942846637964e+09
1.635270943846642971e+09
1.635270944846566916e+09
1.635270945846642017e+09
1.635270946846633911e+09
1.635270947846704960e+09
1.635270948846637964e+09
1.635270949846632004e+09
1.635270950846630096e+09
1.635270951846637964e+09
1.635270952846632957e+09
1.635270953846708059e+09
1.635270954846607924e+09
1.635270955846615076e+09
1.635270956846596003e+09
1.635270957846596956e+09
1.635270958846585989e+09
1.635270959846630096e+09
1.635270960846613884e+09
1.635270961846546888e+09
1.635270962846635103e+09
1.635270963846633911e+09
1.635270964846642017e+09
1.635270965846632957e+09
1.635270966846631050e+09
1.635270967846647024e+09
1.635270968846631050e+09
1.635270969846707106e+09
1.635270970846637964e+09
1.635270971846642017e+09
1.635270972846643925e+09
1.635270973846709013e+09
1.635270974846592903e+09
1.635270975846594095e+09
1.635270976846642017e+09
1.635270977846703053e+09
1.635270978846601963e+09
1.635270979846529961e+09
1.635270980846605062e+09
1.635270981846704006e+09
1.635270982846636057e+09
1.635270983846704006e+09
1.635270984846491098e+09
1.635270985846632957e+09
1.635270986846571922e+09
1.635270987846713066e+09
1.635270988846641064e+09
1.635270989846633911e+09
1.635270990846702099e+09
1.635270991846637011e+09
1.635270992846693039e+09
1.635270993846702099e+09
1.635270994846607924e+09
1.635270995846573114e+09
1.635270996847018957e+09
1.635270997847098112e+09
1.635270998846535921e+09
1.635270999846587896e+09
1.635271000846537113e+09
1.635271001846657991e+09
1.635271002846628904e+09
