0.000000000000000000e+00
3.537487411499023438e+01
3.521513366699218750e+01
3.513945388793945312e+01
3.607194519042968750e+01
3.464905166625976562e+01
3.526449203491210938e+01
3.628050613403320312e+01
3.552050781250000000e+01
3.552572631835937500e+01
3.534745407104492188e+01
3.576959228515625000e+01
3.626367950439453125e+01
3.518878555297851562e+01
3.637188339233398438e+01
3.548849487304687500e+01
3.522766876220703125e+01
3.473043823242187500e+01
3.606481552124023438e+01
3.493827438354492188e+01
3.458142852783203125e+01
3.590262603759765625e+01
3.562386703491210938e+01
3.519435882568359375e+01
3.539128875732421875e+01
3.562059783935546875e+01
3.509634780883789062e+01
3.476859664916992188e+01
3.564387130737304688e+01
3.476223754882812500e+01
3.577384948730468750e+01
3.447191238403320312e+01
3.535922622680664062e+01
3.448701095581054688e+01
3.486518096923828125e+01
3.520167160034179688e+01
3.556847000122070312e+01
3.519323730468750000e+01
3.497748565673828125e+01
3.529189682006835938e+01
3.556573104858398438e+01
3.576476669311523438e+01
3.612251663208007812e+01
3.475947189331054688e+01
3.538785934448242188e+01
3.551317214965820312e+01
3.585004806518554688e+01
3.545964813232421875e+01
3.509975433349609375e+01
3.587124252319335938e+01
3.583909988403320312e+01
3.605604171752929688e+01
3.555907821655273438e+01
3.585916900634765625e+01
3.600188064575195312e+01
3.504133987426757812e+01
3.553519821166992188e+01
3.595368576049804688e+01
3.493478012084960938e+01
3.537038040161132812e+01
3.451728820800781250e+01
3.547535324096679688e+01
3.572550201416015625e+01
3.617790222167968750e+01
3.489160537719726562e+01
3.599213790893554688e+01
3.558797073364257812e+01
3.522224044799804688e+01
3.546350479125976562e+01
3.530793762207031250e+01
3.650994110107421875e+01
3.584661102294921875e+01
3.574427413940429688e+01
3.550133895874023438e+01
3.564522933959960938e+01
3.501276397705078125e+01
3.475024414062500000e+01
3.538313293457031250e+01
3.487035369873046875e+01
3.554424285888671875e+01
3.494766235351562500e+01
3.569132232666015625e+01
3.460254669189453125e+01
3.552499008178710938e+01
3.513948440551757812e+01
3.596129989624023438e+01
3.529108810424804688e+01
3.518844985961914062e+01
3.606806564331054688e+01
3.531610488891601562e+01
3.507482528686523438e+01
3.480029296875000000e+01
3.555242538452148438e+01
3.556964111328125000e+01
3.519678115844726562e+01
3.488750457763671875e+01
3.631484603881835938e+01
3.540577316284179688e+01
3.557893753051757812e+01
3.508464431762695312e+01
3.517691040039062500e+01
3.470500564575195312e+01
3.583210372924804688e+01
3.512654113769531250e+01
3.534278488159179688e+01
3.503567504882812500e+01
3.574046707153320312e+01
3.544474029541015625e+01
3.576376342773437500e+01
3.606637573242187500e+01
3.496839904785156250e+01
3.508087539672851562e+01
3.544588470458984375e+01
3.491415405273437500e+01
3.440982055664062500e+01
3.542279052734375000e+01
3.564686203002929688e+01
3.599452590942382812e+01
3.589929580688476562e+01
3.571530151367187500e+01
3.541375350952148438e+01
3.514583969116210938e+01
3.571354675292968750e+01
3.649280166625976562e+01
3.524642181396484375e+01
3.520178985595703125e+01
3.501383972167968750e+01
3.526361846923828125e+01
3.675346374511718750e+01
3.511754989624023438e+01
3.633889007568359375e+01
3.468268585205078125e+01
3.533194351196289062e+01
3.620028686523437500e+01
3.494217300415039062e+01
3.474503707885742188e+01
3.553435134887695312e+01
3.585973358154296875e+01
3.474829864501953125e+01
3.524987792968750000e+01
3.552231979370117188e+01
3.522539520263671875e+01
3.535897445678710938e+01
3.502592849731445312e+01
3.574963378906250000e+01
3.554047393798828125e+01
3.445354843139648438e+01
3.539425659179687500e+01
3.556488037109375000e+01
3.536061477661132812e+01
3.515659332275390625e+01
3.582906723022460938e+01
3.550249099731445312e+01
3.550765991210937500e+01
3.482740402221679688e+01
3.531233215332031250e+01
3.473440933227539062e+01
3.519326782226562500e+01
3.443474960327148438e+01
3.518034744262695312e+01
3.429460906982421875e+01
3.508101272583007812e+01
3.510764312744140625e+01
3.639819335937500000e+01
3.580363845825195312e+01
3.562945175170898438e+01
3.552643966674804688e+01
3.597713851928710938e+01
3.564030075073242188e+01
3.526535797119140625e+01
3.509939575195312500e+01
3.528499603271484375e+01
3.465130996704101562e+01
3.614127349853515625e+01
3.576228332519531250e+01
3.497298812866210938e+01
3.532300949096679688e+01
3.570664215087890625e+01
3.477804183959960938e+01
3.572179794311523438e+01
3.562755203247070312e+01
3.526223754882812500e+01
3.530116271972656250e+01
3.541770935058593750e+01
3.606374359130859375e+01
3.483211517333984375e+01
3.545145797729492188e+01
3.506763839721679688e+01
3.522955703735351562e+01
3.518723678588867188e+01
3.524549484252929688e+01
3.574549484252929688e+01
3.544576644897460938e+01
3.613169860839843750e+01
3.553192520141601562e+01
3.546208572387695312e+01
3.521209716796875000e+01
3.579851531982421875e+01
3.588927078247070312e+01
3.529352951049804688e+01
3.584931564331054688e+01
3.507234191894531250e+01
3.555154800415039062e+01
3.603458023071289062e+01
3.594562530517578125e+01
3.616967391967773438e+01
3.554828262329101562e+01
3.516376113891601562e+01
3.530642700195312500e+01
3.532322311401367188e+01
3.572540664672851562e+01
3.536027908325195312e+01
3.589949798583984375e+01
3.565659332275390625e+01
3.568701553344726562e+01
3.508029174804687500e+01
3.521338653564453125e+01
3.546808242797851562e+01
3.578702545166015625e+01
3.571313095092773438e+01
3.609265899658203125e+01
3.599327087402343750e+01
3.561800003051757812e+01
3.564874267578125000e+01
3.519137191772460938e+01
3.628588867187500000e+01
3.509523773193359375e+01
3.532583618164062500e+01
3.475004959106445312e+01
3.473781204223632812e+01
3.491415405273437500e+01
3.567220687866210938e+01
3.520798492431640625e+01
3.631707000732421875e+01
3.584348297119140625e+01
3.511404037475585938e+01
3.561457061767578125e+01
3.602391433715820312e+01
3.519026565551757812e+01
3.523900222778320312e+01
3.482596206665039062e+01
3.541378402709960938e+01
3.635294342041015625e+01
3.559597396850585938e+01
3.503519821166992188e+01
3.629729843139648438e+01
3.534396743774414062e+01
3.558532333374023438e+01
3.520780563354492188e+01
3.525513839721679688e+01
3.488930892944335938e+01
3.558974838256835938e+01
3.509788513183593750e+01
3.533762741088867188e+01
3.611295700073242188e+01
3.533282852172851562e+01
3.519428253173828125e+01
3.540916824340820312e+01
3.621322631835937500e+01
3.636555099487304688e+01
3.587177276611328125e+01
3.532706451416015625e+01
3.596886062622070312e+01
3.505120086669921875e+01
3.468583297729492188e+01
3.577790832519531250e+01
3.628164672851562500e+01
3.519180297851562500e+01
3.530690765380859375e+01
3.597617340087890625e+01
3.618665695190429688e+01
3.593193817138671875e+01
3.578109741210937500e+01
3.612705612182617188e+01
3.556813812255859375e+01
3.464763259887695312e+01
3.543720626831054688e+01
3.543924713134765625e+01
3.581443405151367188e+01
3.504923248291015625e+01
3.587717056274414062e+01
3.498245239257812500e+01
3.532496261596679688e+01
3.608359909057617188e+01
3.521471786499023438e+01
3.521738815307617188e+01
3.542467498779296875e+01
3.533653640747070312e+01
3.448153686523437500e+01
3.527598190307617188e+01
3.451860809326171875e+01
3.580613708496093750e+01
3.547074127197265625e+01
3.539962768554687500e+01
3.589193725585937500e+01
3.424284362792968750e+01
3.486749649047851562e+01
3.437254333496093750e+01
3.611219787597656250e+01
3.541487503051757812e+01
3.514542770385742188e+01
3.541707229614257812e+01
3.562032699584960938e+01
3.508670043945312500e+01
3.536782455444335938e+01
3.505853271484375000e+01
3.565394973754882812e+01
3.593890762329101562e+01
3.481290054321289062e+01
3.525205230712890625e+01
3.500342941284179688e+01
3.472289657592773438e+01
3.482250976562500000e+01
3.523254013061523438e+01
3.561300277709960938e+01
3.578790664672851562e+01
3.604230880737304688e+01
3.538980484008789062e+01
3.494719314575195312e+01
3.494857025146484375e+01
3.543743896484375000e+01
3.529281997680664062e+01
3.480037307739257812e+01
3.597998046875000000e+01
3.547745132446289062e+01
3.563151931762695312e+01
3.583647918701171875e+01
3.563734436035156250e+01
3.553476715087890625e+01
3.555969238281250000e+01
3.552067184448242188e+01
3.469701004028320312e+01
3.621766281127929688e+01
3.517289352416992188e+01
3.599389648437500000e+01
3.562155151367187500e+01
3.527529144287109375e+01
3.500070571899414062e+01
3.535578918457031250e+01
3.507995605468750000e+01
3.614100265502929688e+01
3.529110717773437500e+01
3.461986541748046875e+01
3.449497985839843750e+01
3.422804641723632812e+01
3.567755126953125000e+01
3.518201446533203125e+01
3.530020141601562500e+01
3.476174545288085938e+01
3.528867721557617188e+01
3.523704147338867188e+01
3.542261505126953125e+01
3.669295501708984375e+01
3.505887603759765625e+01
3.501174163818359375e+01
3.517366790771484375e+01
3.608216476440429688e+01
3.537612915039062500e+01
3.652460098266601562e+01
3.530704879760742188e+01
3.629250335693359375e+01
3.505721282958984375e+01
3.546495056152343750e+01
3.521751022338867188e+01
3.520507812500000000e+01
3.521934127807617188e+01
3.521756362915039062e+01
3.449456787109375000e+01
3.561138534545898438e+01
3.439423751831054688e+01
3.544003677368164062e+01
3.561395263671875000e+01
3.573178863525390625e+01
3.507735061645507812e+01
3.613572311401367188e+01
3.467510986328125000e+01
3.530276489257812500e+01
3.597259140014648438e+01
3.650236129760742188e+01
3.466730117797851562e+01
3.522684478759765625e+01
3.527811431884765625e+01
3.561254882812500000e+01
3.457711410522460938e+01
3.533435821533203125e+01
3.474359130859375000e+01
3.494062042236328125e+01
3.635866165161132812e+01
3.524647903442382812e+01
3.510504913330078125e+01
3.563970184326171875e+01
3.551458740234375000e+01
3.533882141113281250e+01
3.500637435913085938e+01
3.533724975585937500e+01
3.552354049682617188e+01
3.520322418212890625e+01
3.512671661376953125e+01
3.603660964965820312e+01
3.539192962646484375e+01
3.460338211059570312e+01
3.621370697021484375e+01
3.527891159057617188e+01
3.588438034057617188e+01
3.566666793823242188e+01
3.627621459960937500e+01
3.564223480224609375e+01
3.467103958129882812e+01
3.565647888183593750e+01
3.552657699584960938e+01
3.633782577514648438e+01
3.559588241577148438e+01
3.552471542358398438e+01
3.562713241577148438e+01
3.575576782226562500e+01
3.561403274536132812e+01
3.499383544921875000e+01
3.544781112670898438e+01
3.619039154052734375e+01
3.597563934326171875e+01
3.545746612548828125e+01
3.554026031494140625e+01
3.537739181518554688e+01
3.531526947021484375e+01
3.590945816040039062e+01
3.601449584960937500e+01
3.667943191528320312e+01
3.516406250000000000e+01
3.543982696533203125e+01
3.476303100585937500e+01
3.604224777221679688e+01
3.600160980224609375e+01
3.564496994018554688e+01
3.495167541503906250e+01
3.496292114257812500e+01
3.531286621093750000e+01
3.518822097778320312e+01
3.460543060302734375e+01
3.612739181518554688e+01
3.486373901367187500e+01
3.636407089233398438e+01
3.588735198974609375e+01
3.452687072753906250e+01
3.560276412963867188e+01
3.527671051025390625e+01
3.558790206909179688e+01
3.490675735473632812e+01
3.513724136352539062e+01
3.641081619262695312e+01
3.511272048950195312e+01
3.547825241088867188e+01
3.582953262329101562e+01
3.598452758789062500e+01
3.513716506958007812e+01
3.564586639404296875e+01
3.507428359985351562e+01
3.496443176269531250e+01
3.553604125976562500e+01
3.508342361450195312e+01
3.499487686157226562e+01
3.483104324340820312e+01
3.515524673461914062e+01
3.573048400878906250e+01
3.473819732666015625e+01
3.590942382812500000e+01
3.493133544921875000e+01
3.639217758178710938e+01
3.439590072631835938e+01
3.625402832031250000e+01
3.497615814208984375e+01
3.556962203979492188e+01
3.516478729248046875e+01
3.669351959228515625e+01
3.502373123168945312e+01
3.499741363525390625e+01
3.604882049560546875e+01
3.542286682128906250e+01
3.499539947509765625e+01
3.518269729614257812e+01
3.585936737060546875e+01
3.595721435546875000e+01
3.550881576538085938e+01
3.545357513427734375e+01
3.532510375976562500e+01
3.580220413208007812e+01
3.489633178710937500e+01
3.592528533935546875e+01
3.471824264526367188e+01
3.536555099487304688e+01
3.569550323486328125e+01
3.560435104370117188e+01
3.619956588745117188e+01
3.554581069946289062e+01
3.533321380615234375e+01
3.540182495117187500e+01
3.589717483520507812e+01
3.555266189575195312e+01
3.523075866699218750e+01
3.539124679565429688e+01
3.579518508911132812e+01
3.558383178710937500e+01
3.527173614501953125e+01
3.539505767822265625e+01
3.535166931152343750e+01
3.470950317382812500e+01
3.585902023315429688e+01
3.646920776367187500e+01
3.626094818115234375e+01
3.570103073120117188e+01
3.500664138793945312e+01
3.548129653930664062e+01
3.535261917114257812e+01
3.596037292480468750e+01
3.542353439331054688e+01
3.549732971191406250e+01
3.473399353027343750e+01
3.591181564331054688e+01
3.452412796020507812e+01
3.538846969604492188e+01
3.547050857543945312e+01
3.517968750000000000e+01
3.595863342285156250e+01
3.586601257324218750e+01
3.494606018066406250e+01
3.570460128784179688e+01
3.517148208618164062e+01
3.607991409301757812e+01
3.552097702026367188e+01
3.579008865356445312e+01
3.582142257690429688e+01
3.527043533325195312e+01
3.590670776367187500e+01
3.566586303710937500e+01
3.579245376586914062e+01
3.573080062866210938e+01
3.549231719970703125e+01
3.579661178588867188e+01
3.569284057617187500e+01
3.607716369628906250e+01
3.525860595703125000e+01
3.527640151977539062e+01
3.554069900512695312e+01
3.551413345336914062e+01
3.574683761596679688e+01
3.525539398193359375e+01
3.538247680664062500e+01
3.597956085205078125e+01
3.631330871582031250e+01
3.480502319335937500e+01
3.523371124267578125e+01
3.577056121826171875e+01
3.576835632324218750e+01
3.531389999389648438e+01
3.497296142578125000e+01
3.462663650512695312e+01
3.561304473876953125e+01
3.518664169311523438e+01
3.469517517089843750e+01
3.518190383911132812e+01
3.530413818359375000e+01
3.575408172607421875e+01
3.607572174072265625e+01
3.458082962036132812e+01
3.505113983154296875e+01
3.532998657226562500e+01
3.542565917968750000e+01
3.571770477294921875e+01
3.571757125854492188e+01
3.454160308837890625e+01
3.558370208740234375e+01
3.612712097167968750e+01
3.537659072875976562e+01
3.580351257324218750e+01
3.631963729858398438e+01
3.529468536376953125e+01
3.507840347290039062e+01
3.603649902343750000e+01
3.551588439941406250e+01
3.623516082763671875e+01
3.505103683471679688e+01
3.471583175659179688e+01
3.499772262573242188e+01
3.571905899047851562e+01
3.512723159790039062e+01
3.567662811279296875e+01
3.515583801269531250e+01
3.578609848022460938e+01
3.515867233276367188e+01
3.552297973632812500e+01
3.666633987426757812e+01
3.558941268920898438e+01
3.553679275512695312e+01
3.509713363647460938e+01
3.555719375610351562e+01
3.547874450683593750e+01
3.551192092895507812e+01
3.505432510375976562e+01
3.514763259887695312e+01
3.515724182128906250e+01
3.556775283813476562e+01
3.494995117187500000e+01
3.554492568969726562e+01
3.492042160034179688e+01
3.559226989746093750e+01
3.484803390502929688e+01
3.473926925659179688e+01
3.552773666381835938e+01
3.664993667602539062e+01
3.611279296875000000e+01
3.554520034790039062e+01
3.492151641845703125e+01
3.574288940429687500e+01
3.644716644287109375e+01
3.450310516357421875e+01
3.527933502197265625e+01
3.505194091796875000e+01
3.640818023681640625e+01
3.542007827758789062e+01
3.537791824340820312e+01
3.560858535766601562e+01
3.550893020629882812e+01
3.573033905029296875e+01
3.550413513183593750e+01
3.542927551269531250e+01
3.549420547485351562e+01
3.459055709838867188e+01
3.570930099487304688e+01
3.561333847045898438e+01
3.564461517333984375e+01
3.531811141967773438e+01
3.545308685302734375e+01
3.512482833862304688e+01
3.465965652465820312e+01
3.508221054077148438e+01
3.551699829101562500e+01
3.603916931152343750e+01
3.442586898803710938e+01
3.612498855590820312e+01
3.520000457763671875e+01
3.564586257934570312e+01
3.583599472045898438e+01
3.543810653686523438e+01
3.442617797851562500e+01
3.599214172363281250e+01
3.602220153808593750e+01
3.495978546142578125e+01
3.541006469726562500e+01
3.622042846679687500e+01
3.517987442016601562e+01
3.541008758544921875e+01
3.543541717529296875e+01
3.539115524291992188e+01
3.574718475341796875e+01
3.439645004272460938e+01
3.537131881713867188e+01
3.568267440795898438e+01
3.498086929321289062e+01
3.555495071411132812e+01
3.615291213989257812e+01
3.582396697998046875e+01
3.492002487182617188e+01
3.525426101684570312e+01
3.500518798828125000e+01
3.603365325927734375e+01
3.561489486694335938e+01
3.537971496582031250e+01
3.546710205078125000e+01
3.576778793334960938e+01
3.538881683349609375e+01
3.555445480346679688e+01
3.519648361206054688e+01
3.585709381103515625e+01
3.452558135986328125e+01
3.499381637573242188e+01
3.518747711181640625e+01
3.469855880737304688e+01
3.514355850219726562e+01
3.577754592895507812e+01
3.552111053466796875e+01
3.476921844482421875e+01
3.539234161376953125e+01
3.491031265258789062e+01
3.473843002319335938e+01
3.618709182739257812e+01
3.563194656372070312e+01
3.623493957519531250e+01
3.507015991210937500e+01
3.531725692749023438e+01
3.458780288696289062e+01
3.487951660156250000e+01
3.540940093994140625e+01
3.538810729980468750e+01
3.559856414794921875e+01
3.530951309204101562e+01
3.582020950317382812e+01
3.503303909301757812e+01
3.566660308837890625e+01
3.482374191284179688e+01
3.624674987792968750e+01
3.552121353149414062e+01
3.536354827880859375e+01
3.527600860595703125e+01
3.545857238769531250e+01
3.503266143798828125e+01
3.573547363281250000e+01
3.533068847656250000e+01
3.621645736694335938e+01
3.584480285644531250e+01
3.558879470825195312e+01
3.521121978759765625e+01
3.588770675659179688e+01
3.567631912231445312e+01
3.542036437988281250e+01
3.534376907348632812e+01
3.537448501586914062e+01
3.622278976440429688e+01
3.425637054443359375e+01
3.514670562744140625e+01
3.559591674804687500e+01
3.554459762573242188e+01
3.528868103027343750e+01
3.560366058349609375e+01
3.489199447631835938e+01
3.624594116210937500e+01
3.522016525268554688e+01
3.496393966674804688e+01
3.504391479492187500e+01
3.507955169677734375e+01
3.546646881103515625e+01
3.474546051025390625e+01
3.537182998657226562e+01
3.625462722778320312e+01
3.570019912719726562e+01
3.524004364013671875e+01
3.464607238769531250e+01
3.457007598876953125e+01
3.562151336669921875e+01
3.487872314453125000e+01
3.482640075683593750e+01
3.553529739379882812e+01
3.540988540649414062e+01
3.544237136840820312e+01
3.538659667968750000e+01
3.584260559082031250e+01
3.534113311767578125e+01
3.569690704345703125e+01
3.499757385253906250e+01
3.665631103515625000e+01
3.540619659423828125e+01
3.526448059082031250e+01
3.551528167724609375e+01
3.505862045288085938e+01
3.497597122192382812e+01
3.503684234619140625e+01
3.537781524658203125e+01
3.558112716674804688e+01
3.573544692993164062e+01
3.586848068237304688e+01
3.535974502563476562e+01
3.579622650146484375e+01
3.608756256103515625e+01
3.586437225341796875e+01
3.609848403930664062e+01
3.564999389648437500e+01
3.496429443359375000e+01
3.563451766967773438e+01
3.526145935058593750e+01
3.506014251708984375e+01
3.609387969970703125e+01
3.582130432128906250e+01
3.559961318969726562e+01
3.535410308837890625e+01
3.531201553344726562e+01
3.583179855346679688e+01
3.541550445556640625e+01
3.532975387573242188e+01
3.520144271850585938e+01
3.550872039794921875e+01
3.535944366455078125e+01
3.617970657348632812e+01
3.564930725097656250e+01
3.615136718750000000e+01
3.528634643554687500e+01
3.486693191528320312e+01
3.523080825805664062e+01
3.599618911743164062e+01
3.535280990600585938e+01
3.599374389648437500e+01
3.539916610717773438e+01
3.515761947631835938e+01
3.528771972656250000e+01
3.497465133666992188e+01
3.519696426391601562e+01
3.596037673950195312e+01
3.552429580688476562e+01
3.500009155273437500e+01
3.531543350219726562e+01
3.513973617553710938e+01
3.551839828491210938e+01
3.484017181396484375e+01
3.551833724975585938e+01
3.594419860839843750e+01
3.562105560302734375e+01
3.421619415283203125e+01
3.547674179077148438e+01
3.502997207641601562e+01
3.519117736816406250e+01
3.485861206054687500e+01
3.533716583251953125e+01
3.546124267578125000e+01
3.540283966064453125e+01
3.606978988647460938e+01
3.514178848266601562e+01
3.619378662109375000e+01
3.543661880493164062e+01
3.504688644409179688e+01
3.578083038330078125e+01
3.571020889282226562e+01
3.531299209594726562e+01
3.516506958007812500e+01
3.582141113281250000e+01
3.535391998291015625e+01
3.594348144531250000e+01
3.584922027587890625e+01
3.467719650268554688e+01
3.608557510375976562e+01
3.593180465698242188e+01
3.500098037719726562e+01
3.581152725219726562e+01
3.520387268066406250e+01
3.541285705566406250e+01
3.423533630371093750e+01
3.512334823608398438e+01
3.496026611328125000e+01
3.479409408569335938e+01
3.434893035888671875e+01
3.468296432495117188e+01
3.619169998168945312e+01
3.524792480468750000e+01
3.530238723754882812e+01
3.664217758178710938e+01
3.491102981567382812e+01
3.499209594726562500e+01
3.546751785278320312e+01
3.548750686645507812e+01
3.581448364257812500e+01
3.497526550292968750e+01
3.538359451293945312e+01
3.495528793334960938e+01
3.518250274658203125e+01
3.569186782836914062e+01
3.463647460937500000e+01
3.566125488281250000e+01
3.557959365844726562e+01
3.556071472167968750e+01
3.621667861938476562e+01
3.548628234863281250e+01
3.516097640991210938e+01
3.632070541381835938e+01
3.643352890014648438e+01
3.631724929809570312e+01
3.463408279418945312e+01
3.524911499023437500e+01
3.481498718261718750e+01
3.508983612060546875e+01
3.503686141967773438e+01
3.550403976440429688e+01
3.537696075439453125e+01
3.485098648071289062e+01
3.571759796142578125e+01
3.627719116210937500e+01
3.558490371704101562e+01
3.541450881958007812e+01
3.616788864135742188e+01
3.513842010498046875e+01
3.572328567504882812e+01
3.506698226928710938e+01
3.523505783081054688e+01
3.494506454467773438e+01
3.541703414916992188e+01
3.467230224609375000e+01
3.545977020263671875e+01
3.654061126708984375e+01
3.619886398315429688e+01
3.600855636596679688e+01
3.449276351928710938e+01
3.559872436523437500e+01
3.534524536132812500e+01
3.546683502197265625e+01
3.492063903808593750e+01
3.560726547241210938e+01
3.562673187255859375e+01
3.395073699951171875e+01
3.523701477050781250e+01
3.546305084228515625e+01
3.501800918579101562e+01
3.482959365844726562e+01
3.551964187622070312e+01
3.555601501464843750e+01
3.609711074829101562e+01
3.689632415771484375e+01
3.506935882568359375e+01
3.527758407592773438e+01
3.568262481689453125e+01
3.486242294311523438e+01
3.571526718139648438e+01
3.526438140869140625e+01
3.530471420288085938e+01
3.570051956176757812e+01
3.518255996704101562e+01
3.496940231323242188e+01
3.570772933959960938e+01
3.495875167846679688e+01
3.483215713500976562e+01
3.610651016235351562e+01
3.447772216796875000e+01
3.464797210693359375e+01
3.576817703247070312e+01
3.523294448852539062e+01
3.608749771118164062e+01
3.602421188354492188e+01
3.549682617187500000e+01
3.626064300537109375e+01
3.538661193847656250e+01
3.606504440307617188e+01
3.515943908691406250e+01
3.595211029052734375e+01
3.542974090576171875e+01
3.610970687866210938e+01
3.524727630615234375e+01
3.578779220581054688e+01
3.599058914184570312e+01
3.555101776123046875e+01
3.580450057983398438e+01
3.643163299560546875e+01
3.499440765380859375e+01
3.568239593505859375e+01
3.539009475708007812e+01
3.557739257812500000e+01
3.428488540649414062e+01
3.517600631713867188e+01
3.535713958740234375e+01
3.566868972778320312e+01
3.536765289306640625e+01
3.535792160034179688e+01
3.549321365356445312e+01
3.552161026000976562e+01
3.600070190429687500e+01
3.560441207885742188e+01
3.524150466918945312e+01
3.530414581298828125e+01
3.499891281127929688e+01
3.519375991821289062e+01
3.565720748901367188e+01
3.480886840820312500e+01
3.518521499633789062e+01
3.575104522705078125e+01
3.568317413330078125e+01
3.471735000610351562e+01
3.558246612548828125e+01
3.511123275756835938e+01
3.493586730957031250e+01
3.496430969238281250e+01
3.585111999511718750e+01
3.569246292114257812e+01
3.558805847167968750e+01
3.486143875122070312e+01
3.531287384033203125e+01
3.445837020874023438e+01
3.596424102783203125e+01
3.616746902465820312e+01
3.505031585693359375e+01
3.580152893066406250e+01
3.579846572875976562e+01
3.513330841064453125e+01
3.439870452880859375e+01
3.451529693603515625e+01
3.573633193969726562e+01
3.572986984252929688e+01
3.536457443237304688e+01
3.530356597900390625e+01
3.549581909179687500e+01
3.421490478515625000e+01
3.518022537231445312e+01
3.585771179199218750e+01
3.587638473510742188e+01
3.571162033081054688e+01
3.535799407958984375e+01
3.472071456909179688e+01
3.539189529418945312e+01
3.650519180297851562e+01
3.562179565429687500e+01
3.629803085327148438e+01
3.529484939575195312e+01
3.571896362304687500e+01
3.552076339721679688e+01
3.596469116210937500e+01
3.582291030883789062e+01
3.490224838256835938e+01
3.591574478149414062e+01
3.524271774291992188e+01
3.551194763183593750e+01
3.530025100708007812e+01
3.466440582275390625e+01
3.608251190185546875e+01
3.512938308715820312e+01
3.664297103881835938e+01
3.550173568725585938e+01
3.554856872558593750e+01
3.468120574951171875e+01
3.583623504638671875e+01
3.484596633911132812e+01
3.521501159667968750e+01
3.647134780883789062e+01
3.614293670654296875e+01
3.511282730102539062e+01
3.507742309570312500e+01
3.549171447753906250e+01
3.595249176025390625e+01
3.657275009155273438e+01
3.468341827392578125e+01
3.505676651000976562e+01
3.520742797851562500e+01
3.543128204345703125e+01
3.558610153198242188e+01
3.621653366088867188e+01
3.466305541992187500e+01
3.575472640991210938e+01
3.501916122436523438e+01
3.642852783203125000e+01
3.550351333618164062e+01
3.580524826049804688e+01
3.604829788208007812e+01
3.490848159790039062e+01
3.522041320800781250e+01
3.548721313476562500e+01
3.592015457153320312e+01
3.507954788208007812e+01
3.639585876464843750e+01
3.588773727416992188e+01
3.569636154174804688e+01
3.506909561157226562e+01
3.550595474243164062e+01
3.542535781860351562e+01
3.437839508056640625e+01
3.454711151123046875e+01
3.590286254882812500e+01
3.514223480224609375e+01
3.494712066650390625e+01
3.493721389770507812e+01
3.597922515869140625e+01
3.547100830078125000e+01
3.461604690551757812e+01
3.587917327880859375e+01
3.518313217163085938e+01
3.526699066162109375e+01
3.463283538818359375e+01
3.606856155395507812e+01
3.594645309448242188e+01
3.551909255981445312e+01
3.551897811889648438e+01
3.485445404052734375e+01
3.505577850341796875e+01
3.535396575927734375e+01
3.494078445434570312e+01
3.495020675659179688e+01
3.519564437866210938e+01
3.548046112060546875e+01
3.509645843505859375e+01
3.559108734130859375e+01
3.551488113403320312e+01
3.527896118164062500e+01
3.554862594604492188e+01
3.485565948486328125e+01
3.495263290405273438e+01
3.585796356201171875e+01
3.662291717529296875e+01
3.502688598632812500e+01
3.584639358520507812e+01
3.604075622558593750e+01
3.519337844848632812e+01
3.568522644042968750e+01
3.651957702636718750e+01
3.591286849975585938e+01
3.440725708007812500e+01
3.534049606323242188e+01
3.491980743408203125e+01
3.545775985717773438e+01
3.553638458251953125e+01
3.654326248168945312e+01
3.448258972167968750e+01
3.550695800781250000e+01
3.531325531005859375e+01
3.511289215087890625e+01
3.557780075073242188e+01
3.560271453857421875e+01
3.593965911865234375e+01
3.575138854980468750e+01
3.494693756103515625e+01
3.619021606445312500e+01
3.548477935791015625e+01
3.559148025512695312e+01
3.545713806152343750e+01
3.566102981567382812e+01
3.557492828369140625e+01
3.410136032104492188e+01
3.487776184082031250e+01
3.489428710937500000e+01
3.566799163818359375e+01
3.543106079101562500e+01
3.542564392089843750e+01
3.529723739624023438e+01
3.629676818847656250e+01
3.616152191162109375e+01
3.519402694702148438e+01
3.528773880004882812e+01
3.551161575317382812e+01
3.506500625610351562e+01
3.563690185546875000e+01
3.508278656005859375e+01
3.514304733276367188e+01
3.523909378051757812e+01
3.558059310913085938e+01
3.535105133056640625e+01
3.556277847290039062e+01
3.590472412109375000e+01
3.531831359863281250e+01
3.501322555541992188e+01
3.546110916137695312e+01
3.453519821166992188e+01
3.487086105346679688e+01
3.573009490966796875e+01
3.580073547363281250e+01
3.488074493408203125e+01
3.533502197265625000e+01
3.497966384887695312e+01
3.572746658325195312e+01
3.613093185424804688e+01
3.552408981323242188e+01
3.598765182495117188e+01
3.466139221191406250e+01
3.585406875610351562e+01
3.536638259887695312e+01
3.567159652709960938e+01
3.554592132568359375e+01
3.428953170776367188e+01
3.546657562255859375e+01
3.560653305053710938e+01
3.574797058105468750e+01
3.480762100219726562e+01
3.561906051635742188e+01
3.510717391967773438e+01
3.542978668212890625e+01
3.593572998046875000e+01
3.565813827514648438e+01
3.578624343872070312e+01
3.511818695068359375e+01
3.517844009399414062e+01
3.539118194580078125e+01
3.544851684570312500e+01
3.528260803222656250e+01
3.586998367309570312e+01
3.570783996582031250e+01
3.507151031494140625e+01
3.544837951660156250e+01
3.557811355590820312e+01
3.540150451660156250e+01
3.603688430786132812e+01
3.577148056030273438e+01
3.490219879150390625e+01
3.502043533325195312e+01
3.542502975463867188e+01
3.468745803833007812e+01
3.404521560668945312e+01
3.511705017089843750e+01
3.514951705932617188e+01
3.556332015991210938e+01
3.510755157470703125e+01
3.552956008911132812e+01
3.529957199096679688e+01
3.556244659423828125e+01
3.523741149902343750e+01
3.508473205566406250e+01
3.564467239379882812e+01
3.612942123413085938e+01
3.547292709350585938e+01
3.558404922485351562e+01
3.526087951660156250e+01
3.598361968994140625e+01
3.588862609863281250e+01
3.488791275024414062e+01
3.431388473510742188e+01
3.572512817382812500e+01
3.544197463989257812e+01
3.541241836547851562e+01
3.497746276855468750e+01
3.476643371582031250e+01
3.453851318359375000e+01
3.544305038452148438e+01
3.559225463867187500e+01
3.546770858764648438e+01
3.593125915527343750e+01
3.567954254150390625e+01
3.490291595458984375e+01
3.549337387084960938e+01
3.593724060058593750e+01
3.620850372314453125e+01
3.484321594238281250e+01
3.640740203857421875e+01
3.558712005615234375e+01
3.547515869140625000e+01
3.547243118286132812e+01
3.526404571533203125e+01
3.519271469116210938e+01
3.538668441772460938e+01
3.534422683715820312e+01
3.525354766845703125e+01
3.561851501464843750e+01
3.604044342041015625e+01
3.588727569580078125e+01
3.537254714965820312e+01
3.551755142211914062e+01
3.569274902343750000e+01
3.579689025878906250e+01
3.599047851562500000e+01
3.532444000244140625e+01
3.511028289794921875e+01
3.501960372924804688e+01
3.526105499267578125e+01
3.579332733154296875e+01
3.557950210571289062e+01
3.599098205566406250e+01
3.536143112182617188e+01
3.571342086791992188e+01
3.585898590087890625e+01
3.540051269531250000e+01
3.598451995849609375e+01
3.597194671630859375e+01
3.545149230957031250e+01
3.597558212280273438e+01
3.463830566406250000e+01
3.481155776977539062e+01
3.479955673217773438e+01
3.557648468017578125e+01
3.562134552001953125e+01
3.533331298828125000e+01
3.550416183471679688e+01
3.463954544067382812e+01
3.525910568237304688e+01
3.441099548339843750e+01
3.652935028076171875e+01
3.557529830932617188e+01
3.520988082885742188e+01
3.459337615966796875e+01
3.602593231201171875e+01
3.471966934204101562e+01
3.513561630249023438e+01
3.507514572143554688e+01
3.529702377319335938e+01
3.617258071899414062e+01
3.640403747558593750e+01
3.570185089111328125e+01
3.470399475097656250e+01
3.542336273193359375e+01
3.545132064819335938e+01
3.639097976684570312e+01
3.535845565795898438e+01
3.549060821533203125e+01
3.572925567626953125e+01
3.570687484741210938e+01
3.524127960205078125e+01
3.535317611694335938e+01
3.553607940673828125e+01
3.559880065917968750e+01
3.510200881958007812e+01
3.578786468505859375e+01
3.503942108154296875e+01
3.537178802490234375e+01
3.597359085083007812e+01
3.543204116821289062e+01
3.539523696899414062e+01
3.532422637939453125e+01
3.553151702880859375e+01
3.530315399169921875e+01
3.525783157348632812e+01
3.554579544067382812e+01
3.500624847412109375e+01
3.551299667358398438e+01
3.526459503173828125e+01
3.558221435546875000e+01
3.581678390502929688e+01
3.543910217285156250e+01
3.603211212158203125e+01
3.502035140991210938e+01
3.571265029907226562e+01
3.521962738037109375e+01
3.581853485107421875e+01
3.496323394775390625e+01
3.526980590820312500e+01
3.557361602783203125e+01
3.509096908569335938e+01
3.526206588745117188e+01
3.612117004394531250e+01
3.600358200073242188e+01
3.514839172363281250e+01
3.600386047363281250e+01
3.575377655029296875e+01
3.510366439819335938e+01
3.514250946044921875e+01
3.566648101806640625e+01
3.523154449462890625e+01
3.640394592285156250e+01
3.545737075805664062e+01
3.573901367187500000e+01
3.524841308593750000e+01
3.631423187255859375e+01
3.565710830688476562e+01
3.546772003173828125e+01
3.514923858642578125e+01
3.582289886474609375e+01
3.568070602416992188e+01
3.559999847412109375e+01
3.514109039306640625e+01
3.438016128540039062e+01
3.627669906616210938e+01
3.577796173095703125e+01
3.587903213500976562e+01
3.525051879882812500e+01
3.504358291625976562e+01
3.539123916625976562e+01
3.579736328125000000e+01
3.546183776855468750e+01
3.448844909667968750e+01
3.537936019897460938e+01
3.538280868530273438e+01
3.405010223388671875e+01
3.573796081542968750e+01
3.530674743652343750e+01
3.606042480468750000e+01
3.489556884765625000e+01
3.529226684570312500e+01
3.582292556762695312e+01
3.538990402221679688e+01
3.581962203979492188e+01
3.474444580078125000e+01
3.582017898559570312e+01
3.518682479858398438e+01
3.523569107055664062e+01
3.600773620605468750e+01
3.532641220092773438e+01
3.527995681762695312e+01
3.556690216064453125e+01
3.523637008666992188e+01
3.546550369262695312e+01
3.648567962646484375e+01
3.572212982177734375e+01
3.530839920043945312e+01
3.556311798095703125e+01
3.582407379150390625e+01
3.474908065795898438e+01
3.456993484497070312e+01
3.489140701293945312e+01
3.580712890625000000e+01
3.624936676025390625e+01
3.475358963012695312e+01
3.562352371215820312e+01
3.539147949218750000e+01
3.556404495239257812e+01
3.535940933227539062e+01
3.572516632080078125e+01
3.555337905883789062e+01
3.570460128784179688e+01
3.536261367797851562e+01
3.559986495971679688e+01
3.539786148071289062e+01
3.555600357055664062e+01
3.551105880737304688e+01
3.611640167236328125e+01
3.566061401367187500e+01
3.527309036254882812e+01
3.542538452148437500e+01
3.538251495361328125e+01
3.450830459594726562e+01
3.458662796020507812e+01
3.488382720947265625e+01
3.561454010009765625e+01
3.534723663330078125e+01
3.625252151489257812e+01
3.579741668701171875e+01
3.435590744018554688e+01
3.558080291748046875e+01
3.472171783447265625e+01
3.543608856201171875e+01
3.534234237670898438e+01
3.527386093139648438e+01
3.480512619018554688e+01
3.497890472412109375e+01
3.611948013305664062e+01
3.494419479370117188e+01
3.537257385253906250e+01
3.495089340209960938e+01
3.490131759643554688e+01
3.634889221191406250e+01
3.490085983276367188e+01
3.524464416503906250e+01
3.489360427856445312e+01
3.565720748901367188e+01
3.525716018676757812e+01
3.429376602172851562e+01
3.603208160400390625e+01
3.704229736328125000e+01
3.441628265380859375e+01
3.551578521728515625e+01
3.582711410522460938e+01
3.602783584594726562e+01
3.490161895751953125e+01
3.563930511474609375e+01
3.528827667236328125e+01
3.551847076416015625e+01
3.486343383789062500e+01
3.500605773925781250e+01
3.634173965454101562e+01
3.629902648925781250e+01
3.607421112060546875e+01
3.573309707641601562e+01
3.563819885253906250e+01
3.445514297485351562e+01
3.632362747192382812e+01
3.569435501098632812e+01
3.567616271972656250e+01
3.504344177246093750e+01
3.455154418945312500e+01
3.536558532714843750e+01
3.520373153686523438e+01
3.536700057983398438e+01
3.572922515869140625e+01
3.621606445312500000e+01
3.536364364624023438e+01
3.513153839111328125e+01
3.559930038452148438e+01
3.385094451904296875e+01
3.567901992797851562e+01
3.428970718383789062e+01
3.489042282104492188e+01
3.494936370849609375e+01
3.502940750122070312e+01
3.558187103271484375e+01
3.525545120239257812e+01
3.512273025512695312e+01
3.554227447509765625e+01
3.521130752563476562e+01
3.532930374145507812e+01
3.561049652099609375e+01
3.473537826538085938e+01
3.524721908569335938e+01
3.613638305664062500e+01
3.496454238891601562e+01
3.600026321411132812e+01
3.624597549438476562e+01
3.497389221191406250e+01
3.527999114990234375e+01
3.643306732177734375e+01
3.551746749877929688e+01
3.655698013305664062e+01
3.555021667480468750e+01
3.555295562744140625e+01
3.592174911499023438e+01
3.509212112426757812e+01
3.507215499877929688e+01
3.558252334594726562e+01
3.525892257690429688e+01
3.509914779663085938e+01
3.530713653564453125e+01
3.577899169921875000e+01
3.470592880249023438e+01
3.498202896118164062e+01
3.573518371582031250e+01
3.578671264648437500e+01
3.551222991943359375e+01
3.521847915649414062e+01
3.505596923828125000e+01
3.537326812744140625e+01
3.544102859497070312e+01
3.538162231445312500e+01
3.592707443237304688e+01
3.632548141479492188e+01
3.507933807373046875e+01
3.613497924804687500e+01
3.679509353637695312e+01
3.554472732543945312e+01
3.558311462402343750e+01
3.557774353027343750e+01
3.575244903564453125e+01
3.567655944824218750e+01
3.503875350952148438e+01
3.535943603515625000e+01
3.634332656860351562e+01
3.557340621948242188e+01
3.546114349365234375e+01
3.539463043212890625e+01
3.570300674438476562e+01
3.606804656982421875e+01
3.526928329467773438e+01
3.561305999755859375e+01
3.532471847534179688e+01
3.496623992919921875e+01
3.487024307250976562e+01
3.553870391845703125e+01
3.537815475463867188e+01
3.537920379638671875e+01
3.535031509399414062e+01
3.574053955078125000e+01
3.514440155029296875e+01
3.549649429321289062e+01
3.502413177490234375e+01
3.541935348510742188e+01
3.572697067260742188e+01
3.550960159301757812e+01
3.483654022216796875e+01
3.600294113159179688e+01
3.565049743652343750e+01
3.520712661743164062e+01
3.473789978027343750e+01
3.568331909179687500e+01
3.596678161621093750e+01
3.633536529541015625e+01
3.560153961181640625e+01
3.549123764038085938e+01
3.565862274169921875e+01
3.531100082397460938e+01
3.576919555664062500e+01
3.590890121459960938e+01
3.544485855102539062e+01
3.591728973388671875e+01
3.565272140502929688e+01
3.626119613647460938e+01
3.530570983886718750e+01
3.582648086547851562e+01
3.523332214355468750e+01
3.563285827636718750e+01
3.527691650390625000e+01
3.532454299926757812e+01
3.562368774414062500e+01
3.583724975585937500e+01
3.450903320312500000e+01
3.618726730346679688e+01
3.587683486938476562e+01
3.541788864135742188e+01
3.542115020751953125e+01
3.559435272216796875e+01
3.597024536132812500e+01
3.444266128540039062e+01
3.532331085205078125e+01
3.607138442993164062e+01
3.605868148803710938e+01
3.530003356933593750e+01
3.563603591918945312e+01
3.566888046264648438e+01
3.514722061157226562e+01
3.585438156127929688e+01
3.533833694458007812e+01
3.587479782104492188e+01
3.588317108154296875e+01
3.482830810546875000e+01
3.570718383789062500e+01
3.607617568969726562e+01
3.441129684448242188e+01
3.590824890136718750e+01
3.585321807861328125e+01
3.571226882934570312e+01
3.527901077270507812e+01
3.616943740844726562e+01
3.508472442626953125e+01
3.490005111694335938e+01
3.610386276245117188e+01
3.582301330566406250e+01
3.610015869140625000e+01
3.472965621948242188e+01
3.666491699218750000e+01
3.616342544555664062e+01
3.527885055541992188e+01
3.534352493286132812e+01
3.541417694091796875e+01
3.482655715942382812e+01
3.499067306518554688e+01
3.586865615844726562e+01
3.559671783447265625e+01
3.450775909423828125e+01
3.507399749755859375e+01
3.557055664062500000e+01
3.535377883911132812e+01
3.589490509033203125e+01
3.475783920288085938e+01
3.571629714965820312e+01
3.526770782470703125e+01
3.593407058715820312e+01
3.550564956665039062e+01
3.544443893432617188e+01
3.545254516601562500e+01
3.528889465332031250e+01
3.567366027832031250e+01
3.559028244018554688e+01
3.498912048339843750e+01
3.572300720214843750e+01
3.538767623901367188e+01
3.595632934570312500e+01
3.576311492919921875e+01
3.623556900024414062e+01
3.487862396240234375e+01
3.586076354980468750e+01
3.571138000488281250e+01
3.495398712158203125e+01
3.591972732543945312e+01
3.546477890014648438e+01
3.520114517211914062e+01
3.505112457275390625e+01
3.596145248413085938e+01
3.533858871459960938e+01
3.584662628173828125e+01
3.546834945678710938e+01
3.508958053588867188e+01
3.601958084106445312e+01
3.465317916870117188e+01
3.496256256103515625e+01
3.528809356689453125e+01
3.602584838867187500e+01
3.571240615844726562e+01
3.638205718994140625e+01
3.525796127319335938e+01
3.486703872680664062e+01
3.511614227294921875e+01
3.535840225219726562e+01
3.550941085815429688e+01
3.535051727294921875e+01
3.544343185424804688e+01
3.504754638671875000e+01
3.579401397705078125e+01
3.473902893066406250e+01
3.498363113403320312e+01
3.534463119506835938e+01
3.562760162353515625e+01
3.553967666625976562e+01
3.483156204223632812e+01
3.494189834594726562e+01
3.575362396240234375e+01
3.619390869140625000e+01
3.556719589233398438e+01
3.534635925292968750e+01
3.585900878906250000e+01
3.548609161376953125e+01
3.574012756347656250e+01
3.524203872680664062e+01
3.661902236938476562e+01
3.588603973388671875e+01
3.545746994018554688e+01
3.574230575561523438e+01
3.558377456665039062e+01
3.505281829833984375e+01
3.512681961059570312e+01
3.448597335815429688e+01
3.505486679077148438e+01
3.640824127197265625e+01
3.600157928466796875e+01
3.565764999389648438e+01
3.546992111206054688e+01
3.573976135253906250e+01
3.526618957519531250e+01
3.554335021972656250e+01
3.583995437622070312e+01
3.488233947753906250e+01
3.641001129150390625e+01
3.520209503173828125e+01
3.522396087646484375e+01
3.572793579101562500e+01
3.597018051147460938e+01
3.500240325927734375e+01
3.598192596435546875e+01
3.532428359985351562e+01
3.487898635864257812e+01
3.644092559814453125e+01
3.545921325683593750e+01
