0.000000000000000000e+00
-9.995700683593750000e+02
-1.000537536621093750e+03
-1.000254455566406250e+03
-1.001043762207031250e+03
-1.000910156250000000e+03
-1.000918762207031250e+03
-1.000805969238281250e+03
-9.994101562500000000e+02
-1.000756103515625000e+03
-9.997653808593750000e+02
-9.995601196289062500e+02
-1.000019714355468750e+03
-9.999338989257812500e+02
-1.000131591796875000e+03
-9.998033447265625000e+02
-1.000524414062500000e+03
-1.000029968261718750e+03
-9.997180786132812500e+02
-1.000594360351562500e+03
-1.000713073730468750e+03
-1.000013732910156250e+03
-9.986342163085937500e+02
-9.996442871093750000e+02
-1.000088623046875000e+03
-1.000078369140625000e+03
-1.000526794433593750e+03
-9.988540039062500000e+02
-1.000001281738281250e+03
-1.000869689941406250e+03
-9.997925415039062500e+02
-9.997544555664062500e+02
-1.000821716308593750e+03
-9.996047973632812500e+02
-9.994792480468750000e+02
-9.997689208984375000e+02
-9.990527954101562500e+02
-1.000062072753906250e+03
-9.999759521484375000e+02
-9.996457519531250000e+02
-9.996799926757812500e+02
-1.000635681152343750e+03
-1.000480346679687500e+03
-9.993214111328125000e+02
-9.997832641601562500e+02
-1.000098815917968750e+03
-1.000334106445312500e+03
-9.992358398437500000e+02
-1.000236022949218750e+03
-9.995863037109375000e+02
-9.993337402343750000e+02
-9.989130859375000000e+02
-1.000362976074218750e+03
-1.000526794433593750e+03
-9.999671630859375000e+02
-1.000095458984375000e+03
-1.000363464355468750e+03
-9.994622802734375000e+02
-9.996871337890625000e+02
-9.998176269531250000e+02
-1.000780761718750000e+03
-9.995236206054687500e+02
-1.000376159667968750e+03
-9.999633789062500000e+02
-9.996493530273437500e+02
-1.000306335449218750e+03
-9.994064331054687500e+02
-1.000467285156250000e+03
-9.993818359375000000e+02
-9.992536621093750000e+02
-1.000102233886718750e+03
-1.000544860839843750e+03
-9.999190673828125000e+02
-1.000013427734375000e+03
-1.000429809570312500e+03
-9.998107299804687500e+02
-1.000479431152343750e+03
-9.999638671875000000e+02
-1.000178710937500000e+03
-1.000635009765625000e+03
-9.997390136718750000e+02
-9.994429321289062500e+02
-1.000570922851562500e+03
-1.000079833984375000e+03
-9.997074584960937500e+02
-9.991380615234375000e+02
-1.000863830566406250e+03
-1.000154846191406250e+03
-1.000286621093750000e+03
-1.000969726562500000e+03
-1.000479614257812500e+03
-1.000936218261718750e+03
-9.995051879882812500e+02
-9.987618408203125000e+02
-1.001134826660156250e+03
-9.997019653320312500e+02
-9.997647705078125000e+02
-9.998549804687500000e+02
-9.994828491210937500e+02
-9.992139892578125000e+02
-1.000000488281250000e+03
-1.000428710937500000e+03
-9.997368774414062500e+02
-9.995751342773437500e+02
-9.997507934570312500e+02
-1.000069335937500000e+03
-1.000915771484375000e+03
-9.993352050781250000e+02
-9.997520141601562500e+02
-9.993570556640625000e+02
-1.001048278808593750e+03
-9.996521606445312500e+02
-1.000591186523437500e+03
-9.994218139648437500e+02
-9.996176147460937500e+02
-9.997236938476562500e+02
-1.000206481933593750e+03
-1.000797546386718750e+03
-9.995862426757812500e+02
-1.000437561035156250e+03
-9.998272705078125000e+02
-1.000588745117187500e+03
-1.000452331542968750e+03
-9.996697998046875000e+02
-1.000142028808593750e+03
-1.000880065917968750e+03
-1.000146423339843750e+03
-1.000342407226562500e+03
-9.998992309570312500e+02
-9.998031005859375000e+02
-9.990993041992187500e+02
-1.001066040039062500e+03
-1.000776794433593750e+03
-9.999339599609375000e+02
-9.998808593750000000e+02
-9.998088378906250000e+02
-1.000253112792968750e+03
-1.000375183105468750e+03
-9.991047973632812500e+02
-1.000402404785156250e+03
-1.000270080566406250e+03
-1.000150268554687500e+03
-9.996351928710937500e+02
-9.995596923828125000e+02
-1.000843872070312500e+03
-9.999794311523437500e+02
-9.998363647460937500e+02
-1.000119201660156250e+03
-9.998383178710937500e+02
-1.000285156250000000e+03
-1.000090393066406250e+03
-1.000266052246093750e+03
-9.998374023437500000e+02
-9.994612426757812500e+02
-9.987728881835937500e+02
-1.000046936035156250e+03
-1.000813598632812500e+03
-1.000683776855468750e+03
-1.000026123046875000e+03
-9.996756591796875000e+02
-1.000302124023437500e+03
-1.000379760742187500e+03
-1.000371948242187500e+03
-1.000845214843750000e+03
-9.996191406250000000e+02
-9.995390625000000000e+02
-9.992873535156250000e+02
-9.995079956054687500e+02
-1.000833496093750000e+03
-9.998204345703125000e+02
-9.995676879882812500e+02
-9.999967041015625000e+02
-1.000066345214843750e+03
-9.995299682617187500e+02
-9.997631225585937500e+02
-9.990952148437500000e+02
-9.998822631835937500e+02
-9.996704101562500000e+02
-9.998403930664062500e+02
-9.996227416992187500e+02
-9.997352905273437500e+02
-1.000441772460937500e+03
-9.990978393554687500e+02
-9.995631103515625000e+02
-9.998871459960937500e+02
-1.000584716796875000e+03
-9.997576904296875000e+02
-9.992887573242187500e+02
-9.997386474609375000e+02
-1.000775634765625000e+03
-1.000580322265625000e+03
-9.999707641601562500e+02
-1.000653015136718750e+03
-1.000104858398437500e+03
-9.996113891601562500e+02
-9.996342773437500000e+02
-1.000199707031250000e+03
-1.000005554199218750e+03
-9.999141845703125000e+02
-1.001096008300781250e+03
-9.992116699218750000e+02
-9.996129760742187500e+02
-9.998250732421875000e+02
-1.000238525390625000e+03
-9.994994506835937500e+02
-1.000902404785156250e+03
-1.000077636718750000e+03
-1.000260925292968750e+03
-1.000690612792968750e+03
-9.992500000000000000e+02
-1.000540344238281250e+03
-9.988056640625000000e+02
-9.994139404296875000e+02
-1.000427978515625000e+03
-9.992713012695312500e+02
-1.000396545410156250e+03
-9.999299926757812500e+02
-9.998565063476562500e+02
-9.998926391601562500e+02
-9.989630126953125000e+02
-9.998518676757812500e+02
-1.001495666503906250e+03
-1.000045532226562500e+03
-1.001170593261718750e+03
-1.000274902343750000e+03
-1.000997131347656250e+03
-9.998766479492187500e+02
-1.000382751464843750e+03
-9.995952758789062500e+02
-1.000796447753906250e+03
-1.000216247558593750e+03
-1.000561523437500000e+03
-9.998747558593750000e+02
-1.000165405273437500e+03
-1.000146850585937500e+03
-1.000607666015625000e+03
-9.990298461914062500e+02
-9.998877563476562500e+02
-1.000351562500000000e+03
-1.000113403320312500e+03
-1.000588195800781250e+03
-1.000839599609375000e+03
-9.989149169921875000e+02
-9.995006713867187500e+02
-1.000607055664062500e+03
-9.999727172851562500e+02
-1.000246337890625000e+03
-9.997279663085937500e+02
-1.000228576660156250e+03
-9.997628173828125000e+02
-1.000543029785156250e+03
-9.997351074218750000e+02
-1.000094116210937500e+03
-9.999891357421875000e+02
-9.996577148437500000e+02
-1.000018493652343750e+03
-1.000011596679687500e+03
-1.000561218261718750e+03
-1.000041381835937500e+03
-9.996300048828125000e+02
-1.000382812500000000e+03
-1.000441345214843750e+03
-9.997402954101562500e+02
-9.996137695312500000e+02
-9.996976928710937500e+02
-1.000899169921875000e+03
-1.000387634277343750e+03
-1.000156433105468750e+03
-1.000026245117187500e+03
-9.997595825195312500e+02
-1.000263183593750000e+03
-1.000222778320312500e+03
-9.993828125000000000e+02
-1.000630920410156250e+03
-1.000227905273437500e+03
-1.000189086914062500e+03
-9.996621093750000000e+02
-1.000074890136718750e+03
-9.998422241210937500e+02
-1.000040527343750000e+03
-1.000560302734375000e+03
-9.995098876953125000e+02
-1.000427978515625000e+03
-1.000403991699218750e+03
-1.000467285156250000e+03
-1.000240356445312500e+03
-1.000045532226562500e+03
-1.000023437500000000e+03
-1.000100341796875000e+03
-9.994859619140625000e+02
-9.997196655273437500e+02
-1.000549743652343750e+03
-9.991524658203125000e+02
-9.995906982421875000e+02
-1.000198181152343750e+03
-9.998002929687500000e+02
-1.000426574707031250e+03
-1.000511169433593750e+03
-1.000765502929687500e+03
-9.998393554687500000e+02
-9.994006347656250000e+02
-1.000361633300781250e+03
-1.000153625488281250e+03
-9.997984619140625000e+02
-1.000078491210937500e+03
-9.994548339843750000e+02
-9.993582763671875000e+02
-9.999129638671875000e+02
-9.995947875976562500e+02
-1.000052978515625000e+03
-9.994468383789062500e+02
-9.997999877929687500e+02
-1.000386596679687500e+03
-9.987383422851562500e+02
-1.000444458007812500e+03
-1.000272277832031250e+03
-9.996821899414062500e+02
-9.999344482421875000e+02
-9.998271484375000000e+02
-1.000961181640625000e+03
-1.000851745605468750e+03
-9.997501831054687500e+02
-1.000562011718750000e+03
-1.001005004882812500e+03
-1.000977478027343750e+03
-9.998749389648437500e+02
-1.000253112792968750e+03
-9.994323730468750000e+02
-9.998608398437500000e+02
-1.001274108886718750e+03
-9.992965698242187500e+02
-9.993059692382812500e+02
-9.995371704101562500e+02
-9.997257080078125000e+02
-1.000948486328125000e+03
-1.000825866699218750e+03
-9.994010009765625000e+02
-1.000245544433593750e+03
-1.000836303710937500e+03
-1.000684082031250000e+03
-9.992949218750000000e+02
-1.001684997558593750e+03
-1.000472473144531250e+03
-9.999060668945312500e+02
-1.000358520507812500e+03
-9.998363037109375000e+02
-9.992478637695312500e+02
-9.998170776367187500e+02
-1.000824218750000000e+03
-9.993798217773437500e+02
-9.997720947265625000e+02
-9.999795532226562500e+02
-1.000260192871093750e+03
-9.997935180664062500e+02
-9.995846557617187500e+02
-9.995757446289062500e+02
-9.999477539062500000e+02
-1.001004394531250000e+03
-1.000309875488281250e+03
-1.000784484863281250e+03
-1.000344055175781250e+03
-1.000264892578125000e+03
-9.996100463867187500e+02
-9.997380371093750000e+02
-9.999002685546875000e+02
-9.990955810546875000e+02
-1.000409545898437500e+03
-9.995696411132812500e+02
-9.995779418945312500e+02
-1.000433959960937500e+03
-1.000193298339843750e+03
-9.997057495117187500e+02
-1.000647583007812500e+03
-9.994928588867187500e+02
-1.000105224609375000e+03
-9.990734863281250000e+02
-1.000283996582031250e+03
-1.000191345214843750e+03
-1.000501892089843750e+03
-1.000074340820312500e+03
-1.000421569824218750e+03
-1.000207946777343750e+03
-9.988132324218750000e+02
-1.000083068847656250e+03
-9.999163208007812500e+02
-1.000445373535156250e+03
-1.000227416992187500e+03
-9.995588378906250000e+02
-9.995371704101562500e+02
-1.000375488281250000e+03
-1.000537109375000000e+03
-9.998075561523437500e+02
-9.999049682617187500e+02
-9.999523315429687500e+02
-1.000845092773437500e+03
-1.000326965332031250e+03
-1.001101867675781250e+03
-1.000356689453125000e+03
-1.000026000976562500e+03
-1.000059814453125000e+03
-9.992063598632812500e+02
-9.992577514648437500e+02
-9.999581298828125000e+02
-1.000209960937500000e+03
-1.000539550781250000e+03
-1.000156677246093750e+03
-9.998176879882812500e+02
-9.992279663085937500e+02
-1.000398498535156250e+03
-1.001056884765625000e+03
-9.995195312500000000e+02
-9.999040527343750000e+02
-1.000478210449218750e+03
-9.999992065429687500e+02
-1.000027282714843750e+03
-9.997565917968750000e+02
-9.998705444335937500e+02
-9.991237182617187500e+02
-1.000133178710937500e+03
-9.994757690429687500e+02
-9.999806518554687500e+02
-9.991040039062500000e+02
-1.000446533203125000e+03
-9.986359252929687500e+02
-9.996828002929687500e+02
-1.000194946289062500e+03
-9.994408569335937500e+02
-1.000804748535156250e+03
-1.000977600097656250e+03
-9.996242065429687500e+02
-9.997924194335937500e+02
-1.000249816894531250e+03
-9.996450805664062500e+02
-1.000299377441406250e+03
-1.000082519531250000e+03
-9.996627197265625000e+02
-1.000030090332031250e+03
-9.999803466796875000e+02
-1.000141235351562500e+03
-1.000003112792968750e+03
-1.000396606445312500e+03
-9.997955932617187500e+02
-1.000654541015625000e+03
-9.999046630859375000e+02
-1.000476257324218750e+03
-1.000162353515625000e+03
-9.999084472656250000e+02
-9.997033691406250000e+02
-1.000312988281250000e+03
-1.000036254882812500e+03
-9.995773315429687500e+02
-1.000068237304687500e+03
-1.000825195312500000e+03
-1.000749572753906250e+03
-9.997762451171875000e+02
-9.995596923828125000e+02
-9.997858276367187500e+02
-9.993791503906250000e+02
-1.000031799316406250e+03
-1.000122741699218750e+03
-1.000325744628906250e+03
-9.998764038085937500e+02
-1.000414001464843750e+03
-9.995056762695312500e+02
-1.000248229980468750e+03
-9.992219848632812500e+02
-1.000342651367187500e+03
-9.991885375976562500e+02
-1.000140319824218750e+03
-9.996016845703125000e+02
-9.990006713867187500e+02
-1.000108337402343750e+03
-1.000335632324218750e+03
-1.000511840820312500e+03
-1.000996704101562500e+03
-9.998966674804687500e+02
-9.997113037109375000e+02
-1.000291198730468750e+03
-9.995072021484375000e+02
-9.991353759765625000e+02
-9.998046264648437500e+02
-9.997568969726562500e+02
-1.000332946777343750e+03
-9.999302368164062500e+02
-1.000135437011718750e+03
-1.000671875000000000e+03
-1.000282043457031250e+03
-9.999623413085937500e+02
-9.992797241210937500e+02
-1.000118774414062500e+03
-9.992998046875000000e+02
-9.999392089843750000e+02
-9.992437744140625000e+02
-9.994559936523437500e+02
-1.000885253906250000e+03
-9.996965332031250000e+02
-1.000736877441406250e+03
-1.000078552246093750e+03
-9.995817260742187500e+02
-9.995510253906250000e+02
-9.992890014648437500e+02
-9.996689453125000000e+02
-9.993790893554687500e+02
-1.000045959472656250e+03
-1.000380493164062500e+03
-9.999927368164062500e+02
-9.990488891601562500e+02
-9.997186279296875000e+02
-1.000004211425781250e+03
-1.001117736816406250e+03
-9.988815917968750000e+02
-1.000267456054687500e+03
-1.000334655761718750e+03
-9.995794067382812500e+02
-1.000000000000000000e+03
-9.992661743164062500e+02
-9.996530761718750000e+02
-9.999479980468750000e+02
-1.000015380859375000e+03
-9.989200439453125000e+02
-9.990590209960937500e+02
-1.000059448242187500e+03
-1.000321228027343750e+03
-9.999906005859375000e+02
-9.998531494140625000e+02
-1.000314758300781250e+03
-9.997592773437500000e+02
-1.000051086425781250e+03
-9.993765258789062500e+02
-9.991539916992187500e+02
-9.995910034179687500e+02
-1.001129333496093750e+03
-9.987919921875000000e+02
-9.995734252929687500e+02
-9.995664672851562500e+02
-9.998754272460937500e+02
-1.000578979492187500e+03
-1.000559509277343750e+03
-9.997119140625000000e+02
-9.995472412109375000e+02
-9.990567016601562500e+02
-9.990565185546875000e+02
-1.000022460937500000e+03
-9.999491577148437500e+02
-9.992799072265625000e+02
-9.992814331054687500e+02
-9.997102661132812500e+02
-9.996365966796875000e+02
-9.998642578125000000e+02
-9.995907592773437500e+02
-1.000622863769531250e+03
-9.998026123046875000e+02
-1.000497192382812500e+03
-1.000359069824218750e+03
-1.001673950195312500e+03
-1.000305236816406250e+03
-1.000412536621093750e+03
-9.999348754882812500e+02
-1.000434143066406250e+03
-9.998804931640625000e+02
-9.997614746093750000e+02
-9.997131958007812500e+02
-1.000516784667968750e+03
-1.000009887695312500e+03
-1.000462158203125000e+03
-9.998099365234375000e+02
-9.990880737304687500e+02
-1.000028198242187500e+03
-1.000080261230468750e+03
-1.000851196289062500e+03
-9.999915771484375000e+02
-9.992113647460937500e+02
-1.000124755859375000e+03
-1.000436157226562500e+03
-9.992594604492187500e+02
-1.000153259277343750e+03
-1.000754577636718750e+03
-1.000054016113281250e+03
-1.000331176757812500e+03
-9.989421386718750000e+02
-9.991161499023437500e+02
-1.000372131347656250e+03
-1.000113098144531250e+03
-1.000293518066406250e+03
-9.995092773437500000e+02
-1.000328308105468750e+03
-9.999289550781250000e+02
-1.000282165527343750e+03
-9.999793090820312500e+02
-9.998671875000000000e+02
-9.999170532226562500e+02
-9.997053833007812500e+02
-9.998928222656250000e+02
-9.995512695312500000e+02
-1.000437866210937500e+03
-1.000439819335937500e+03
-9.999756469726562500e+02
-9.997125854492187500e+02
-1.000118347167968750e+03
-1.000223144531250000e+03
-9.992485961914062500e+02
-1.000517578125000000e+03
-9.996757202148437500e+02
-1.000437927246093750e+03
-9.997746582031250000e+02
-1.000855163574218750e+03
-1.000300964355468750e+03
-9.996033325195312500e+02
-9.994822998046875000e+02
-1.000051025390625000e+03
-1.000337402343750000e+03
-1.001093627929687500e+03
-1.000258117675781250e+03
-1.000106262207031250e+03
-9.999498291015625000e+02
-1.000002990722656250e+03
-9.992366943359375000e+02
-9.999078979492187500e+02
-9.992670288085937500e+02
-9.987534179687500000e+02
-1.000375610351562500e+03
-9.992656250000000000e+02
-9.996118164062500000e+02
-1.000004699707031250e+03
-1.000757812500000000e+03
-1.001068359375000000e+03
-1.000943786621093750e+03
-1.000503662109375000e+03
-9.989063110351562500e+02
-1.000589050292968750e+03
-1.000210693359375000e+03
-1.000240234375000000e+03
-9.997471313476562500e+02
-1.000611450195312500e+03
-9.994190673828125000e+02
-1.000749694824218750e+03
-9.991180419921875000e+02
-1.000575134277343750e+03
-9.999363403320312500e+02
-1.000700195312500000e+03
-9.998302612304687500e+02
-9.996685180664062500e+02
-1.000222534179687500e+03
-9.999815673828125000e+02
-1.000171203613281250e+03
-1.000208312988281250e+03
-9.999832153320312500e+02
-9.992443237304687500e+02
-1.000773315429687500e+03
-1.000322998046875000e+03
-9.997115478515625000e+02
-9.993519287109375000e+02
-9.989793701171875000e+02
-9.996253051757812500e+02
-1.000696472167968750e+03
-9.999271240234375000e+02
-1.000104431152343750e+03
-1.000048828125000000e+03
-1.000455444335937500e+03
-9.991061401367187500e+02
-9.993834838867187500e+02
-9.997508544921875000e+02
-9.994133911132812500e+02
-9.998647460937500000e+02
-9.989338378906250000e+02
-1.000368408203125000e+03
-9.998933715820312500e+02
-9.992352294921875000e+02
-9.998818359375000000e+02
-9.986719970703125000e+02
-1.000275329589843750e+03
-9.996514892578125000e+02
-9.999896850585937500e+02
-9.993092651367187500e+02
-9.999028320312500000e+02
-9.993082275390625000e+02
-9.995724487304687500e+02
-1.001031860351562500e+03
-9.999461669921875000e+02
-1.000269104003906250e+03
-1.000634643554687500e+03
-9.999849853515625000e+02
-9.999877319335937500e+02
-9.997509765625000000e+02
-9.995966796875000000e+02
-1.000247924804687500e+03
-1.001107666015625000e+03
-9.997286376953125000e+02
-1.000631774902343750e+03
-9.987002563476562500e+02
-9.990022583007812500e+02
-1.000888977050781250e+03
-9.996851196289062500e+02
-1.000225769042968750e+03
-9.996184692382812500e+02
-1.000435729980468750e+03
-1.000864013671875000e+03
-9.996284790039062500e+02
-9.994404296875000000e+02
-1.001252441406250000e+03
-1.000494995117187500e+03
-9.998891601562500000e+02
-9.995260009765625000e+02
-9.991229858398437500e+02
-9.999970092773437500e+02
-1.000504272460937500e+03
-9.992180175781250000e+02
-9.997681274414062500e+02
-1.000126708984375000e+03
-9.992426757812500000e+02
-1.000656188964843750e+03
-9.997846679687500000e+02
-9.995173339843750000e+02
-1.001098022460937500e+03
-9.998761596679687500e+02
-1.000016662597656250e+03
-9.994551391601562500e+02
-9.996575927734375000e+02
-1.000492126464843750e+03
-1.000453918457031250e+03
-9.995112304687500000e+02
-9.995027465820312500e+02
-9.990607910156250000e+02
-1.000057861328125000e+03
-9.991603393554687500e+02
-1.000091552734375000e+03
-1.000480102539062500e+03
-9.996990966796875000e+02
-1.000243408203125000e+03
-1.000748352050781250e+03
-1.000144531250000000e+03
-1.000269165039062500e+03
-1.000013061523437500e+03
-9.993792114257812500e+02
-9.999061279296875000e+02
-1.000360107421875000e+03
-1.000431396484375000e+03
-9.996713256835937500e+02
-9.999100341796875000e+02
-1.000111694335937500e+03
-1.000127136230468750e+03
-9.988690795898437500e+02
-1.000052734375000000e+03
-1.000477111816406250e+03
-1.001030517578125000e+03
-9.995657958984375000e+02
-1.000291809082031250e+03
-1.000064758300781250e+03
-1.000310852050781250e+03
-9.997593383789062500e+02
-1.000273132324218750e+03
-1.000033630371093750e+03
-1.000307861328125000e+03
-9.998956909179687500e+02
-1.001000183105468750e+03
-1.001376892089843750e+03
-1.000687622070312500e+03
-1.000536132812500000e+03
-1.000736022949218750e+03
-1.000904602050781250e+03
-9.996666259765625000e+02
-1.000161926269531250e+03
-1.000532043457031250e+03
-9.997910156250000000e+02
-1.000065734863281250e+03
-1.000727539062500000e+03
-9.997816162109375000e+02
-9.999768066406250000e+02
-1.000174621582031250e+03
-1.000128601074218750e+03
-1.000329040527343750e+03
-1.000137145996093750e+03
-9.998636474609375000e+02
-9.998209838867187500e+02
-1.000580810546875000e+03
-1.000175537109375000e+03
-1.000194824218750000e+03
-9.990009765625000000e+02
-1.000195373535156250e+03
-1.000179809570312500e+03
-9.993041992187500000e+02
-9.992752075195312500e+02
-9.997770996093750000e+02
-1.000572448730468750e+03
-9.997693481445312500e+02
-1.000355407714843750e+03
-1.000007263183593750e+03
-9.998082885742187500e+02
-9.991814575195312500e+02
-9.996942138671875000e+02
-1.000439392089843750e+03
-9.999764404296875000e+02
-9.996234741210937500e+02
-9.990661621093750000e+02
-9.999692993164062500e+02
-9.997112426757812500e+02
-9.996767578125000000e+02
-1.000524780273437500e+03
-1.000205078125000000e+03
-1.000030029296875000e+03
-1.000247741699218750e+03
-9.994937744140625000e+02
-1.000230773925781250e+03
-9.999498901367187500e+02
-9.993328247070312500e+02
-9.996327514648437500e+02
-9.999766235351562500e+02
-1.000651977539062500e+03
-1.000387390136718750e+03
-1.000157470703125000e+03
-1.000927429199218750e+03
-1.000828369140625000e+03
-1.000266662597656250e+03
-1.000066894531250000e+03
-9.995797119140625000e+02
-9.989897460937500000e+02
-9.996392822265625000e+02
-1.000530639648437500e+03
-1.000067382812500000e+03
-1.001280517578125000e+03
-1.001167358398437500e+03
-9.994448852539062500e+02
-9.997877807617187500e+02
-9.995189819335937500e+02
-1.000205200195312500e+03
-1.000018066406250000e+03
-1.000350219726562500e+03
-1.001377075195312500e+03
-9.997952270507812500e+02
-1.000083190917968750e+03
-9.998682250976562500e+02
-9.992988891601562500e+02
-1.000386901855468750e+03
-1.000106689453125000e+03
-9.992189331054687500e+02
-9.996612548828125000e+02
-9.991566162109375000e+02
-9.995359497070312500e+02
-1.000226318359375000e+03
-9.996943969726562500e+02
-9.992891235351562500e+02
-9.997774658203125000e+02
-1.000327392578125000e+03
-9.996633911132812500e+02
-1.000114501953125000e+03
-9.997264404296875000e+02
-9.992205200195312500e+02
-1.000758300781250000e+03
-1.000079101562500000e+03
-1.000031188964843750e+03
-1.000414978027343750e+03
-1.000036499023437500e+03
-9.999475708007812500e+02
-9.995427246093750000e+02
-9.992471313476562500e+02
-9.994583740234375000e+02
-9.994337768554687500e+02
-1.000032043457031250e+03
-1.000673828125000000e+03
-1.000221679687500000e+03
-1.000139831542968750e+03
-9.990984497070312500e+02
-9.996062011718750000e+02
-9.995959472656250000e+02
-9.998928833007812500e+02
-9.994479980468750000e+02
-9.995406494140625000e+02
-9.993964233398437500e+02
-1.000306945800781250e+03
-9.997510986328125000e+02
-1.000172485351562500e+03
-9.993986816406250000e+02
-1.000757812500000000e+03
-1.000111938476562500e+03
-1.000304626464843750e+03
-9.995454711914062500e+02
-9.995934448242187500e+02
-9.998543090820312500e+02
-1.000569641113281250e+03
-1.000161987304687500e+03
-1.000090209960937500e+03
-1.000116394042968750e+03
-9.995749511718750000e+02
-1.000513061523437500e+03
-9.993367309570312500e+02
-9.999154052734375000e+02
-9.995653076171875000e+02
-9.995065307617187500e+02
-1.000386413574218750e+03
-1.000324096679687500e+03
-9.997401123046875000e+02
-9.997139282226562500e+02
-9.995029907226562500e+02
-1.000317382812500000e+03
-1.000636779785156250e+03
-1.000051086425781250e+03
-1.000181579589843750e+03
-9.990639038085937500e+02
-1.000872863769531250e+03
-1.000384216308593750e+03
-9.998035888671875000e+02
-1.000046020507812500e+03
-1.000993774414062500e+03
-9.994702148437500000e+02
-1.000528503417968750e+03
-1.000265686035156250e+03
-9.998461914062500000e+02
-9.996682128906250000e+02
-1.000197998046875000e+03
-9.991396484375000000e+02
-9.998846435546875000e+02
-9.999602661132812500e+02
-1.000270874023437500e+03
-9.991033935546875000e+02
-1.000472229003906250e+03
-9.999744262695312500e+02
-9.999801025390625000e+02
-9.994861450195312500e+02
-1.000308471679687500e+03
-1.000032043457031250e+03
-9.998630981445312500e+02
-1.000300537109375000e+03
-9.999468383789062500e+02
-9.997557373046875000e+02
-1.000651062011718750e+03
-1.000191711425781250e+03
-9.999498901367187500e+02
-1.000442443847656250e+03
-9.995603027343750000e+02
-9.995158081054687500e+02
-1.000091796875000000e+03
-1.000516479492187500e+03
-1.000309692382812500e+03
-1.000107238769531250e+03
-1.000777770996093750e+03
-1.000770507812500000e+03
-9.997539672851562500e+02
-9.998391723632812500e+02
-1.000625244140625000e+03
-9.999490356445312500e+02
-1.000537902832031250e+03
-9.997291870117187500e+02
-9.997606201171875000e+02
-1.000147460937500000e+03
-9.999454956054687500e+02
-1.000124877929687500e+03
-1.000986267089843750e+03
-9.995674438476562500e+02
-1.000572021484375000e+03
-9.997020874023437500e+02
-9.995926513671875000e+02
-9.989967651367187500e+02
-9.996686401367187500e+02
-1.000745300292968750e+03
-9.996740722656250000e+02
-9.993159790039062500e+02
-9.990298461914062500e+02
-1.000533264160156250e+03
-9.994070434570312500e+02
-9.990870971679687500e+02
-9.996847534179687500e+02
-1.000495605468750000e+03
-9.990628051757812500e+02
-9.997098999023437500e+02
-1.000295349121093750e+03
-1.000339965820312500e+03
-1.000303466796875000e+03
-1.000234497070312500e+03
-1.000130798339843750e+03
-9.994730834960937500e+02
-1.000241516113281250e+03
-9.992814941406250000e+02
-9.996129150390625000e+02
-9.992963256835937500e+02
-9.994827880859375000e+02
-9.991844482421875000e+02
-1.000428833007812500e+03
-9.993218383789062500e+02
-1.001129272460937500e+03
-9.992982177734375000e+02
-1.000099548339843750e+03
-1.000082458496093750e+03
-9.998201293945312500e+02
-9.997608032226562500e+02
-1.000061401367187500e+03
-1.000724304199218750e+03
-9.999082031250000000e+02
-9.988237915039062500e+02
-1.000440979003906250e+03
-9.993724365234375000e+02
-1.000780395507812500e+03
-9.998954467773437500e+02
-9.992891845703125000e+02
-9.996226806640625000e+02
-1.000615051269531250e+03
-9.999583129882812500e+02
-9.998768920898437500e+02
-1.000355712890625000e+03
-1.000278991699218750e+03
-9.989692382812500000e+02
-9.994730834960937500e+02
-1.000275756835937500e+03
-1.000503356933593750e+03
-1.000595458984375000e+03
-9.989348754882812500e+02
-9.997864379882812500e+02
-9.996239013671875000e+02
-1.000391479492187500e+03
-1.000188110351562500e+03
-9.998596191406250000e+02
-1.000657043457031250e+03
-9.997744140625000000e+02
-9.998640747070312500e+02
-9.995525512695312500e+02
-1.000089965820312500e+03
-1.000454956054687500e+03
-1.000381713867187500e+03
-1.000559509277343750e+03
-1.000028686523437500e+03
-9.998281250000000000e+02
-9.999850463867187500e+02
-1.000518005371093750e+03
-1.000153991699218750e+03
-9.994254760742187500e+02
-9.994709472656250000e+02
-9.989678344726562500e+02
-1.000040527343750000e+03
-1.000446044921875000e+03
-9.997333374023437500e+02
-1.000474487304687500e+03
-1.000823425292968750e+03
-9.990474853515625000e+02
-9.997632446289062500e+02
-9.997502441406250000e+02
-9.990131835937500000e+02
-9.999301147460937500e+02
-9.990579223632812500e+02
-9.998505859375000000e+02
-1.000430908203125000e+03
-9.999151000976562500e+02
-9.998692626953125000e+02
-1.000013854980468750e+03
-9.991176147460937500e+02
-9.997519531250000000e+02
-1.000185485839843750e+03
-1.000134277343750000e+03
-9.996359252929687500e+02
-9.997524414062500000e+02
-9.996645507812500000e+02
-9.995110473632812500e+02
-1.000162170410156250e+03
-9.996050415039062500e+02
-9.996685791015625000e+02
-1.000319274902343750e+03
-9.997534790039062500e+02
-9.996802368164062500e+02
-1.000031616210937500e+03
-9.996365966796875000e+02
-9.998960571289062500e+02
-1.000238403320312500e+03
-1.000934326171875000e+03
-9.995031127929687500e+02
-1.000654663085937500e+03
-9.996632080078125000e+02
-9.999629516601562500e+02
-1.000530029296875000e+03
-1.000431457519531250e+03
-1.000992919921875000e+03
-1.000328430175781250e+03
-9.993355102539062500e+02
-1.000039794921875000e+03
-9.997849121093750000e+02
-1.000837768554687500e+03
-1.000407470703125000e+03
-1.000721618652343750e+03
-9.996077880859375000e+02
-1.000581481933593750e+03
-1.000517211914062500e+03
-1.000111877441406250e+03
-1.000132385253906250e+03
-1.000206054687500000e+03
-9.995846557617187500e+02
-9.999515991210937500e+02
-9.999043579101562500e+02
-1.000089660644531250e+03
-1.000191467285156250e+03
-1.000164489746093750e+03
-9.996611328125000000e+02
-1.000512878417968750e+03
-1.000247985839843750e+03
-1.000021911621093750e+03
-9.996330566406250000e+02
-1.000173706054687500e+03
-1.000759277343750000e+03
-9.995116577148437500e+02
-9.989780273437500000e+02
-1.001255920410156250e+03
-1.000373596191406250e+03
-1.000092224121093750e+03
-9.994415893554687500e+02
-1.000022399902343750e+03
-1.000353881835937500e+03
-1.000016113281250000e+03
-9.997733154296875000e+02
-9.998218383789062500e+02
-9.997697753906250000e+02
-1.000494812011718750e+03
-9.999442749023437500e+02
-1.000225036621093750e+03
-1.000720520019531250e+03
-1.000162719726562500e+03
-9.999622192382812500e+02
-1.000324157714843750e+03
-1.000669921875000000e+03
-9.995454101562500000e+02
-9.999505004882812500e+02
-1.000806396484375000e+03
-9.998629760742187500e+02
-1.000623168945312500e+03
-9.998373413085937500e+02
-9.998668823242187500e+02
-9.993382568359375000e+02
-9.987072753906250000e+02
-9.999620361328125000e+02
-9.996148681640625000e+02
-9.998059692382812500e+02
-9.999116821289062500e+02
-9.999144287109375000e+02
-1.000455261230468750e+03
-9.999403076171875000e+02
-9.993267822265625000e+02
-9.999071044921875000e+02
-1.000429199218750000e+03
-1.001105468750000000e+03
-1.000690429687500000e+03
-9.996375732421875000e+02
-9.995656738281250000e+02
-9.995369873046875000e+02
-9.999696655273437500e+02
-1.000302612304687500e+03
-9.997978515625000000e+02
-9.998253173828125000e+02
-1.000997192382812500e+03
-1.000077453613281250e+03
-9.989281616210937500e+02
-1.000422668457031250e+03
-9.996740722656250000e+02
-1.000923706054687500e+03
-9.993987426757812500e+02
-1.000500610351562500e+03
-1.000100158691406250e+03
-1.000574951171875000e+03
-1.000263061523437500e+03
-1.000193420410156250e+03
-9.994757080078125000e+02
-9.995867919921875000e+02
-9.995537719726562500e+02
-1.000045837402343750e+03
-1.000390380859375000e+03
-9.994213867187500000e+02
-9.995791015625000000e+02
-9.995090332031250000e+02
-9.994625244140625000e+02
-9.986412353515625000e+02
-1.000045837402343750e+03
-9.998801269531250000e+02
-1.000799194335937500e+03
-1.000677246093750000e+03
-9.990661621093750000e+02
-1.000119140625000000e+03
-9.998140258789062500e+02
-1.000897033691406250e+03
-9.994859619140625000e+02
-9.999634399414062500e+02
-1.000224365234375000e+03
-9.996605224609375000e+02
-1.000401367187500000e+03
-1.000319274902343750e+03
-1.000118041992187500e+03
-9.999203491210937500e+02
-9.993278808593750000e+02
-1.000242797851562500e+03
-9.994847412109375000e+02
-9.996712036132812500e+02
-9.998391723632812500e+02
-9.992384033203125000e+02
-1.000341857910156250e+03
-1.000551269531250000e+03
-9.999386596679687500e+02
-9.995220947265625000e+02
-9.999352416992187500e+02
-9.986775512695312500e+02
-9.997628784179687500e+02
-1.000288940429687500e+03
-9.998369750976562500e+02
-1.000220214843750000e+03
-9.995095825195312500e+02
-1.000046508789062500e+03
-9.998937988281250000e+02
-1.000066040039062500e+03
-9.998582153320312500e+02
-9.998439331054687500e+02
-9.996939697265625000e+02
-1.000424072265625000e+03
-1.000797851562500000e+03
-9.997582397460937500e+02
-9.999979858398437500e+02
-1.000012023925781250e+03
-9.996313476562500000e+02
-1.000518249511718750e+03
-9.994938964843750000e+02
-9.994732666015625000e+02
-9.998914794921875000e+02
-9.992760620117187500e+02
-9.996615600585937500e+02
-1.000452636718750000e+03
-9.993317871093750000e+02
-9.998399658203125000e+02
-1.000383666992187500e+03
-9.996483764648437500e+02
-1.000239624023437500e+03
-1.000007873535156250e+03
-1.000868530273437500e+03
-1.000124572753906250e+03
-9.994153442382812500e+02
-9.999291992187500000e+02
-1.000091003417968750e+03
-1.000269897460937500e+03
-1.000192382812500000e+03
-1.000073791503906250e+03
-9.997496948242187500e+02
-9.999512329101562500e+02
-1.000333496093750000e+03
-1.000442260742187500e+03
-9.995520629882812500e+02
-9.993294677734375000e+02
-9.998014526367187500e+02
-9.991504516601562500e+02
-9.999840698242187500e+02
-1.000243652343750000e+03
-1.000494506835937500e+03
-1.000895324707031250e+03
-9.994801025390625000e+02
-9.998378906250000000e+02
-1.000374145507812500e+03
-1.000615539550781250e+03
-9.999340209960937500e+02
-1.000450683593750000e+03
-1.000195922851562500e+03
-9.989426269531250000e+02
-9.995458984375000000e+02
-9.996842651367187500e+02
-9.997763061523437500e+02
-1.000389404296875000e+03
-9.993427734375000000e+02
-1.000179687500000000e+03
-9.999992675781250000e+02
-1.000228210449218750e+03
-9.999454345703125000e+02
-1.000625427246093750e+03
-9.993189697265625000e+02
-1.000152221679687500e+03
-1.000103881835937500e+03
-9.994577026367187500e+02
-1.000609252929687500e+03
-9.997006835937500000e+02
-9.993507690429687500e+02
-1.000228332519531250e+03
-1.000184143066406250e+03
-9.999242553710937500e+02
-9.988914794921875000e+02
-1.000123962402343750e+03
-9.999987792968750000e+02
-1.000867553710937500e+03
-1.000058105468750000e+03
-9.997798461914062500e+02
-9.999060058593750000e+02
-1.000685852050781250e+03
-1.000148193359375000e+03
-1.000608276367187500e+03
-1.000346008300781250e+03
-1.000426879882812500e+03
-9.998330078125000000e+02
-9.993513183593750000e+02
-9.996478881835937500e+02
-1.000622558593750000e+03
-1.000341857910156250e+03
-1.000226135253906250e+03
-9.994508666992187500e+02
-1.000270080566406250e+03
-1.000138366699218750e+03
-9.999827270507812500e+02
-9.995016479492187500e+02
-9.998563842773437500e+02
-1.000241088867187500e+03
-9.997481079101562500e+02
-1.001102172851562500e+03
-9.996065673828125000e+02
-9.999093627929687500e+02
-1.000254028320312500e+03
-9.996663818359375000e+02
-1.000828002929687500e+03
-1.000861206054687500e+03
-1.000080444335937500e+03
-1.000239196777343750e+03
-9.995941162109375000e+02
-1.000078430175781250e+03
-1.000130493164062500e+03
-1.000365661621093750e+03
-9.998067016601562500e+02
-9.998636474609375000e+02
-9.995731201171875000e+02
-1.000195556640625000e+03
-9.999431152343750000e+02
-9.990369873046875000e+02
-1.000123046875000000e+03
-9.990252075195312500e+02
-9.993789672851562500e+02
-1.000476257324218750e+03
-9.996298217773437500e+02
-9.993740234375000000e+02
-9.997537841796875000e+02
-9.996311035156250000e+02
-9.992263793945312500e+02
-1.000031738281250000e+03
-9.995747070312500000e+02
-1.000379577636718750e+03
-1.000517761230468750e+03
-1.001243713378906250e+03
-1.000056457519531250e+03
-9.996544799804687500e+02
-1.000511352539062500e+03
-9.997892456054687500e+02
-1.000168884277343750e+03
-9.997545776367187500e+02
-9.999111938476562500e+02
-1.000078308105468750e+03
-9.998333129882812500e+02
-9.990756225585937500e+02
-1.001042785644531250e+03
-9.992739868164062500e+02
-9.992534179687500000e+02
-9.997430419921875000e+02
-1.000268432617187500e+03
-1.000316284179687500e+03
-9.999721069335937500e+02
-1.000362182617187500e+03
-9.996274414062500000e+02
-1.000436645507812500e+03
-1.000083007812500000e+03
-9.998255615234375000e+02
-1.000107177734375000e+03
-1.000383666992187500e+03
-1.000415588378906250e+03
-9.996638793945312500e+02
-1.000063476562500000e+03
-9.994812622070312500e+02
-1.000507568359375000e+03
-9.996652221679687500e+02
-1.000293090820312500e+03
-1.000164978027343750e+03
-9.991658935546875000e+02
-9.998356933593750000e+02
-1.000408752441406250e+03
-1.001080261230468750e+03
-9.998454589843750000e+02
-9.998628540039062500e+02
-9.991312866210937500e+02
-1.000446472167968750e+03
-1.000228271484375000e+03
-9.992938842773437500e+02
-9.998803100585937500e+02
-1.000225463867187500e+03
-9.996696777343750000e+02
-9.999769897460937500e+02
-9.996470336914062500e+02
-1.000371826171875000e+03
-9.999854125976562500e+02
-9.996565551757812500e+02
-1.000131286621093750e+03
-9.998333740234375000e+02
-1.000151611328125000e+03
-9.999339599609375000e+02
-1.000349975585937500e+03
-9.999033813476562500e+02
-1.000345642089843750e+03
-1.000190551757812500e+03
-9.996553955078125000e+02
-9.996835937500000000e+02
-9.995455322265625000e+02
-1.000638183593750000e+03
-9.987767944335937500e+02
-9.994221801757812500e+02
-9.998487548828125000e+02
-9.994727783203125000e+02
-9.997930908203125000e+02
-1.000617370605468750e+03
-9.989641723632812500e+02
-1.000150390625000000e+03
-9.994003906250000000e+02
-9.996988525390625000e+02
-9.997824096679687500e+02
-9.993449096679687500e+02
-1.000213684082031250e+03
-9.998874511718750000e+02
-1.000086303710937500e+03
-9.994635620117187500e+02
-9.996972656250000000e+02
-9.996577148437500000e+02
-9.997550659179687500e+02
-1.000018127441406250e+03
-9.998889160156250000e+02
-9.992821655273437500e+02
-9.993784790039062500e+02
-9.992733764648437500e+02
-9.997034301757812500e+02
-1.000676940917968750e+03
-1.000214904785156250e+03
-9.994442749023437500e+02
-9.992196655273437500e+02
-9.997090454101562500e+02
-9.998833007812500000e+02
-9.991642456054687500e+02
-1.000654052734375000e+03
-9.999912719726562500e+02
-1.000323974609375000e+03
-9.997832031250000000e+02
-1.001070922851562500e+03
-1.000252075195312500e+03
-9.994741210937500000e+02
-9.999468383789062500e+02
-1.000449523925781250e+03
-9.996450805664062500e+02
-1.000817016601562500e+03
-1.000579895019531250e+03
-9.991325073242187500e+02
-9.996469116210937500e+02
-1.000014282226562500e+03
-9.999858398437500000e+02
-1.000603393554687500e+03
-1.000086242675781250e+03
-9.993155517578125000e+02
-9.995924072265625000e+02
-1.001134521484375000e+03
-9.990707397460937500e+02
-9.995371093750000000e+02
-1.000526245117187500e+03
-1.000162780761718750e+03
-1.000414916992187500e+03
-1.000040588378906250e+03
-1.000584777832031250e+03
-9.999049072265625000e+02
-9.995651245117187500e+02
-1.000391113281250000e+03
-1.000309509277343750e+03
-1.000006530761718750e+03
-9.991599121093750000e+02
-1.000332519531250000e+03
-1.001075256347656250e+03
-9.996422729492187500e+02
-9.996494750976562500e+02
-1.000107666015625000e+03
-1.000709838867187500e+03
-9.988574829101562500e+02
-1.000042053222656250e+03
-1.000686096191406250e+03
-1.000431030273437500e+03
-1.000585021972656250e+03
-1.000356567382812500e+03
-1.000226745605468750e+03
-1.000449157714843750e+03
-1.000652465820312500e+03
-9.995748291015625000e+02
-9.998249511718750000e+02
-9.993966674804687500e+02
-1.000351623535156250e+03
-9.998986816406250000e+02
-1.000087707519531250e+03
-1.000062438964843750e+03
-1.000083984375000000e+03
-9.999975585937500000e+02
-1.000155029296875000e+03
-1.000038696289062500e+03
-9.998179931640625000e+02
-1.000150451660156250e+03
-9.999152221679687500e+02
-1.000186645507812500e+03
-9.997613525390625000e+02
-1.000402221679687500e+03
-1.000487060546875000e+03
-1.000203979492187500e+03
-9.998119506835937500e+02
-9.997872314453125000e+02
-9.997344970703125000e+02
-9.999460449218750000e+02
-9.994388427734375000e+02
-1.000140747070312500e+03
-1.000051330566406250e+03
-1.000058166503906250e+03
-9.995657958984375000e+02
-9.998941040039062500e+02
-1.000635559082031250e+03
-1.001175231933593750e+03
-9.996643676757812500e+02
-9.998028564453125000e+02
-1.000150146484375000e+03
-1.000272216796875000e+03
-9.998509521484375000e+02
-1.000287902832031250e+03
-1.000212646484375000e+03
-1.000249877929687500e+03
-1.000897460937500000e+03
-1.001054321289062500e+03
-9.995835571289062500e+02
-1.000471435546875000e+03
-9.987465820312500000e+02
-9.995288085937500000e+02
-1.000069946289062500e+03
-1.000012695312500000e+03
-9.999455566406250000e+02
-1.000076965332031250e+03
-1.000681884765625000e+03
-9.984141235351562500e+02
-1.000448547363281250e+03
-9.996732788085937500e+02
-1.000103454589843750e+03
-9.997706909179687500e+02
-9.997953491210937500e+02
-1.000671936035156250e+03
-9.998466186523437500e+02
-1.000308044433593750e+03
-1.000400390625000000e+03
-9.997471313476562500e+02
-1.000395629882812500e+03
-1.000075988769531250e+03
-9.999009399414062500e+02
-9.989882812500000000e+02
-1.000349731445312500e+03
-1.001516601562500000e+03
-1.000021240234375000e+03
-1.000378784179687500e+03
-1.000678344726562500e+03
-1.000627807617187500e+03
-1.000543151855468750e+03
-9.989470825195312500e+02
-1.001367675781250000e+03
-1.000833007812500000e+03
-9.998343505859375000e+02
-1.000436523437500000e+03
-9.996806640625000000e+02
-1.000801208496093750e+03
-9.992933959960937500e+02
-9.999675903320312500e+02
-1.000326721191406250e+03
-9.993957519531250000e+02
-1.000005859375000000e+03
-1.000393188476562500e+03
-9.997346191406250000e+02
-9.995465698242187500e+02
-9.996619262695312500e+02
-9.994830322265625000e+02
-1.000992736816406250e+03
-1.000166381835937500e+03
-1.000384948730468750e+03
-9.990868530273437500e+02
-1.000242492675781250e+03
-9.998791503906250000e+02
-9.993270874023437500e+02
-9.997674560546875000e+02
-1.000505310058593750e+03
-1.000150268554687500e+03
-9.989429321289062500e+02
-9.998875732421875000e+02
-9.999351196289062500e+02
-9.996671142578125000e+02
-1.000204956054687500e+03
-9.993526611328125000e+02
-9.997344360351562500e+02
-1.000321105957031250e+03
-9.990462036132812500e+02
-9.999233398437500000e+02
-1.000074584960937500e+03
-1.000756530761718750e+03
-1.000031738281250000e+03
-9.992552490234375000e+02
-1.000006896972656250e+03
-1.000457092285156250e+03
-9.996776733398437500e+02
-9.995169067382812500e+02
-1.000630187988281250e+03
-9.998544921875000000e+02
-1.000362060546875000e+03
-1.000213439941406250e+03
-1.000398925781250000e+03
-9.997546386718750000e+02
-1.000200744628906250e+03
-1.000020812988281250e+03
-9.995641479492187500e+02
-1.000234924316406250e+03
-9.998460083007812500e+02
-9.997043457031250000e+02
-1.000196044921875000e+03
-1.000115173339843750e+03
-9.992090454101562500e+02
-9.995695800781250000e+02
-9.998934936523437500e+02
-9.991867675781250000e+02
-9.998210449218750000e+02
-1.000751892089843750e+03
-1.000426879882812500e+03
-9.986453857421875000e+02
-9.999810180664062500e+02
-9.999546508789062500e+02
-1.000588806152343750e+03
-9.995139770507812500e+02
-9.998277587890625000e+02
-1.000248535156250000e+03
-1.000610717773437500e+03
-9.997173461914062500e+02
-1.000217773437500000e+03
-9.988223266601562500e+02
-1.000135864257812500e+03
-1.001055358886718750e+03
-1.000379760742187500e+03
-9.994250488281250000e+02
-9.991654663085937500e+02
-1.000155090332031250e+03
-9.983060913085937500e+02
-9.994345703125000000e+02
-1.000502868652343750e+03
-1.001321044921875000e+03
-9.990302124023437500e+02
-9.997966308593750000e+02
-9.990865478515625000e+02
-9.997211914062500000e+02
-1.000449951171875000e+03
-9.998983154296875000e+02
-9.998510131835937500e+02
-9.994407348632812500e+02
-9.998441772460937500e+02
-1.000325134277343750e+03
-1.000273071289062500e+03
-9.999675903320312500e+02
-9.994367065429687500e+02
-9.997741088867187500e+02
-1.000230651855468750e+03
-9.998566894531250000e+02
-9.997240600585937500e+02
-9.999141845703125000e+02
-1.000378662109375000e+03
-9.995323486328125000e+02
-1.000816894531250000e+03
-9.995274658203125000e+02
-9.996258544921875000e+02
-1.000513366699218750e+03
-9.998373413085937500e+02
-9.994026489257812500e+02
-1.000776367187500000e+03
-1.000143432617187500e+03
-1.000329223632812500e+03
-1.000163146972656250e+03
-1.000637756347656250e+03
-1.000168334960937500e+03
-1.000891723632812500e+03
-9.995266723632812500e+02
-9.994564208984375000e+02
-1.000323730468750000e+03
-9.997150268554687500e+02
-1.000903808593750000e+03
-9.999977416992187500e+02
-9.995275268554687500e+02
-9.998833007812500000e+02
-9.994565429687500000e+02
-9.999875488281250000e+02
-1.000939514160156250e+03
-9.999717407226562500e+02
-9.994747924804687500e+02
-1.000111755371093750e+03
-1.000032104492187500e+03
-9.996527709960937500e+02
-9.998758544921875000e+02
